-2.401056141678985234e-02
-2.368629989588055818e-02
-2.331798622920913666e-02
-2.292127534227821062e-02
-2.250650218962153837e-02
-2.208056611741807118e-02
-2.164947760898501550e-02
-2.121731413623104134e-02
-2.078596146570037273e-02
-2.035674233830231383e-02
-1.993059387948703520e-02
-1.950818460851005964e-02
-1.908998689566893114e-02
-1.867633011487401795e-02
-1.826743390656715427e-02
-1.786343536211819349e-02
-1.746628494746277349e-02
-1.707739778077299597e-02
-1.669653378630786555e-02
-1.632346144875340688e-02
-1.595794357650083539e-02
-1.559973247768529914e-02
-1.524857943910615243e-02
-1.490423533963100566e-02
-1.456644235020655709e-02
-1.423493389521847396e-02
-1.391138460785751318e-02
-1.359700096748681086e-02
-1.329134175526980322e-02
-1.299399840727033517e-02
-1.270458475233565698e-02
-1.242274130919554520e-02
-1.214812693440713021e-02
-1.188041617572148378e-02
-1.161929786888157845e-02
-1.136447423882440411e-02
-1.111765174844758786e-02
-1.088007794844936260e-02
-1.065131766704045801e-02
-1.043098183361586273e-02
-1.021871365097622164e-02
-1.001418196806752592e-02
-9.817077100296459080e-03
-9.627107967092887741e-03
-9.444000069374305917e-03
-9.267494002974566158e-03
-9.099366128799052378e-03
-8.940936173999824987e-03
-8.791817768078233342e-03
-8.651662491902592511e-03
-8.520151063506398170e-03
-8.396987286557772157e-03
-8.281893987339999930e-03
-8.174610224641817857e-03
-8.074889318468975175e-03
-7.982497408945701811e-03
-7.899252089248479103e-03
-7.826506445802489109e-03
-7.763886952825829746e-03
-7.711049982381978918e-03
-7.667682134810172023e-03
-7.633494878811847295e-03
-7.608211105001580488e-03
-7.591567165349089041e-03
-7.583311431391834279e-03
-7.583203015890771503e-03
-7.593048347138003917e-03
-7.614179519347577529e-03
-7.646195170478958802e-03
-7.688726436554257915e-03
-7.741423774969266591e-03
-7.803961017844862624e-03
-7.876031712950024022e-03
-7.957336656067265368e-03
-8.047587129032640618e-03
-8.146504193505543778e-03
-8.255828323955133330e-03
-8.376810692271044467e-03
-8.508986412197702687e-03
-8.651928746301190687e-03
-8.805229755501839395e-03
-8.968499715816966034e-03
-9.141358043778691211e-03
-9.323443156385960440e-03
-9.514410266892592283e-03
-9.713918792037534722e-03
-9.923583532007757002e-03
-1.014453584783701900e-02
-1.037622817215221038e-02
-1.061811209946461609e-02
-1.086971925561475150e-02
-1.113058713660590449e-02
-1.140026233596844185e-02
-1.167831515682205001e-02
-1.196431398405477242e-02
-1.225784339047616966e-02
-1.256036758958439803e-02
-1.287285889750838797e-02
-1.319466327061487310e-02
-1.352518204908070842e-02
-1.386384482277548680e-02
-1.421010976533464143e-02
-1.456345723412999504e-02
-1.492338801332901421e-02
-1.528942309608240235e-02
-1.566110451856246588e-02
-1.603792526105181360e-02
-1.641938579652681141e-02
-1.680505233912552021e-02
-1.719452220799731756e-02
-1.758740860313395826e-02
-1.798335850694104954e-02
-1.838203215290332149e-02
-1.878310965299757884e-02
-1.918631218600189148e-02
-1.959137213777975561e-02
-1.999623373978305640e-02
-2.039933000075098979e-02
-2.080068791683981760e-02
-2.120032318344046429e-02
-2.159828500565531828e-02
-2.199462514043516725e-02
-2.238911375349708632e-02
-2.278188480601489596e-02
-2.317303821472797842e-02
-2.356209244607417042e-02
-2.394710398177994637e-02
-2.432692910588557522e-02
-2.470190479730929867e-02
-2.507235655426053728e-02
-2.543860244440342144e-02
-2.580095566431039877e-02
-2.615972599793091324e-02
-2.651522062096496601e-02
-2.686774453063861534e-02
-2.721760077419065754e-02
-2.756346893061215053e-02
-2.790444081618703720e-02
-2.824101224523491854e-02
-2.857366769560329423e-02
-2.890287974681672589e-02
-2.922910897019600357e-02
-2.955280396576366597e-02
-2.987440153405847981e-02
-3.019432696932278920e-02
-3.051299446011486449e-02
-3.082928934714073560e-02
-3.114246840070158950e-02
-3.145309227971675170e-02
-3.176170379220646933e-02
-3.206882717736889155e-02
-3.237496815209216922e-02
-3.268061430506709331e-02
-3.298623573844613327e-02
-3.329228588747655537e-02
-3.359920246936898280e-02
-3.390598968265831625e-02
-3.421198664106280679e-02
-3.451774373103370930e-02
-3.482379065116100736e-02
-3.513063588473609722e-02
-3.543876702951345714e-02
-3.574865153305182425e-02
-3.606073769487842806e-02
-3.637545819292418992e-02
-3.669322408786575979e-02
-3.701310829056334711e-02
-3.733448706266515732e-02
-3.765786195780215090e-02
-3.798370948834814409e-02
-3.831248572526971957e-02
-3.864462484829724043e-02
-3.898054026932653432e-02
-3.932062583588839116e-02
-3.966525715392624912e-02
-4.001479296692286858e-02
-4.036860434894769950e-02
-4.072630464508797399e-02
-4.108834437957366303e-02
-4.145512526929616415e-02
-4.182699987368242861e-02
-4.220429005346704870e-02
-4.258728765060083854e-02
-4.297625837421474582e-02
-4.337144464091526735e-02
-4.377306784110271409e-02
-4.418036933646653230e-02
-4.459280957850454696e-02
-4.501065253313700498e-02
-4.543410674955615514e-02
-4.586333471035167197e-02
-4.629846444625475982e-02
-4.673958232070597740e-02
-4.718674692138970228e-02
-4.763998808782297922e-02
-4.809930879024707645e-02
-4.856371852798010980e-02
-4.903241843059765598e-02
-4.950539697586361226e-02
5.579207465925600101e-02
5.596473035675125773e-02
5.610930606213778565e-02
5.622495062022579010e-02
5.631057167978763267e-02
5.636528570202400251e-02
5.639229082849009367e-02
5.639296263866491743e-02
5.636659788981154828e-02
5.631261208455440315e-02
5.623051482602870604e-02
5.611990091241268741e-02
5.598044996160096015e-02
5.581191956065904847e-02
5.561414469861654386e-02
5.538703760969478085e-02
5.513304776728213119e-02
5.485425234206346701e-02
5.455080793997206523e-02
5.422295385185726957e-02
5.387100547761126956e-02
5.349534916430478959e-02
5.309643796537898142e-02
5.267478788197361289e-02
5.223097431451791117e-02
5.176562856029919002e-02
5.128184011260539243e-02
5.078227371528953177e-02
5.026766708230574754e-02
4.973880389098402077e-02
4.919649519495467721e-02
4.864158568673727229e-02
4.807493343148379339e-02
4.749741537380911677e-02
4.690991754043507406e-02
4.631333113024362069e-02
4.571085284418357347e-02
4.510519461379145639e-02
4.449715805753286929e-02
4.388753835165166983e-02
4.327711691391410848e-02
4.266665589020510185e-02
4.205689404249116775e-02
4.144854363678679432e-02
4.084228807193685667e-02
4.023878007917285754e-02
3.964080961127305208e-02
3.905065850804118749e-02
3.846877019072311027e-02
3.789555761143688362e-02
3.733140907289947408e-02
3.677667090935750338e-02
3.623166191365209676e-02
3.569666053808866202e-02
3.517191079486202410e-02
3.465762246122512658e-02
3.415599106462176293e-02
3.366872167208815464e-02
3.319579778534641201e-02
3.273718386409067704e-02
3.229282256148724439e-02
3.186263357945175179e-02
3.144651369307362859e-02
3.104433750138322831e-02
3.065595862021470303e-02
3.028121113322806285e-02
2.992177723262921113e-02
2.957888131134642565e-02
2.925216338206873892e-02
2.894126682981465817e-02
2.864582702335451495e-02
2.836547545536071899e-02
2.809983869864580291e-02
2.784853859478603547e-02
2.761119288328145460e-02
2.738741171395624521e-02
2.717852645337083539e-02
2.698544619395280147e-02
2.680761902584053585e-02
2.664451169306138179e-02
2.649560428223773911e-02
2.636038716212844857e-02
2.623835936269870717e-02
2.612902783397653972e-02
2.603190702239364246e-02
2.594651880615778117e-02
2.587395757149579811e-02
2.581492535877405459e-02
2.576879335581808497e-02
2.573496248740475903e-02
2.571286029427902881e-02
2.570193016971761626e-02
2.570163455025458593e-02
2.571145302118055254e-02
2.573087776805539628e-02
2.575941591306373651e-02
2.579657621354463151e-02
2.584188370506634164e-02
2.589488890897969492e-02
2.595516339606257841e-02
2.602229182768001428e-02
2.609587640445452938e-02
2.617553244761825285e-02
2.626088879677969390e-02
2.635158751612913866e-02
2.644728352266430965e-02
2.654627511259740474e-02
2.664723882016976214e-02
2.675005545723661143e-02
2.685460465209007705e-02
2.696076671698386176e-02
2.706842382929135898e-02
2.717746064601421485e-02
2.728776455953411256e-02
2.739922572646237217e-02
2.751173607461318213e-02
2.762390237897591888e-02
2.773467891509802732e-02
2.784414666601736643e-02
2.795238225078423497e-02
2.805945298756276976e-02
2.816541982802729660e-02
2.827033667721050997e-02
2.837425039584384051e-02
2.847720075600662301e-02
2.857922038139223617e-02
2.867914206680213796e-02
2.877611537157726690e-02
2.887032839192271022e-02
2.896195596826202021e-02
2.905115879399009643e-02
2.913808305956037958e-02
2.922286033024281554e-02
2.930560757556968654e-02
2.938642729554983429e-02
2.946540770631481815e-02
2.954154271378803265e-02
2.961411269064316912e-02
2.968333821121766844e-02
2.974942268546892921e-02
2.981255107689666575e-02
2.987288943323817073e-02
2.993058482920997465e-02
2.998576556372495316e-02
3.003854150884142579e-02
3.008900454305345890e-02
3.013627288928451969e-02
3.017972408076763716e-02
3.021957219550735346e-02
3.025601240771173817e-02
3.028922074373002760e-02
3.031935072897272432e-02
3.034653674351397296e-02
3.037089473147755805e-02
3.039251929189052889e-02
3.041147378965356265e-02
3.042699088541888849e-02
3.043854207988092725e-02
3.044632712006658040e-02
3.045052690953545249e-02
3.045130291426278307e-02
3.044879729375902719e-02
3.044313340390447306e-02
3.043441651675130727e-02
3.042273465867923604e-02
3.040815950410732244e-02
3.039013082213928851e-02
3.036824889404687172e-02
3.034263759740071786e-02
3.031338831142187801e-02
3.028056662418490003e-02
3.024421709483603865e-02
3.020436672089041319e-02
3.016102867331667964e-02
3.011420078136482076e-02
3.006387231755237865e-02
3.000948056028830691e-02
2.995060891180911095e-02
2.988730357541163896e-02
2.981958838854137719e-02
2.974747143510759681e-02
2.967094984176518388e-02
2.959001466547100251e-02
2.950464986981634827e-02
2.941484004242680972e-02
2.932056622331595530e-02
2.922134782995995661e-02
2.911684371544616748e-02
2.900712025503057387e-02
2.889223932292670285e-02
-7.442617822529085103e-03
-7.064171999755277861e-03
-6.686174852164581545e-03
-6.309786759449107288e-03
-5.935953547353906012e-03
-5.564913158313596064e-03
-5.196962882278015686e-03
-4.832299157119527427e-03
-4.471162159257080493e-03
-4.113792097808528433e-03
-3.760425222630193326e-03
-3.411292281283059141e-03
-3.066617316865962936e-03
-2.727371072050177592e-03
-2.394306671722454261e-03
-2.067512523616390346e-03
-1.747133396695826901e-03
-1.433204276691420198e-03
-1.125802524877209804e-03
-8.249996595361894225e-04
-5.308575050107476601e-04
-2.434267758033119289e-04
3.725387118170761513e-05
3.104428433790933084e-04
5.756155667771926943e-04
8.328864312452007035e-04
1.082370170800206477e-03
1.324185042632309434e-03
1.558430640784039950e-03
1.785245448072497049e-03
2.004774224683168737e-03
2.217171626133100648e-03
2.422589146910965330e-03
2.620490282495287204e-03
2.810542428937773396e-03
2.993027512569055443e-03
3.168219028294210621e-03
3.336384371482700034e-03
3.497786179533626805e-03
3.652683001240785571e-03
3.801329546724827729e-03
3.943976679578176797e-03
4.080871254976060902e-03
4.211568739547717072e-03
4.335811983497063482e-03
4.453940826069185260e-03
4.566276234768087972e-03
4.673122990059716542e-03
4.774771482056516803e-03
4.871799287343395179e-03
4.964633166697613592e-03
5.053184568710178404e-03
5.136459415579677779e-03
5.212403871335237471e-03
5.280953527768000866e-03
5.342636351297617298e-03
5.397924009039607729e-03
5.447246866965228113e-03
5.491001666039094231e-03
5.529556929395093579e-03
5.563256718268801138e-03
5.592423322354728860e-03
5.617359255939109036e-03
5.637683566653006739e-03
5.653183711731402106e-03
5.664222603410290491e-03
5.671136155509390320e-03
5.674236310987366971e-03
5.673813999637747352e-03
5.670141258776569687e-03
5.663474555689024248e-03
5.654050900355724746e-03
5.642093160151351317e-03
5.627154190799434075e-03
5.608964841562549819e-03
5.587830894551223254e-03
5.564030139844182432e-03
5.537818235361386537e-03
5.509433615179963606e-03
5.479099288111213134e-03
5.447020945331261521e-03
5.413390989182160357e-03
5.378389086305807032e-03
5.341543392319833550e-03
5.302565669363691614e-03
5.261733361102714779e-03
5.219297872985001474e-03
5.175488442149642210e-03
5.130515427860509597e-03
5.084574230932812494e-03
5.037845627752814137e-03
4.990497263754795770e-03
4.942684514428554582e-03
4.894592840850205129e-03
4.846395410129638454e-03
4.798221098137163410e-03
4.750185060404834431e-03
4.702388455998782191e-03
4.654922322821181818e-03
4.607867272100548556e-03
4.561294628545740221e-03
4.515266994928993777e-03
4.469838709464216825e-03
4.425768049723163150e-03
4.383601267569800508e-03
4.343238105123915782e-03
4.304577759724270009e-03
4.267518847637850193e-03
4.231959304257449511e-03
4.197796328247835329e-03
4.164926351072510691e-03
4.133245018825976169e-03
4.102647180175823111e-03
4.073746701699722250e-03
4.046952259449280997e-03
4.022026215086342560e-03
3.998733635473761261e-03
3.976844491674090543e-03
3.956133456586970187e-03
3.936379856482364464e-03
3.917367586852266159e-03
3.898884932809001946e-03
3.880724321880076738e-03
3.863401018053332081e-03
3.847233009129449183e-03
3.831897855152813920e-03
3.817077773177940392e-03
3.802462891934647177e-03
3.787750425212971922e-03
3.772644962177690298e-03
3.756858153969266229e-03
3.740108241253720794e-03
3.722118931596768432e-03
3.703333603880244046e-03
3.684005203495679254e-03
3.663753875632957263e-03
3.642205403184235052e-03
3.618992455042144285e-03
3.593754499460092428e-03
3.566138958268731673e-03
3.535799221195370240e-03
3.502394342097276542e-03
3.465588268687681828e-03
3.425756004519005249e-03
3.383090407728758797e-03
3.337158529696813980e-03
3.287531365725945842e-03
3.233784963623125702e-03
3.175500594908078900e-03
3.112264402609331293e-03
3.043666716028268354e-03
2.969301153974653051e-03
2.888763593586460288e-03
2.802355458150170009e-03
2.710205051451801406e-03
2.611821320986050521e-03
2.506716416741775616e-03
2.394406445743645084e-03
2.274411467301777623e-03
2.146255080534811149e-03
2.009463761385936464e-03
1.863566049485291393e-03
1.708091299462602408e-03
1.543130099455881227e-03
1.368636360809399183e-03
1.184082556240292905e-03
9.889630805884862264e-04
7.827891237209075315e-04
5.650844981114101773e-04
3.353829838897252891e-04
9.322651268219017684e-05
-1.618360776086541497e-04
-4.302498961491242613e-04
-7.118457974720025089e-04
-1.006573819139881115e-03
-1.314886281566758977e-03
-1.637203034958036735e-03
-1.973915767585739459e-03
-2.325391220847631418e-03
-2.691973115097154312e-03
-3.073982043426395569e-03
-3.471715660614875520e-03
-3.885449176039917907e-03
-4.314748315767724662e-03
-4.759270316341105561e-03
4.578325660716792145e-02
4.555421397185500237e-02
4.532018962888421931e-02
4.508112408521407211e-02
4.483697330758156657e-02
4.458855116575552446e-02
4.433649432734651508e-02
4.408074713375795262e-02
4.382128388110790446e-02
4.355810414457991775e-02
4.329124693545891023e-02
4.302075157256601834e-02
4.274666878159052302e-02
4.246910423160066977e-02
4.218812464972047926e-02
4.190467732997558287e-02
4.161953997839973329e-02
4.133281521209947185e-02
4.104455689364255866e-02
4.075487513034969922e-02
4.046389742991837735e-02
4.017176380969442184e-02
3.987862442879257230e-02
3.958466305928471513e-02
3.929002124912742144e-02
3.899573192097068042e-02
3.870258192042930201e-02
3.841067061187716791e-02
3.812011214440308438e-02
3.783102876761240685e-02
3.754354760336842123e-02
3.725779775230603913e-02
3.697390852812014461e-02
3.669200805016081812e-02
3.641222212956118920e-02
3.613551408590714303e-02
3.586263384726484649e-02
3.559359568690338704e-02
3.532843473064858908e-02
3.506718786045563002e-02
3.480989111318882195e-02
3.455657797406173903e-02
3.430727826091199695e-02
3.406201740700962738e-02
3.382081601790552783e-02
3.358451217630818025e-02
3.335370969902455573e-02
3.312834180788928190e-02
3.290832710279562728e-02
3.269358547036038676e-02
3.248403739974532745e-02
3.227960270147719329e-02
3.208019978503307695e-02
3.188574530190503575e-02
3.169615402709594770e-02
3.151214610075490918e-02
3.133422977441816665e-02
3.116219955926934071e-02
3.099587912974118356e-02
3.083509307950125025e-02
3.067969745115983402e-02
3.052952630576763471e-02
3.038441494199195514e-02
3.024420193455740896e-02
3.010872879363129390e-02
2.997862409681652240e-02
2.985428840969841721e-02
2.973547387732017669e-02
2.962193125853246345e-02
2.951343928870686639e-02
2.940977300600924188e-02
2.931071600998004512e-02
2.921605959945670905e-02
2.912560222160076248e-02
2.903914915216886800e-02
2.895726411250534177e-02
2.888029858214486573e-02
2.880794494518634091e-02
2.873992623555538320e-02
2.867598299889636410e-02
2.861587861634178054e-02
2.855934771602400973e-02
2.850617801835107420e-02
2.845612756253794104e-02
2.840900162824086181e-02
2.836531918193146290e-02
2.832537242270088615e-02
2.828885826340712603e-02
2.825548613154863289e-02
2.822496319539353343e-02
2.819705060783133516e-02
2.817148772905180357e-02
2.814806623163006172e-02
2.812656974951075611e-02
2.810679338161873111e-02
2.808851613613243259e-02
2.807152948283590799e-02
2.805565742717146607e-02
2.804073804643692977e-02
2.802659810568565446e-02
2.801310116304779954e-02
2.800013862111168025e-02
2.798759246494120223e-02
2.797535207176771177e-02
2.796331531552523689e-02
2.795070209629749169e-02
2.793694962888042255e-02
2.792202324390722495e-02
2.790632918827268272e-02
2.788958511303306700e-02
2.787201663312627309e-02
2.785282737249866747e-02
2.783052405746329686e-02
2.780517909208435334e-02
2.777688050481796900e-02
2.774505671592166628e-02
2.770932941564469704e-02
2.766990030985124263e-02
2.762696003063273148e-02
2.758068920478654734e-02
2.753125921646392901e-02
2.747883270192803123e-02
2.742356388144253851e-02
2.736559879378133026e-02
2.730507547379881078e-02
2.724152021196621365e-02
2.717464608790996078e-02
2.710471280130876889e-02
2.703196857446828888e-02
2.695664936991611083e-02
2.687897863466905124e-02
2.679916730708895370e-02
2.671741399315834958e-02
2.663390525126856437e-02
2.654881594550534407e-02
2.646176357414198321e-02
2.637253724671829655e-02
2.628142223991305690e-02
2.618869023012933631e-02
2.609459865580716562e-02
2.599939068232352823e-02
2.590329547806414015e-02
2.580652868375275799e-02
2.570929299898216946e-02
2.561177883678382450e-02
2.551367885847613537e-02
2.541484394390933557e-02
2.531557141672636027e-02
2.521614534126653817e-02
2.511683622234215166e-02
2.501790126092810762e-02
2.491958489343144151e-02
2.482211950108694984e-02
2.472572621700457746e-02
2.463061578465055093e-02
2.453656088747998773e-02
2.444347991651942345e-02
2.435169047201085277e-02
2.426149843612149595e-02
2.417319818139906928e-02
2.408707316141179069e-02
2.400339776683784246e-02
2.392243480311555259e-02
2.384444037526075796e-02
2.376966287331302996e-02
2.369803035937829983e-02
2.362957881786310887e-02
2.356463106370950203e-02
2.350349015934161123e-02
2.344644406555591518e-02
2.339376893623837730e-02
2.334573149496947664e-02
2.330259080517022019e-02
2.326459963290910746e-02
2.323200552985116990e-02
2.320475123898855380e-02
2.318287702293689301e-02
2.316669578468119953e-02
2.315650237462795608e-02
2.315257766815350879e-02
2.315519238671639307e-02
2.316460659265015889e-02
2.318107092367829511e-02
2.320482971700291858e-02
2.323612018411786925e-02
2.327487051323490902e-02
2.332109287505827050e-02
2.337506296902728750e-02
5.773792825481391389e-03
6.064263221173871177e-03
6.348411933790758244e-03
6.625800711132855125e-03
6.896017370713491967e-03
7.158660763889504453e-03
7.412949334580587468e-03
7.658282335579087718e-03
7.894532641175289189e-03
8.121568022891240135e-03
8.339271749276226664e-03
8.547546290787619294e-03
8.746314661872152396e-03
8.935521221942507863e-03
9.115132141355730688e-03
9.285135642943295742e-03
9.445114294237576258e-03
9.594853811082125483e-03
9.734566752888050567e-03
9.864450356209510107e-03
9.984707950882791561e-03
1.009555173265661021e-02
1.019720341894658766e-02
1.028989439509077342e-02
1.037386554895530083e-02
1.044936690448527300e-02
1.051625795241664663e-02
1.057455149121682564e-02
1.062464173108162990e-02
1.066691400797378092e-02
1.070174628701894143e-02
1.072950998104217624e-02
1.075054599177898557e-02
1.076523663512968243e-02
1.077393545471582587e-02
1.077696546710445180e-02
1.077427065677868945e-02
1.076590820373710816e-02
1.075231044851825135e-02
1.073388733769866515e-02
1.071102843314305358e-02
1.068410433442875535e-02
1.065346769977144198e-02
1.061945402055662624e-02
1.058238224713021342e-02
1.054255532713856136e-02
1.049983353875111325e-02
1.045415480649827117e-02
1.040587533375725987e-02
1.035534501835689430e-02
1.030284540432613999e-02
1.024865556364758928e-02
1.019303467995524848e-02
1.013622222591835376e-02
1.007843915887179920e-02
1.001988901620276540e-02
9.960271469357739882e-03
9.899414297194521206e-03
9.837593131552122006e-03
9.775010315907620151e-03
9.711889244172794422e-03
9.648387628840689179e-03
9.584665650938267722e-03
9.520868030487059097e-03
9.457123730993853561e-03
9.393547059518524145e-03
9.329763087959741519e-03
9.265440746062558741e-03
9.200750241854849243e-03
9.135840857480981292e-03
9.070866596026648521e-03
9.005912286435859004e-03
8.941084573769769728e-03
8.876452468638267035e-03
8.812083701054608531e-03
8.748031902680274141e-03
8.683795003989261407e-03
8.619019753985296406e-03
8.553837086691579161e-03
8.488355655064692973e-03
8.422665648716347320e-03
8.356841541359995296e-03
8.290944080923866311e-03
8.225046521097727215e-03
8.159169194492395250e-03
8.093362058628865430e-03
8.027076372734157084e-03
7.959905354637544783e-03
7.891985613303564850e-03
7.823386466530607430e-03
7.754181906051892115e-03
7.684455432755935012e-03
7.614228164594463721e-03
7.543555491112352573e-03
7.472439408112270531e-03
7.400890234633278331e-03
7.328935170294800794e-03
7.256593283578319231e-03
7.183857241971756957e-03
7.110708430559928295e-03
7.037143774594072088e-03
6.963124161444178561e-03
6.888582341231519468e-03
6.813464262896126722e-03
6.737710279928622870e-03
6.661253761935589934e-03
6.584680434983371244e-03
6.508387202091459045e-03
6.432197401670274040e-03
6.355915214371683775e-03
6.279328374822215619e-03
6.202243392014826495e-03
6.124468101787065855e-03
6.045810138323788607e-03
5.966076567495148808e-03
5.885073597439213766e-03
5.803300755285130397e-03
5.721070137967881886e-03
5.638076245643143525e-03
5.554019120679022647e-03
5.468603822496233280e-03
5.381539830830790738e-03
5.292540481023885746e-03
5.201323999358416217e-03
5.107599127225775915e-03
5.011080588170034600e-03
4.912217685919380294e-03
4.811274209993842560e-03
4.707875287058214259e-03
4.601652108279074421e-03
4.492241789985900596e-03
4.379286886010233526e-03
4.262434755143176129e-03
4.141336827398131581e-03
4.015647796986137469e-03
3.885024759403526984e-03
3.749882792515674135e-03
3.610453714875082321e-03
3.466309313657978813e-03
3.317025950817446833e-03
3.162184639677739773e-03
3.001370583080042315e-03
2.834172444545052932e-03
2.660181440912755269e-03
2.478990312672818552e-03
2.290192207615737024e-03
2.094168319075530305e-03
1.891119213697115692e-03
1.680562644844778297e-03
1.462018811893776860e-03
1.235010479641949349e-03
9.990624904698680586e-04
7.537009672578254271e-04
4.984523140980322287e-04
2.328420829376121048e-04
-4.360625084614058733e-05
-3.305459794094335602e-04
-6.278261413050420514e-04
-9.359629999167728975e-04
-1.255510365194988445e-03
-1.586976105501519338e-03
-1.930887718436509123e-03
-2.287773013204409678e-03
-2.658159255706792762e-03
-3.042572636297768279e-03
-3.441522229792416676e-03
-3.854670646560282889e-03
-4.281845075177169446e-03
-4.723599483150513721e-03
-5.180503346855451843e-03
-5.653063521186366472e-03
-6.141829981633031496e-03
-6.647293159433385196e-03
-7.169958954569195970e-03
-7.710327461606326406e-03
-8.268890873802885177e-03
-8.845412308850693697e-03
-9.439781383064008852e-03
-1.005246842188382145e-02
-1.068389416914607495e-02
-1.133443763068281429e-02
-1.200446568525815119e-02
-1.269428430657043236e-02
-1.340414271021090134e-02
-1.413428130087551748e-02
-1.488491054994613150e-02
-1.565536818593213017e-02
-1.644511001411135681e-02
-1.725417540607956934e-02
4.652264279706255778e-02
4.643897676111199274e-02
4.634438260975654728e-02
4.623890859730443725e-02
4.612262071722995904e-02
4.599559818455873500e-02
4.585793703574992525e-02
4.570973837598939216e-02
4.555207813729487965e-02
4.538582604348762733e-02
4.521105512237517943e-02
4.502786202395064885e-02
4.483636348614420536e-02
4.463671045176220709e-02
4.442905044105054102e-02
4.421353946807014129e-02
4.399038418020388697e-02
4.375975657210607467e-02
4.352283452694333254e-02
4.328060346133606739e-02
4.303322607015676315e-02
4.278090275654522490e-02
4.252381523024413579e-02
4.226217855160457892e-02
4.199622044478535515e-02
4.172617804544457437e-02
4.145229528613978559e-02
4.117484396529645652e-02
4.089504330200378901e-02
4.061386472757002458e-02
4.033148430653743510e-02
4.004808844682765379e-02
3.976386805887109632e-02
3.947901555282234964e-02
3.919372258675703213e-02
3.890817832351976813e-02
3.862256804511379760e-02
3.833707202782701134e-02
3.805281588337552229e-02
3.777068622286441912e-02
3.749075124310962542e-02
3.721307941889011317e-02
3.693773650172613165e-02
3.666478346133725946e-02
3.639427513209831516e-02
3.612625933807415979e-02
3.586077635008243919e-02
3.559785857875988335e-02
3.533846065923855473e-02
3.508329599341324795e-02
3.483227174669888127e-02
3.458529610437983959e-02
3.434227607810624860e-02
3.410311616056500156e-02
3.386771761156492921e-02
3.363595853001055680e-02
3.340775385316778479e-02
3.318297548297474003e-02
3.296243486167413361e-02
3.274668880417228034e-02
3.253550913712921488e-02
3.232867568468895253e-02
3.212595694708005739e-02
3.192715733271515172e-02
3.173205541032170923e-02
3.154046998024283982e-02
3.135220325567855681e-02
3.116705913467633995e-02
3.098570231004754705e-02
3.080860020648550426e-02
3.063543567208954627e-02
3.046594456693604847e-02
3.029985338888933552e-02
3.013690041836851116e-02
2.997683483211267125e-02
2.981941608517875084e-02
2.966441357307588594e-02
2.951160137767955272e-02
2.936161405790785675e-02
2.921486033457132425e-02
2.907101896216914699e-02
2.892979044578185277e-02
2.879088337697947864e-02
2.865403802440450245e-02
2.851899256097552987e-02
2.838552576055931517e-02
2.825343195046716577e-02
2.812249220730538360e-02
2.799332566278926043e-02
2.786632244831462046e-02
2.774115766685599643e-02
2.761756148466771449e-02
2.749530239359129075e-02
2.737415420303662347e-02
2.725390816225349219e-02
2.713437335093346267e-02
2.701537558219541807e-02
2.689673313030890162e-02
2.677831059252426538e-02
2.666000686344514176e-02
2.654171485175613535e-02
2.642334066564804365e-02
2.630480397332775680e-02
2.618603695924132113e-02
2.606698346139902506e-02
2.594759822465697585e-02
2.582784622342345834e-02
2.570768022376539522e-02
2.558636586561945786e-02
2.546342143526095919e-02
2.533900488691429378e-02
2.521326646967419344e-02
2.508635159796501063e-02
2.495840178934771725e-02
2.482955514585929307e-02
2.469994655477877540e-02
2.456970771613731230e-02
2.443896706408575648e-02
2.430715044372658978e-02
2.417389819810382076e-02
2.403947999903077379e-02
2.390415006118901120e-02
2.376813067260166376e-02
2.363166507734233007e-02
2.349494937547038850e-02
2.335820204281128035e-02
2.322161251248151814e-02
2.308535753566769849e-02
2.294893436028664843e-02
2.281203733082747681e-02
2.267495536992547231e-02
2.253795723689119845e-02
2.240129240893158971e-02
2.226519198551122139e-02
2.212986952557847303e-02
2.199552183972015851e-02
2.186232974947846519e-02
2.173046589132900108e-02
2.159945783665366548e-02
2.146900137620860044e-02
2.133937770880812990e-02
2.121081151870288575e-02
2.108352505868737667e-02
2.095772191663233114e-02
2.083358796015248940e-02
2.071129233044121526e-02
2.059098844160089925e-02
2.047279489641013611e-02
2.035624743330164202e-02
2.024107874622911238e-02
2.012752069896150617e-02
2.001578661282305688e-02
1.990607226394738513e-02
1.979855697293287850e-02
1.969340473188516821e-02
1.959076533489169034e-02
1.949077549224975670e-02
1.939355991700176043e-02
1.929871105370221246e-02
1.920598074357273213e-02
1.911558995314009343e-02
1.902774314077567905e-02
1.894265266193471964e-02
1.886047163419694861e-02
1.878138604348353335e-02
1.870552536269566926e-02
1.863303153180291896e-02
1.856403921746912697e-02
1.849821266815294615e-02
1.843536247023344621e-02
1.837571890108995187e-02
1.831949657148563421e-02
1.826689670392321260e-02
1.821810898875005774e-02
1.817331310088607724e-02
1.813267997673911544e-02
1.809637291496371189e-02
1.806454854222851528e-02
1.803702904987582178e-02
1.801374784647599703e-02
1.799495913719453832e-02
1.798086351474505878e-02
1.797161701688156782e-02
1.796738357731709340e-02
1.796831622092494307e-02
1.797455719945173849e-02
1.798623946889156902e-02
1.800348770403060322e-02
1.802609433699348812e-02
1.805395015294566224e-02
1.808722967092146403e-02
4.742774611518410510e-04
7.379105712133800232e-04
9.964163110695103964e-04
1.249610485688099071e-03
1.497312472880311940e-03
1.738943624111866093e-03
1.974095661559892301e-03
2.202748155334700864e-03
2.424822321265236724e-03
2.640260123999947639e-03
2.849030291638243728e-03
3.051085590646582246e-03
3.246381031791402416e-03
3.434826881944387511e-03
3.616432876651393125e-03
3.790806186531769928e-03
3.957692091084964725e-03
4.117187019011821214e-03
4.269383710608504190e-03
4.414374448668510753e-03
4.552253175625915749e-03
4.683066642101392507e-03
4.806961358521093242e-03
4.924046038182847140e-03
5.034431794716506814e-03
5.137863310875422085e-03
5.234219446704040102e-03
5.323726751463364604e-03
5.406605774801592768e-03
5.483073095341149672e-03
5.553342592059355709e-03
5.617626197929666276e-03
5.676134317793832262e-03
5.729076026166984859e-03
5.776659119287562427e-03
5.818713230264484226e-03
5.855192082558302591e-03
5.886393139935060248e-03
5.912601667333532152e-03
5.934092317014375007e-03
5.951130176808046290e-03
5.963971443573912179e-03
5.972840026802851698e-03
5.977998224100847247e-03
5.979678488746746623e-03
5.977719189008676159e-03
5.972074084012540807e-03
5.963040483729295516e-03
5.950898390176040387e-03
5.935912256044270641e-03
5.918332276137347470e-03
5.898418205973074424e-03
5.876372283817626885e-03
5.852406143201351052e-03
5.826720447961217242e-03
5.799109983784918321e-03
5.769481892491483410e-03
5.738091573188983108e-03
5.705175358284950149e-03
5.670952556575750703e-03
5.635627020995195857e-03
5.599388361355414623e-03
5.562412921610096483e-03
5.524864598094612889e-03
5.486895547787119798e-03
5.448244802852351965e-03
5.408764724353629094e-03
5.368662120064773835e-03
5.328124949123810850e-03
5.287324639650321789e-03
5.246440658714351946e-03
5.205616718131210463e-03
5.164959815929959230e-03
5.124587260065732730e-03
5.084607487529431424e-03
5.044714612460789172e-03
5.004719100559738842e-03
4.964790012530584384e-03
4.925077979117765958e-03
4.885717795297922494e-03
4.846830333821071368e-03
4.808546168914483443e-03
4.770962623994678964e-03
4.734142450178974171e-03
4.698159973284210533e-03
4.662681400811510835e-03
4.627492568508723148e-03
4.592737843362879047e-03
4.558566295387866951e-03
4.525088347582896520e-03
4.492374905121471196e-03
4.460507986809719716e-03
4.429561344655247312e-03
4.399598991851931540e-03
4.370673280410755646e-03
4.342441467155323809e-03
4.314679978268863569e-03
4.287518083106671429e-03
4.261077239568068775e-03
4.235439922713135630e-03
4.210683712287457969e-03
4.186882018642416881e-03
4.164083537603266438e-03
4.142336312881529647e-03
4.121679841196761174e-03
4.102192336637403014e-03
4.083929841079698975e-03
4.066896878294902484e-03
4.051109914509194720e-03
4.036539643021384849e-03
4.023167954927936441e-03
4.010988158568880302e-03
3.999961276309520197e-03
3.990051436991957912e-03
3.981246528824033959e-03
3.973961616304949596e-03
3.968490198948196324e-03
3.964641761182767510e-03
3.962244323743743801e-03
3.961133459223616093e-03
3.961149274262269759e-03
3.962136012200627444e-03
3.963941745821222828e-03
3.966442764102316720e-03
3.969469187413567079e-03
3.973366649479413704e-03
3.978323769692593270e-03
3.984099924764492040e-03
3.990425536702035814e-03
3.997057430841652326e-03
4.003763854487141227e-03
4.010321706048161627e-03
