1.496122451010816423e+00
8.711775819818268207e-01
8.833463553786827793e-01
9.272478485067466858e-01
9.886798999284031053e-01
1.058889767988327346e+00
1.068972630245488498e+00
1.129023473624171103e+00
1.187178402363231466e+00
1.242464591402980378e+00
1.294363704715733476e+00
1.342644900357444548e+00
1.387235268387640108e+00
1.428174537582517667e+00
1.465572935393212539e+00
1.499561976858167611e+00
1.467441720475314959e+00
1.483563730726303653e+00
1.497067493320725529e+00
1.508146171969481086e+00
1.517064123822852606e+00
1.523831682986101388e+00
1.528758356691511944e+00
1.531935786964649493e+00
1.533548233114840675e+00
1.533547173361610394e+00
1.469254942192371738e+00
1.455384504825639524e+00
1.440580265945618832e+00
1.425049872921075433e+00
1.408747189581065484e+00
1.391926418305887925e+00
1.374620044415220566e+00
1.356897044112421291e+00
1.338818023997082607e+00
1.320437123951277769e+00
1.238833787247532570e+00
1.209196421097857188e+00
1.179584146180426174e+00
1.150244444026252921e+00
1.121200802206584246e+00
1.092504762134905549e+00
1.064195097556228209e+00
1.036301742719674346e+00
1.008848411090097485e+00
9.818543077793646656e-01
8.923153530147222012e-01
8.558202432046424502e-01
8.201300910412733236e-01
7.853036235950512367e-01
7.513812325794188007e-01
7.183856458461469474e-01
6.863278942525707915e-01
6.552111653244866440e-01
6.250333046450804453e-01
5.957884491567548846e-01
5.043720932884363517e-01
4.668701277165101526e-01
4.305659939694126415e-01
3.954992725757895955e-01
3.616262950796038100e-01
3.291122849000552852e-01
2.977918100248584943e-01
2.676952944708118065e-01
2.388007661336503384e-01
2.110829814184264352e-01
1.213332234349446537e-01
8.610363338178061987e-02
5.223604035115253508e-02
1.975259529082462606e-02
-1.134251030132532589e-02
-4.111494519749206433e-02
-6.943448094885024124e-02
-9.648579955982689027e-02
-1.222562651814577128e-01
-1.467838608494311248e-01
-2.333730228591325284e-01
-2.650901983213220792e-01
-2.954940707397216704e-01
-3.244223051652389556e-01
-3.520278081823347005e-01
-3.782816661450472684e-01
-4.032231385646782851e-01
-4.269175875792217134e-01
-4.492741708508966036e-01
-4.704867226595750851e-01
-5.539019678532335345e-01
-5.823299855872705599e-01
-6.094093273036073066e-01
-6.352743449659473685e-01
-6.599116682316242821e-01
-6.831930640288318424e-01
-7.053619729082429846e-01
-7.262245461156998649e-01
-7.461032575347887885e-01
-7.647451445112454227e-01
-8.458004401674752426e-01
-8.718903036697831510e-01
-8.968958126980276502e-01
-9.207881041979166792e-01
-9.434525766614264564e-01
-9.650523954332679288e-01
-9.855600796927928009e-01
-1.005011599459377791e+00
-1.023446834910944458e+00
-1.040918753041095046e+00
-1.058594441695623445e+00
-1.074860305716286657e+00
-1.090328867234968913e+00
-1.105001995933404091e+00
-1.118964273815207466e+00
-1.132154047806640751e+00
-1.144621191887319478e+00
-1.156602526208266868e+00
-1.167715928894739186e+00
-1.178310460376802649e+00
-1.127341740575952267e+00
-1.128679434429926687e+00
-1.129695107611302207e+00
-1.130490341038745461e+00
-1.131006532458345371e+00
-1.131346369124896611e+00
-1.133307253061347719e+00
-1.131492915174598268e+00
-1.131419413466825841e+00
-1.134167308601234714e+00
-1.072545110640333643e+00
-1.063505268165855666e+00
-1.054503184441633046e+00
-1.045593853967095699e+00
-1.036817912963060806e+00
-1.028200561526157797e+00
-1.019756868080059720e+00
-1.011495219521647115e+00
-1.003419577564173659e+00
-9.955309619986218994e-01
-9.270477065870035283e-01
-9.113068886071182817e-01
-8.960128002650517010e-01
-8.811519132259862941e-01
-8.667177496674876025e-01
-8.527024201644812784e-01
-8.390970462432500998e-01
-8.258920705684807961e-01
-8.130774883028415445e-01
-8.006430191715144806e-01
-7.279978306120505893e-01
-7.077138830174354300e-01
-6.880742343545765971e-01
-6.690493205256999865e-01
-6.506206793414122114e-01
-6.327712898324751034e-01
-6.154849801803418119e-01
-5.987460841009439871e-01
-5.825392497914279044e-01
-5.668493379361405626e-01
-4.913003044915859041e-01
-4.674685892576996293e-01
-4.444300702836193606e-01
-4.221463735650092253e-01
-4.005918668420730966e-01
-3.797436937905450671e-01
-3.595806834814127551e-01
-3.400826917094713631e-01
-3.212522320006928056e-01
-3.030025170074297503e-01
-2.252501271277345396e-01
-1.982661504403810115e-01
-1.723157851776590255e-01
-1.471375769019396262e-01
-1.228131634753491241e-01
-9.929995440163517928e-02
-7.657309276826797240e-02
-5.460918915010885832e-02
-3.338548221485321266e-02
-1.287966435640225393e-02
6.749440294296391030e-02
9.932860062933365763e-02
1.304237882907574586e-01
1.606520844074578735e-01
1.900353590618251431e-01
2.185095453886982675e-01
2.460953163773461072e-01
2.728041295265035693e-01
2.986517125455839250e-01
3.236567932187653929e-01
4.079687201918406059e-01
4.447775159919867827e-01
4.806453256906322302e-01
5.155214402053515110e-01
5.493772595913908319e-01
5.822702452710806220e-01
6.140620383762418477e-01
6.449081928043030043e-01
6.747732435872655365e-01
7.036821383538730545e-01
7.913196985958813601e-01
8.324947706242561418e-01
8.726194550432380126e-01
7.854716757546583716e-01
8.549282991117634900e-01
9.224156616545414744e-01
9.880021730641694866e-01
1.049055141557294180e+00
1.113799516456372540e+00
1.119047532205132756e+00
1.162486795785892868e+00
1.204367790093181956e+00
1.244778481766378064e+00
1.283917033230233429e+00
1.321570170811952050e+00
1.358044687981303955e+00
1.393261347026516050e+00
1.427245829197109961e+00
1.460013956861341278e+00
1.431310554421285852e+00
1.446106108040306815e+00
1.459903212603975931e+00
1.472708652876586921e+00
1.484525931233043883e+00
1.495353311495844606e+00
1.505185487775487330e+00
1.514014720406318570e+00
1.521831641794783696e+00
1.528625858443568353e+00
1.473897364769872542e+00
1.462969521232115433e+00
1.451244541414215661e+00
1.438708891573290849e+00
1.425423959864575707e+00
1.411443167456063019e+00
1.396526238123157349e+00
1.380956888600804566e+00
1.364639375971621327e+00
1.347592162142544403e+00
1.269011133017925452e+00
1.235112950413767896e+00
1.200875905047883663e+00
1.166345638910210480e+00
1.131570201986286106e+00
1.096596844540252969e+00
1.061472916727578708e+00
1.026246306655161700e+00
9.909655889246788973e-01
9.556799927239556514e-01
8.592311490508643956e-01
8.090843296429590659e-01
7.594796195099429159e-01
7.105071807006284601e-01
6.621865075258313027e-01
6.145535378175790431e-01
5.678702007453525491e-01
5.219607776664856313e-01
4.769705254487731638e-01
4.329430699498183488e-01
3.283313104326669452e-01
2.719524274791469964e-01
2.170894197768187539e-01
1.637947200943488391e-01
1.121141345088844110e-01
6.208335534885275897e-02
1.372969655797445787e-02
-3.292673622829306312e-02
-7.787222915531633038e-02
-1.210988614274424169e-01
-2.245340210191998365e-01
-2.780873509552920786e-01
-3.295635744827334901e-01
-3.787707453370490751e-01
-4.258927937758884563e-01
-4.708617921031710285e-01
-5.137035021665408152e-01
-5.544478063739887164e-01
-5.931289885710203658e-01
-6.298201923673523162e-01
-7.266511908599020408e-01
-7.726465256181449526e-01
-8.163519757732696780e-01
-8.577825057117676177e-01
-8.969771465831395396e-01
-9.339839565902221530e-01
-9.688578780401122525e-01
-1.001658882521945015e+00
-1.032463686604116804e+00
-1.061295451336501161e+00
-1.150693337518141401e+00
-1.188711082291681764e+00
-1.224693049878049056e+00
-1.258637297180320580e+00
-1.290485316710022090e+00
-1.320396816171893084e+00
-1.348516865826080435e+00
-1.374710423787918634e+00
-1.399200104257633415e+00
-1.422016501273645650e+00
-1.444370717834303930e+00
-1.464606780068367753e+00
-1.483470605824715349e+00
-1.500899428276232017e+00
-1.517037548509917233e+00
-1.532014081343814782e+00
-1.545769805387349871e+00
-1.558406033863061202e+00
-1.569980475677344112e+00
-1.580549197978501130e+00
-1.530006794305149409e+00
-1.527670512781887258e+00
-1.524856504922939227e+00
-1.521617638538393047e+00
-1.518002882701022349e+00
-1.514053594001394831e+00
-1.509805568892912619e+00
-1.505290404717674724e+00
-1.500536411091623057e+00
-1.495529178226131073e+00
-1.430452992025279757e+00
-1.414397773324217678e+00
-1.398621486212486831e+00
-1.382979710480792157e+00
-1.367644498990333579e+00
-1.352564994868310499e+00
-1.337747592137613406e+00
-1.323196028460963181e+00
-1.308912505137616256e+00
-1.294897939809426690e+00
-1.221441551295494143e+00
-1.197320845195421146e+00
-1.173858700950875411e+00
-1.151030038170753667e+00
-1.128818405703406746e+00
-1.107208402378994982e+00
-1.086185105024053410e+00
-1.065733728517659573e+00
-1.045839426654051829e+00
-1.026487175748874270e+00
-9.482600295149633540e-01
-9.191404447841228231e-01
-8.909243652495264509e-01
-8.635652871558935351e-01
-8.370292279757344245e-01
-8.112860650230085957e-01
-7.863080584166435294e-01
-7.620689268666248628e-01
-7.385432694036644374e-01
-7.157061999979615896e-01
-6.344979491445278397e-01
-6.017548309151873331e-01
-5.700448532199109408e-01
-5.393107873393980789e-01
-5.095808156600457606e-01
-4.805961461820499325e-01
-4.525506437864211806e-01
-4.252536646527634856e-01
-3.986468172460402304e-01
-3.732949777207963948e-01
-2.897421784066878114e-01
-2.536482140545201491e-01
-2.186524132571192047e-01
-1.846969420768734549e-01
-1.517369578645823558e-01
-1.197326588578219997e-01
-8.864763490282359659e-02
-5.844783456720793746e-02
-2.910092006624401262e-02
-5.758646094501107537e-04
8.545424546555172030e-02
1.265695122877382173e-01
1.667686356229595435e-01
2.060227023281411551e-01
2.443196538347172930e-01
2.816611364422054731e-01
3.180571671075839157e-01
3.534239809471694249e-01
3.880831450409748529e-01
4.218425550516702316e-01
5.118650880616513188e-01
5.583938620603728920e-01
6.039141176352023077e-01
6.483961210450129853e-01
6.918254577097487923e-01
7.342005907670897669e-01
7.756402254846614941e-01
8.158065167557061459e-01
8.549892284418108002e-01
8.933514290439384942e-01
9.868204007228112973e-01
1.038257250506299689e+00
1.088279971395308188e+00
1.137518460228284622e+00
1.175921285688306783e+00
1.258058481877494028e+00
1.338493348164089491e+00
1.359967728816051658e+00
1.419648874533635086e+00
1.477751817923473876e+00
1.534653323312766382e+00
1.589327568707888272e+00
1.642850561351024696e+00
1.694848456160073180e+00
1.745310690148884625e+00
1.794216017940720942e+00
1.841534358565347196e+00
1.829295505593772964e+00
1.855513181987476168e+00
1.880049269366203424e+00
1.903198434386084603e+00
1.923939030624477020e+00
1.943245225504214080e+00
1.960730562212689598e+00
1.976358736648766268e+00
1.990092542239765727e+00
2.001895581132583590e+00
1.953041152005809744e+00
1.943086187973698697e+00
1.931244057277780701e+00
1.917527602724559799e+00
1.901957246317586225e+00
1.884818935723745259e+00
1.865337423239288306e+00
1.844388481155555093e+00
1.821704406758836825e+00
1.797348861589334046e+00
1.711821478584726330e+00
1.666900030786667708e+00
1.620758559468212123e+00
1.573511878764411120e+00
1.525280732235760439e+00
1.476187284138883893e+00
1.426355226541255350e+00
1.375909534478637619e+00
1.324976001547937710e+00
1.273680643962969761e+00
1.161744727059051074e+00
1.093459511629639724e+00
1.025565059552342007e+00
9.582187290494037502e-01
8.915728411548513588e-01
8.257698705715886822e-01
7.610014834941580819e-01
6.971231272743605434e-01
6.362394534393719381e-01
5.848482773372369881e-01
4.658851584076919572e-01
3.904402806636340095e-01
3.170763313925030191e-01
2.457966411066067058e-01
1.767117021418469214e-01
1.099244823087793255e-01
4.551230829539615330e-02
-1.646778870444054466e-02
-7.597552476977292857e-02
-1.329848960706762617e-01
-2.494169042577098483e-01
-3.161178366291157449e-01
-3.799662268839225643e-01
-4.408426710348635202e-01
-4.987445990529901785e-01
-5.536963538596272327e-01
-6.057324639291340462e-01
-6.549400137666684385e-01
-7.012155404349900145e-01
-7.448145323652777261e-01
-8.480583306600328886e-01
-9.004133378161226497e-01
-9.498055517902812550e-01
-9.963171542731491526e-01
-1.039911961361673409e+00
-1.080776488313904826e+00
-1.118958024644675531e+00
-1.154454016444955489e+00
-1.187435194193522392e+00
-1.218103163075494155e+00
-1.308910542565782764e+00
-1.348543157424110683e+00
-1.385657832496588693e+00
-1.420302432430057937e+00
-1.452697637443159051e+00
-1.482671998599810470e+00
-1.510487464429572046e+00
-1.536186061928150437e+00
-1.559861288722368178e+00
-1.581606386799396580e+00
-1.602703830514646155e+00
-1.621627674972642819e+00
-1.639044912128662990e+00
-1.654926718302854205e+00
-1.669240557113905510e+00
-1.682207859846234443e+00
-1.693844296767676116e+00
-1.704221976069704825e+00
-1.713410991650945681e+00
-1.721479701661117634e+00
-1.668096904762483179e+00
-1.663004941387058455e+00
-1.657367543291894396e+00
-1.651230271706173092e+00
-1.644642608623813951e+00
-1.637650294717716282e+00
-1.630295647658968727e+00
-1.622617672982473058e+00
-1.614652317880159726e+00
-1.606433245180500347e+00
-1.537768841650463791e+00
-1.518378421354959817e+00
-1.499165190714542462e+00
-1.480271512867463501e+00
-1.461556122340184949e+00
-1.443084008309831967e+00
-1.424866346023205166e+00
-1.406913789182447694e+00
-1.389236247619460851e+00
-1.371842687206823896e+00
-1.294755184161414441e+00
-1.267282446924815620e+00
-1.240564634368544139e+00
-1.214395920078516600e+00
-1.188941013004532810e+00
-1.164121467503433927e+00
-1.139928961804857144e+00
-1.116355567399339721e+00
-1.093393905238255526e+00
-1.070977701779528113e+00
-9.895886464475097677e-01
-9.575664614933510066e-01
-9.265285914122231015e-01
-8.964205534107270168e-01
-8.672083245381670968e-01
-8.389243310265255271e-01
-8.113617231063925406e-01
-7.846933250376055824e-01
-7.588327283511697718e-01
-7.337620819284020879e-01
-6.501084306126334589e-01
-6.152841617396380691e-01
-5.815979957800478939e-01
-5.489884637302610004e-01
-5.174135508064996447e-01
-4.868389231592544775e-01
-4.572349665858154166e-01
-4.285749254860524715e-01
-4.008337398773428317e-01
-3.739873233471274760e-01
-2.890381945894818227e-01
-2.519474983866437645e-01
-2.160639300851999733e-01
-1.813295731225275653e-01
-1.477028358632353211e-01
-1.151483001683406004e-01
-8.363443278577664675e-02
-5.313215318447350732e-02
-2.361394398467356326e-02
4.865201438118832433e-03
9.166490660603246465e-02
1.329831707475442881e-01
1.730927083463392746e-01
2.122142490379264612e-01
2.502388269086511796e-01
2.871655697521238171e-01
3.230026285986051793e-01
3.577643560824598779e-01
3.914689269136428784e-01
4.241368302396029133e-01
5.141012554270549817e-01
5.599155257607344449e-01
6.043515318329331087e-01
6.477266816367144298e-01
6.899358300637259411e-01
7.309809204243485903e-01
7.708069198760257867e-01
8.096970771970727343e-01
8.472641699439604768e-01
8.838099800224713531e-01
9.769145690628622258e-01
1.026802797720055782e+00
1.007545887689242470e+00
1.074460481537457879e+00
1.139804999931029794e+00
1.203567562815553105e+00
1.265734593296583999e+00
1.266624243794076898e+00
1.308929293418456652e+00
1.349747970035817257e+00
1.389086644910465740e+00
1.426945588918386854e+00
1.463315824897541306e+00
1.498247374709051671e+00
1.531559418617066015e+00
1.563678863727197665e+00
1.593689458253914282e+00
1.562427687474443827e+00
1.572990025280236459e+00
1.582332493091602510e+00
1.589825754772509203e+00
1.596190415182443756e+00
1.601186956959193441e+00
1.604822449138928908e+00
1.607103218546926726e+00
1.608051918555328363e+00
1.607629685194439828e+00
1.545695632517636753e+00
1.526077568896496484e+00
1.505687988427265145e+00
1.484336873757808428e+00
1.462080520380711679e+00
1.438971792507241831e+00
1.415063172597183616e+00
1.390406769233435647e+00
1.365055621336829006e+00
1.339063880907564563e+00
1.251692071846202570e+00
1.208618096795274655e+00
1.165632473900285682e+00
1.122633185303607339e+00
1.079712996327679697e+00
1.036956035790564057e+00
9.944412980233101607e-01
9.522435770378967490e-01
9.104339595335838586e-01
8.690800483435529022e-01
7.667228808609780621e-01
7.112784206080011717e-01
6.572286674886620439e-01
6.041519158815920054e-01
5.522953353932346099e-01
5.017243099184305333e-01
4.524941134445734647e-01
4.046513070968587034e-01
3.582348084545139422e-01
3.132766383886614880e-01
2.077929198001948197e-01
1.516015992683682201e-01
9.736467083257907551e-02
4.512056634676592237e-02
-5.227501635258091639e-03
-5.326856669461310645e-02
-9.943275666672979352e-02
-1.435705402990012924e-01
-1.856970572588459711e-01
-2.258332625720256004e-01
-3.264227366244845663e-01
-3.761553508936146262e-01
-4.236531716726663621e-01
-4.686565040339898403e-01
-5.114551991833411471e-01
-5.520194341797088899e-01
-5.903757005754914911e-01
-6.265737738541953261e-01
-6.606688963187133945e-01
-6.927201849587450999e-01
-7.855269124361971000e-01
-8.265912658160368132e-01
-8.654111474359034162e-01
-9.020465612682201373e-01
-9.364820511930457281e-01
-9.687685477144811763e-01
-9.992580556809320669e-01
-1.027556593199859813e+00
-1.054109031829451038e+00
-1.078722457624376574e+00
-1.164564672331604323e+00
-1.198360981132144509e+00
-1.230107409140622998e+00
-1.260043771861947048e+00
-1.288229965883285200e+00
-1.314435963711376276e+00
-1.339034868984241511e+00
-1.361917894038468191e+00
-1.383229936141385785e+00
-1.403022443878329861e+00
-1.422568800968442293e+00
-1.440228774675593959e+00
-1.456625491135982831e+00
-1.471800846893753789e+00
-1.485826488591583727e+00
-1.498802088782523745e+00
-1.510499223072780062e+00
-1.521295972385057427e+00
-1.531134441281984726e+00
-1.540066108106794784e+00
-1.487528779896694742e+00
-1.484380018284740421e+00
-1.479869755852482260e+00
-1.476078025682368233e+00
-1.472728388956438206e+00
-1.467434094376608211e+00
-1.468481298399952450e+00
-1.464830424391397656e+00
-1.459076611491688880e+00
-1.452830750135740923e+00
-1.385722619818674506e+00
-1.368813043499383708e+00
-1.352062364628529245e+00
-1.335505930283957587e+00
-1.319175687581675804e+00
-1.303095103673223898e+00
-1.287281631996812337e+00
-1.271748360345346329e+00
-1.256505123286042691e+00
-1.241559262521729767e+00
-1.166651155336393852e+00
-1.142373868830713679e+00
-1.118765868432509247e+00
-1.095796767058403454e+00
-1.073450698421697158e+00
-1.051715208867121110e+00
-1.030579705711872851e+00
-1.010034507360365819e+00
-9.900702706218854621e-01
-9.706776515829804719e-01
-8.918468763603388805e-01
-8.633810250742991466e-01
-8.358242809222153902e-01
-8.091297165375406220e-01
-7.832676072455169169e-01
-7.582136748039571827e-01
-7.339468853389746750e-01
-7.104480797482898291e-01
-6.876991289548515240e-01
-6.656824174556044138e-01
-5.846851379043079833e-01
-5.534043914966245703e-01
-5.231710530891879873e-01
-4.939322800482294218e-01
-4.656522553812739718e-01
-4.383008628786955185e-01
-4.118514580677598014e-01
-3.862794836928087894e-01
-3.615616167865297603e-01
-3.376752492019766128e-01
-2.552407637976947252e-01
-2.215458667303266127e-01
-1.889700015735394922e-01
-1.574643719785171203e-01
-1.269940315764304106e-01
-9.752817096413657350e-02
-6.910120834102655152e-02
-4.149253910926556377e-02
-1.481155286788882197e-02
1.083272756296685402e-02
9.520821809173776740e-02
1.332023316652491407e-01
1.702217943476506956e-01
2.062218493494700766e-01
2.411795261792824274e-01
2.750898319039360995e-01
3.079590502813233099e-01
3.398004897171967853e-01
3.706317851891152149e-01
4.004731868848289689e-01
4.882681488437117245e-01
5.307239271661045033e-01
5.721114133820962566e-01
6.123924820762431942e-01
6.515496816471986197e-01
6.895076672474887980e-01
7.265860818540476052e-01
7.623196987602226526e-01
7.970644857574287201e-01
8.307551719984345162e-01
9.216549436178420596e-01
9.683814316337212569e-01
1.014008129890425547e+00
8.700681627456697820e-01
9.384591140111044894e-01
1.005004535640851238e+00
1.069734647746357181e+00
1.132672125124471352e+00
1.193830531646150384e+00
1.193414103759954825e+00
1.234961837788325134e+00
1.274440945899948607e+00
1.312645613476957518e+00
1.349317476624108059e+00
1.384466532569018193e+00
1.418096851792179924e+00
1.450208416969605452e+00
1.480798236623232178e+00
1.509861065489678023e+00
1.477270516952060575e+00
1.487121562875179048e+00
1.495138085558447960e+00
1.502106455184011091e+00
1.507778167124299351e+00
1.512166726699447850e+00
1.515282967054301544e+00
1.517136847871031646e+00
1.517738536969528651e+00
1.517099097307204048e+00
1.454665990512828300e+00
1.435408715224589571e+00
1.415245481914472858e+00
1.394225250997996213e+00
1.372398531989939885e+00
1.349813406940899574e+00
1.326520760239815688e+00
1.302556618709538983e+00
1.277981534268576080e+00
1.253051886682130744e+00
1.166089287707599675e+00
1.124257649212681232e+00
1.082377176192171442e+00
1.040532074530432505e+00
9.988033715954269809e-01
9.572663360325563975e-01
9.159918591330291626e-01
8.750472380455815991e-01
8.344965849079224451e-01
7.944010060701947040e-01
6.932184461064958558e-01
6.391738404674567331e-01
5.861713613131909195e-01
5.341142046730262827e-01
4.836002694295772342e-01
4.341521182031353732e-01
3.860006417644489263e-01
3.391885242797747502e-01
2.937519245657354006e-01
2.497209039692259991e-01
1.450464118671371816e-01
8.961247244583728233e-02
3.607154843302229352e-02
-1.551969346576870246e-02
-6.531872105559663466e-02
-1.128075183637996248e-01
-1.584947621534542050e-01
-2.022145041101811591e-01
-2.439804201293725994e-01
-2.838115883574737763e-01
-3.843726738481649252e-01
-4.337990818252143166e-01
-4.811452952855682086e-01
-5.262296041358958121e-01
-5.690954981084996867e-01
-6.096972658968201619e-01
-6.482832399204863094e-01
-6.844617881095783618e-01
-7.187250045170239243e-01
-7.509721846077667129e-01
-8.440389206654153043e-01
-8.854432576048114623e-01
-9.246365855342177920e-01
-9.616472030035896346e-01
-9.965141481319796934e-01
-1.029289511211710417e+00
-1.060033722431828584e+00
-1.088898712183358652e+00
-1.115705670895618340e+00
-1.140828576034984110e+00
-1.227156290433621955e+00
-1.261290001116137871e+00
-1.293627289273158176e+00
-1.323984659846867196e+00
-1.352505826134887457e+00
-1.379249029816084438e+00
-1.404180787061180880e+00
-1.427562239311740866e+00
-1.449105168110557340e+00
-1.469208388734125625e+00
-1.488979041686850691e+00
-1.506803065285549748e+00
-1.523322747710087244e+00
-1.538581612757522699e+00
-1.552648848909540691e+00
-1.565644081080846517e+00
-1.577301641502188101e+00
-1.588027187019473319e+00
-1.597756228484024765e+00
-1.606539959986476696e+00
-1.553729837003692493e+00
-1.550076424620089544e+00
-1.545945882207554911e+00
-1.541489117331277914e+00
-1.536414261487079491e+00
-1.531105461525056555e+00
-1.525488214101589302e+00
-1.519594592219737805e+00
-1.513453639426700192e+00
-1.507092075228958494e+00
-1.440036685726183707e+00
-1.422916566568620311e+00
-1.405970835225724747e+00
-1.389210662373666194e+00
-1.372652858946178167e+00
-1.356311545269279328e+00
-1.340198695878778823e+00
-1.324321815489661436e+00
-1.308684135331826148e+00
-1.293319021267704150e+00
-1.217975551531626621e+00
-1.192824777075606413e+00
-1.168282410617381251e+00
-1.144331685420264089e+00
-1.120966660276780491e+00
-1.098182259528653670e+00
-1.075973627769128971e+00
-1.054335747028388504e+00
-1.033263214594700274e+00
-1.012750118550698186e+00
-9.328714032701763692e-01
-9.030032875647620028e-01
-8.740251186097134362e-01
-8.459009632997165351e-01
-8.186089984330480185e-01
-7.921306368076599380e-01
-7.664490785986871613e-01
-7.415484150342029901e-01
-7.174130785350236739e-01
-6.940275096321609771e-01
-6.118258350844991700e-01
-5.790624701005082642e-01
-5.473587356846925100e-01
-5.166685487636045737e-01
-4.869607209496619182e-01
-4.582081699420066379e-01
-4.303862322225833204e-01
-4.034716174822432500e-01
-3.774417664353517110e-01
-3.522744616885032931e-01
-2.688049322746224323e-01
-2.338534250522498192e-01
-2.000485971277218278e-01
-1.671646001872445497e-01
-1.357152694787688851e-01
-1.051168769813027176e-01
-7.552442445029503015e-02
-4.691158540286055612e-02
-1.926281471815508017e-02
7.435454071569508327e-03
9.198568333223433591e-02
1.292616823212810184e-01
1.653657557954230362e-01
2.003420475676382650e-01
2.341879438322796991e-01
2.671764715255723344e-01
2.986543302970587899e-01
3.293369891790980386e-01
3.590179459164940523e-01
3.877231620954725289e-01
4.742907379290236536e-01
5.159669789993994726e-01
5.566403813015482482e-01
5.962536086974606908e-01
6.347776859606821809e-01
6.722254252637849259e-01
7.087601419387390411e-01
7.437707069593986198e-01
7.779700357024165180e-01
8.111354981039766709e-01
9.013784657026531200e-01
9.479090489751438309e-01
9.934333677913864680e-01
6.096772346067982351e-01
6.832759726633330644e-01
7.550707640227442008e-01
8.251166456759009282e-01
8.934482322810646249e-01
9.600865722994453844e-01
1.025174139132333240e+00
1.088339457573511471e+00
1.089935621339128025e+00
1.133013492232182173e+00
1.174597977052322717e+00
1.214696956271082984e+00
1.253314354660637120e+00
1.290483293247545404e+00
1.326094759846262683e+00
1.360241157159734149e+00
1.393131027718373716e+00
1.423994948657375526e+00
1.393289053999059224e+00
1.404447203384146192e+00
1.414309548218781076e+00
1.423037604425435365e+00
1.430022880283886799e+00
1.435936954157859269e+00
1.440558492796097489e+00
1.443892969129710435e+00
1.445948659318744944e+00
1.446745837186800276e+00
1.385757110955436522e+00
1.367194960189107800e+00
1.347917383442490458e+00
1.327771726978142386e+00
1.306804656296498335e+00
1.285061843392871772e+00
1.262589199390489636e+00
1.239433435340683731e+00
1.215642338336820005e+00
1.191264862596075114e+00
1.105156900909191053e+00
1.063601771916097505e+00
1.022016120707410991e+00
9.804771389500863688e-01
9.390625787979445249e-01
8.978458210025943576e-01
8.568967083441688670e-01
8.162819761427964060e-01
7.760654361643827270e-01
7.363080130599984896e-01
6.353721831466503378e-01
5.812295990727280870e-01
5.281744680134199399e-01
4.762752820956744904e-01
4.255963793585925137e-01
3.761929327177685467e-01
3.281122649556368343e-01
2.813854953062816522e-01
2.360732201547107723e-01
1.920409307310877445e-01
8.758984675296459244e-02
3.189854481234075112e-02
-2.182930813515832069e-02
-7.356995192171955633e-02
-1.233185271990530352e-01
-1.710328413752572885e-01
-2.168838825298372575e-01
-2.604517074235845331e-01
-3.021869877050237796e-01
-3.419650967867294833e-01
-4.424902747417134297e-01
-4.922686068274362281e-01
-5.398841368690404652e-01
-5.851264079596331102e-01
-6.281052205561344914e-01
-6.688325885850243679e-01
-7.073540889268628007e-01
-7.437211414727273873e-01
-7.779894151200881236e-01
-8.102671861712044121e-01
-9.033031911827426041e-01
-9.449580137535535940e-01
-9.844180584398702916e-01
-1.021599315224617444e+00
-1.056685225817341145e+00
-1.089447425385025925e+00
-1.120320898149327338e+00
-1.149076194656204031e+00
-1.175889013852484455e+00
-1.200975547390725984e+00
-1.287198150873309910e+00
-1.321650501401214317e+00
-1.354137236474435291e+00
-1.384665166775164824e+00
-1.413116261250881411e+00
-1.439803768678195039e+00
-1.464700172049066440e+00
-1.487876140904445643e+00
-1.509403241794962769e+00
-1.529380689289719930e+00
-1.549082743890453973e+00
-1.566417252378995206e+00
-1.582513728653706986e+00
-1.597319774529579517e+00
-1.610893651896194267e+00
-1.623293289265743233e+00
-1.634575842036421145e+00
-1.644797055115289064e+00
-1.654010911385035865e+00
-1.662280339119238448e+00
-1.608980053914181862e+00
-1.604156339082201788e+00
-1.598976872854591447e+00
-1.593386532043643777e+00
-1.587439166204469565e+00
-1.581178712920413565e+00
-1.574642306814592940e+00
-1.567862125884467162e+00
-1.560866619779996967e+00
-1.553681337693471276e+00
-1.485738238079069795e+00
-1.467417279524585672e+00
-1.449305931518180435e+00
-1.431426133231726405e+00
-1.413800539999632955e+00
-1.396443475602282991e+00
-1.379479893976237603e+00
-1.362580789990751606e+00
-1.346087611750932389e+00
-1.329897530881297918e+00
-1.253649295762305993e+00
-1.227410485762510328e+00
-1.201820680048008239e+00
-1.176874880667439394e+00
-1.152572801247398360e+00
-1.128911399638469426e+00
-1.105885607631318823e+00
-1.083488836955482704e+00
-1.061713333464586739e+00
-1.040426976897985911e+00
-9.599074027395373410e-01
-9.292180116761610265e-01
-8.994538701283141258e-01
-8.705935036690484186e-01
-8.426227979510483301e-01
-8.155269353177985181e-01
-7.892896577488074383e-01
-7.638941683117842496e-01
-7.393231427174644654e-01
-7.155791783706565434e-01
-6.328488202158841780e-01
-5.995899596288334354e-01
-5.674223238396980395e-01
-5.363240989621083088e-01
-5.062708381270910607e-01
-4.772383999843173852e-01
-4.492026904171141366e-01
-4.221395517620641913e-01
-3.960247291674812153e-01
-3.708338761697864139e-01
-2.871430378124644744e-01
-2.521653946857811968e-01
-2.183640081516100562e-01
-1.857101526296874860e-01
-1.541801567749404578e-01
-1.237485497816326468e-01
-9.420899876351894464e-02
-6.608972900302631515e-02
-3.879811159579796276e-02
-1.249496211197614892e-02
7.185623628811216301e-02
1.086256984533163772e-01
1.442015397158287748e-01
1.785994450193796323e-01
2.118362141765487150e-01
2.439337753615056226e-01
2.749171838933736067e-01
3.048133324942188249e-01
3.336501168765483305e-01
3.614558940618000094e-01
4.473093568146623844e-01
4.878415838236035418e-01
5.273452442913318938e-01
5.659684492268326483e-01
6.030042342374497544e-01
6.391327117387725076e-01
6.741269410229167036e-01
7.080026177676544963e-01
7.407812896031419347e-01
7.724883609375580162e-01
8.614906661703347623e-01
9.062599519103975432e-01
9.499834924761580979e-01
8.683490606223652764e-01
9.244044559271689110e-01
9.792450552895015647e-01
1.032862982080521519e+00
1.085245441647998854e+00
1.088703374505952226e+00
1.124628498004061505e+00
1.159585624090707867e+00
1.193479626812162575e+00
1.226473164698205220e+00
1.257793855968754482e+00
1.288260625939213089e+00
1.317581753771559283e+00
1.346040531583714506e+00
1.372745515469605548e+00
1.350449654722554405e+00
1.361355949880473037e+00
1.371203210882363077e+00
1.379999325001603383e+00
1.387749934028607912e+00
1.394456854982957905e+00
1.400398633746725796e+00
1.404731785967472169e+00
1.408307126692203370e+00
1.410834802690919210e+00
1.363945764233482905e+00
1.350846462128646230e+00
1.336920539068134017e+00
1.322197063988797439e+00
1.306706509408001482e+00
1.290477978105200707e+00
1.273540437254571112e+00
1.255923463656692496e+00
1.237657675623776932e+00
1.218774962258210914e+00
1.150580491738789402e+00
1.117345281548631331e+00
1.083870528409947243e+00
1.050215191947983628e+00
1.016439263017379080e+00
9.826000245400061672e-01
9.487528728637080189e-01
9.149523732492470529e-01
8.812496945244532309e-01
8.476985142441797461e-01
7.652219091971539378e-01
7.193516608434483706e-01
6.741040046029850297e-01
6.295432567034238147e-01
5.857314924345279339e-01
5.427245067097069553e-01
5.005716139631707362e-01
4.593213602653428707e-01
4.190121588594316604e-01
3.796833930148366676e-01
2.918544480924234463e-01
2.423318654584319665e-01
1.942325629726393832e-01
1.475937621794320143e-01
1.024479768844180072e-01
5.881909186442740856e-02
1.672382316952253367e-02
-2.382726001323007270e-02
-6.282899362173044455e-02
-1.002810547524835283e-01
-1.860487279974000763e-01
-2.321619061803815165e-01
-2.763903061613217638e-01
-3.187341547041421252e-01
-3.591991505588524314e-01
-3.978034192794266954e-01
-4.347268149896867384e-01
-4.694887396771518229e-01
-5.026428489607811523e-01
-5.340469538976657660e-01
-6.138909320218638443e-01
-6.532273076152246283e-01
-6.905932430502681463e-01
-7.260142035143219985e-01
-7.595213115348596888e-01
-7.911542903236170599e-01
-8.209667907551148058e-01
-8.491303776999619135e-01
-8.752704573911297414e-01
-8.998933754186736467e-01
-9.732773702715055153e-01
-1.005723576268367614e+00
-1.036359417879749945e+00
-1.065230380480801653e+00
-1.092472469357616660e+00
-1.117741766155274874e+00
-1.141522417436916736e+00
-1.163720619903759967e+00
-1.184394849896263535e+00
-1.203603011273620904e+00
-1.271943021371267246e+00
-1.299209608571836316e+00
-1.324920728533724779e+00
-1.349097660673491017e+00
-1.371773672126821220e+00
-1.392997282810414461e+00
-1.412863721829960895e+00
-1.431266784139261006e+00
-1.448427947380993563e+00
-1.464346431589542696e+00
-1.476101955530464638e+00
-1.489481617935259905e+00
-1.501837332442466089e+00
-1.513280745350907619e+00
-1.523623713723112783e+00
-1.533115222820843115e+00
-1.541777637749589092e+00
-1.549530775041547903e+00
-1.556534130307563935e+00
-1.562846478981623211e+00
-1.511873360413818146e+00
-1.506009571926794077e+00
-1.499695586787330726e+00
-1.493184793812971645e+00
-1.486436372540649975e+00
-1.479481118831026398e+00
-1.472345492037882453e+00
-1.465053356343197999e+00
-1.457667554477759753e+00
-1.450089289011205373e+00
-1.386184481337628283e+00
-1.367897741222947161e+00
-1.349993115804547728e+00
-1.332157338837299809e+00
-1.314717525565491485e+00
-1.297574412658058840e+00
-1.280734898701649360e+00
