-4.546728094943181669e-02
-4.555122314475523043e-02
-4.562773108931501148e-02
-4.569736140208498915e-02
-4.574552186120597885e-02
-4.578732837585670901e-02
-4.582319700648718880e-02
-4.585302656371269270e-02
-4.587672475736323530e-02
-4.589422013149203200e-02
-4.590609671103097755e-02
-4.591278986285637215e-02
-4.591419704015971270e-02
-4.591025267508383467e-02
-4.590091638683205938e-02
-4.588617068917637265e-02
-4.586601348144937751e-02
-4.584045836248263478e-02
-4.580952921736677202e-02
-4.577326034426109497e-02
-4.573234830929464451e-02
-4.568732838454595685e-02
-4.563818376353302730e-02
-4.558492594322887531e-02
-4.552759138974801084e-02
-4.546623084163544520e-02
-4.540090625203700020e-02
-4.533169000777267227e-02
-4.525866321414237503e-02
-4.518191328547051244e-02
-4.510216209352548716e-02
-4.501995480744342554e-02
-4.493529605738431215e-02
-4.484822263037138712e-02
-4.475879194656044030e-02
-4.466707570350225004e-02
-4.457315544585660483e-02
-4.447711914944783157e-02
-4.437906105359528536e-02
-4.427907875623255524e-02
-4.417784680069430925e-02
-4.407586281815922130e-02
-4.397312556892542246e-02
-4.386966332032565113e-02
-4.376552302832902031e-02
-4.366076337267374430e-02
-4.355545031791519667e-02
-4.344965428805849794e-02
-4.334344836381304189e-02
-4.323690712447920276e-02
-4.313060260302004761e-02
-4.302494357394513746e-02
-4.291990587269028240e-02
-4.281549041326933314e-02
-4.271171340440084452e-02
-4.260860013579053501e-02
-4.250618155554192201e-02
-4.240449043250345967e-02
-4.230356128741253469e-02
-4.220342942544995368e-02
-4.210453244740999107e-02
-4.200717381822378221e-02
-4.191130513120860240e-02
-4.181689730548178441e-02
-4.172393250593586789e-02
-4.163239992740545847e-02
-4.154229131952523468e-02
-4.145360099992705799e-02
-4.136632399097554813e-02
-4.128045505418189570e-02
-4.119629234216442421e-02
-4.111403435671555362e-02
-4.103362138720084706e-02
-4.095500460220769662e-02
-4.087814153786161614e-02
-4.080299382074469711e-02
-4.072952467053137654e-02
-4.065769792808767574e-02
-4.058747850376890481e-02
-4.051883170556951075e-02
-4.045192391172904717e-02
-4.038686402527848218e-02
-4.032359805725699298e-02
-4.026207268230631159e-02
-4.020223547149451293e-02
-4.014403464100782526e-02
-4.008741814391510866e-02
-4.003233329238465449e-02
-3.997872834644928403e-02
-3.992655210544136107e-02
-3.987585588279915494e-02
-3.982667706753954123e-02
-3.977898471427353255e-02
-3.973273803189829312e-02
-3.968788982118472142e-02
-3.964438952554993206e-02
-3.960218358113844900e-02
-3.956121700354081616e-02
-3.952143536174233113e-02
-3.948278369931323972e-02
-3.944521966230177951e-02
-3.940873111570746684e-02
-3.937332522787137523e-02
-3.933898804551248796e-02
-3.930569129793821254e-02
-3.927339795296491687e-02
-3.924206641724747868e-02
-3.921165260627278853e-02
-3.918211148444292191e-02
-3.915339812146359511e-02
-3.912557645622948693e-02
-3.909865711647622644e-02
-3.907254115545213957e-02
-3.904715266512073096e-02
-3.902243150498223984e-02
-3.899832858303614591e-02
-3.897480273302996595e-02
-3.895181862749789309e-02
-3.892934538342300577e-02
-3.890735562978116929e-02
-3.888612167115362145e-02
-3.886574691603968817e-02
-3.884602531478050652e-02
-3.882681914056781286e-02
-3.880803607737024624e-02
-3.878961395972609777e-02
-3.877151069688501012e-02
-3.875369764306672155e-02
-3.873615524468910359e-02
-3.871887018649081830e-02
-3.870202523180326509e-02
-3.868571123391602307e-02
-3.866983308135925335e-02
-3.865433075149237591e-02
-3.863916740794674787e-02
-3.862432160213268018e-02
-3.860978218015755081e-02
-3.859554485927158690e-02
-3.858161000553258363e-02
-3.856798203354782489e-02
-3.855489590588666304e-02
-3.854247428644752560e-02
-3.853061759861265562e-02
-3.851926686525612015e-02
-3.850839005319857400e-02
-3.849797318617907693e-02
-3.848801371358419321e-02
-3.847851697781692892e-02
-3.846949370922434636e-02
-3.846095840104647029e-02
-3.845319008097691088e-02
-3.844633867511829117e-02
-3.844029865965778447e-02
-3.843501130557346046e-02
-3.843044854153842421e-02
-3.842660243986039531e-02
-3.842347839811875027e-02
-3.842109072229041300e-02
-3.841945976853016614e-02
-3.841861009584000841e-02
-3.841886221862886308e-02
-3.842039090915098237e-02
-3.842308537148218101e-02
-3.842688736356071610e-02
-3.843177300707122795e-02
-3.843774096553147224e-02
-3.844480479659610067e-02
-3.845298801101666719e-02
-3.846232088484315831e-02
-3.847283840672903465e-02
-3.848489951889174504e-02
-3.849870227350009333e-02
-3.851413235339792157e-02
-3.853113343499565274e-02
-3.854968710340778149e-02
-3.856979982741792073e-02
-3.859149455253292615e-02
-3.861480528372230464e-02
-3.863977360185292392e-02
-3.866644643052473407e-02
-3.869508384024546860e-02
-3.872582532934840810e-02
-3.875859991840244212e-02
-3.879338329451681444e-02
-3.883018171341859337e-02
-3.886902160223972003e-02
-3.890994287964136267e-02
-3.895299467675132632e-02
-3.899823260771475425e-02
-3.904571704050517622e-02
-3.909572526451287472e-02
-3.914840847583549166e-02
-3.920370216826932208e-02
-3.926159090407514707e-02
-3.932209150758358973e-02
-3.938524223471418645e-02
-3.945109583341327442e-02
-3.951971511454638319e-02
-3.959117014186431388e-02
-3.966553646632398067e-02
-3.974310920511019141e-02
-3.982405334500358635e-02
-3.990831525946270802e-02
-3.999589304873467366e-02
-4.008681905791695865e-02
-4.018114863318521246e-02
-4.027895293550717848e-02
-4.038031437132863499e-02
-4.048532371065607233e-02
-4.059407829355312497e-02
-4.070689673455434032e-02
-4.082396409473185855e-02
-4.094524514974392376e-02
-4.107075934771122622e-02
-4.120056270131380177e-02
-4.133473616442479709e-02
-4.147337822405731955e-02
-4.161660021137266602e-02
-4.176452336638392104e-02
-4.191727703444077940e-02
-4.207485159740409486e-02
-4.223745933500108046e-02
-4.240553201727870897e-02
-4.257942122928525669e-02
-4.275943014034074702e-02
-4.294583403261499621e-02
