-5.725456609441764710e-01
-1.876276537324288451e-01
-8.434793533681106403e-02
-1.621322880857839488e-02
2.921181402183009590e-02
5.987796869304362612e-02
9.147393227772458724e-02
1.030214108158330477e-01
1.109230686968651347e-01
1.163710515652236072e-01
1.201453011771406038e-01
1.227625862122257994e-01
1.245722791432318094e-01
1.258143126254071542e-01
1.266568881770492871e-01
1.272234370360458833e-01
1.446165079157690214e-01
1.431206179597875328e-01
1.418049710790510454e-01
1.406299029096103048e-01
1.395644214639400194e-01
1.386145208144783370e-01
1.377676299089862777e-01
1.370240851990116027e-01
1.363776092827606867e-01
1.358472843006124642e-01
1.532797371516059770e-01
1.512742054899026412e-01
1.495696858369837678e-01
1.480881494615255423e-01
1.468006225733957670e-01
1.456622932837785545e-01
1.446516352675253914e-01
1.437525009037692592e-01
1.429525576274868204e-01
1.422419342928092079e-01
1.603035031160207069e-01
1.580895834250001242e-01
1.561067748127758226e-01
1.542760143515235216e-01
1.525550884712317534e-01
1.509147177854173183e-01
1.493350749378656306e-01
1.478024952825198746e-01
1.463073586941986137e-01
1.448427403843176864e-01
1.628024067685598930e-01
1.597462153330378998e-01
1.568384169200287004e-01
1.540257058944692892e-01
1.512724586878742006e-01
1.485569327806576800e-01
1.458662501363545694e-01
1.431931995843002126e-01
1.405341956896276612e-01
1.378879735099121095e-01
1.551544264009724894e-01
1.508769083613092643e-01
1.467397469276695010e-01
1.426958211729706660e-01
1.387268432880097158e-01
1.347919268725763509e-01
1.309030271636929255e-01
1.270537233975066460e-01
1.232443961727101300e-01
1.194774113777132274e-01
1.358814001495859680e-01
1.305054456325598911e-01
1.253162406284237251e-01
1.202697447532335151e-01
1.153384770166777651e-01
1.105171113892344792e-01
1.057775505939674565e-01
1.011375589463810176e-01
9.659532929297146020e-02
9.215416787743480054e-02
1.078311712641565612e-01
1.018357252089056586e-01
9.611212771179541980e-02
9.059509293002485086e-02
8.527264929252675874e-02
8.012649311566885646e-02
7.515114782045506647e-02
7.034761740011624687e-02
6.570173470410622940e-02
6.123061806952186104e-02
7.644010381644983365e-02
7.048090413249050168e-02
6.487086529583961647e-02
5.957697379616722078e-02
5.455149589848364011e-02
4.977999576325449482e-02
4.526735055558434029e-02
4.098374795661778591e-02
3.696288324137270154e-02
3.317187293439682882e-02
4.816885939383568072e-02
4.294356755957148830e-02
3.817743883517930870e-02
3.381309697039489026e-02
2.980057672772797039e-02
2.613059761166584838e-02
2.278762447113191758e-02
1.976420561499325768e-02
1.705578329941066784e-02
1.466221187547571414e-02
1.158649559786445460e-02
9.458405401102293331e-03
7.699430266118675870e-03
6.285377794623264736e-03
5.208758586454725892e-03
4.447004597995657393e-03
3.987466068143263875e-03
3.860185426301163125e-03
4.003982716977466660e-03
4.436664010535246172e-03
-1.327038409890350656e-02
-1.118943031553402967e-02
-8.941332987685068900e-03
-6.523263166347194331e-03
-3.916256948439438001e-03
-1.145364432290706114e-03
1.797609176023118316e-03
4.688073987884774918e-03
7.871714518065640875e-03
1.135418066094826678e-02
-2.227527873024812144e-03
2.518176906611740984e-03
7.246882215845643072e-03
1.197482586848555575e-02
1.671052322384515565e-02
2.145585229350933237e-02
2.620900334930678643e-02
3.096629357427256590e-02
3.572326739584559541e-02
4.047534866832469547e-02
2.903914631721819795e-02
3.448298167160178396e-02
3.985626300780763243e-02
4.514755171787125654e-02
5.035044174731058420e-02
5.546012351413739938e-02
6.047321838966276952e-02
6.538760960828152169e-02
7.020228034831854647e-02
7.491716395182362875e-02
6.497889085774452567e-02
7.013548193509397399e-02
7.514922758464884223e-02
8.001028022225925573e-02
8.471535874627422746e-02
8.926385833881608778e-02
9.365712224808717123e-02
9.789792396825500176e-02
1.019900925985894741e-01
1.059382367732461944e-01
9.699132204219954034e-02
1.012957549411755837e-01
1.054246696260816157e-01
1.093715181025413097e-01
1.131363738995480317e-01
1.167221437823674768e-01
1.201336234171305473e-01
1.233768558633965978e-01
1.264559322212089332e-01
1.293889758535816392e-01
1.213613292024568746e-01
1.247007451455319771e-01
1.278323702068068779e-01
1.307893999382325756e-01
1.335565917260566615e-01
1.361436087171669640e-01
1.385577686867888736e-01
1.408072220939003416e-01
1.429005021369288142e-01
1.448462853846662624e-01
1.412202263089865628e-01
1.444795709375932824e-01
1.473873645502033203e-01
1.499952456183626937e-01
1.523520644402839852e-01
1.544813883247349307e-01
1.564102146940848925e-01
1.581573242734621576e-01
1.597382448335192273e-01
1.611661824439701851e-01
1.581629178059182073e-01
1.608640619590283316e-01
1.632260320728957104e-01
1.653062523191223265e-01
1.671460249640308871e-01
1.687799928701894936e-01
1.702189245036542231e-01
1.714937447097746592e-01
1.726146262373521589e-01
1.735944834177015617e-01
1.711544025236421129e-01
1.734068969012989292e-01
1.753529767055642674e-01
-1.111437445640048871e-01
-1.165911727117994179e-01
-1.219211476359643720e-01
-1.271357207403630007e-01
-1.322569363435638357e-01
-1.370701473836470063e-01
-1.443525476853650125e-01
-1.476037059844772237e-01
-1.508889956698967194e-01
-1.541712785515300943e-01
-1.574416975079280523e-01
-1.606629061565763017e-01
-1.638537117880771721e-01
-1.670019013515949557e-01
-1.701073656057894845e-01
-1.731710671651922051e-01
-1.785660968316351294e-01
-1.802066345904163869e-01
-1.818341701240540620e-01
-1.834395759679493532e-01
-1.850166396938062729e-01
-1.865610707917220168e-01
-1.880697137230758764e-01
-1.895400540847409498e-01
-1.909699117965917292e-01
-1.923572537105128766e-01
-1.962773801398746687e-01
-1.962139368503150183e-01
-1.961182069638621739e-01
-1.959766816147743562e-01
-1.957877916248795813e-01
-1.955482214281933639e-01
-1.952313587016556440e-01
-1.948591843013238734e-01
-1.944193678680375958e-01
-1.939100323372141832e-01
-1.962805229401869411e-01
-1.942754078109857063e-01
-1.922106114189569559e-01
-1.900783742296731360e-01
-1.878741375581926554e-01
-1.855957780977751659e-01
-1.832428555116651370e-01
-1.808161234942363693e-01
-1.783172085518447136e-01
-1.757483954656930691e-01
-1.764910221329784312e-01
-1.724617434660505044e-01
-1.683885667482787341e-01
-1.642715112712430092e-01
-1.601050143510312773e-01
-1.558913265460120101e-01
-1.516543005248001119e-01
-1.473773065328057852e-01
-1.430756726385749023e-01
-1.387561601839267245e-01
-1.381599189970219577e-01
-1.325253081574647995e-01
-1.269198295061120807e-01
-1.213441613542438069e-01
-1.158022453678098918e-01
-1.103003506820906532e-01
-1.048460881391617416e-01
-9.944776687489659261e-02
-9.411397140817179263e-02
-8.885328133510428383e-02
-8.757387001392213932e-02
-8.121320366764200882e-02
-7.498266996995844869e-02
-6.890211564766823837e-02
-6.295429922616774254e-02
-5.715256308649008243e-02
-5.150326253717518732e-02
-4.601330615892851306e-02
-4.068965070337549061e-02
-3.553571527513471606e-02
-3.436051532900613603e-02
-2.832622211083030139e-02
-2.254288661127981652e-02
-1.700552910546723751e-02
-1.171231584970400252e-02
-6.664250843839314431e-03
-1.863777913898467808e-03
2.686097250413410631e-03
6.984014372402591597e-03
1.102144902115828606e-02
1.143908389864112252e-02
1.617245589929178218e-02
2.056655444409379030e-02
2.462972627558396299e-02
2.835689571966432121e-02
3.176321717420835244e-02
3.486310905625535084e-02
3.763267797443237139e-02
4.009082357841860234e-02
4.223493041872665443e-02
4.447665427400913918e-02
4.615372853699951927e-02
4.750611863554239644e-02
4.853061893072614652e-02
4.924416072350483453e-02
4.966463114355128272e-02
4.978403356200552382e-02
4.961467924334136970e-02
4.916378123166999931e-02
4.843861012805802252e-02
5.036890599511494732e-02
4.843965649195813850e-02
4.632050752603232568e-02
4.401989177128287634e-02
4.154695375951503178e-02
3.891134713606638623e-02
3.612279309034997082e-02
3.319081457505254629e-02
3.012458017098250396e-02
2.692865351214793895e-02
2.571474695199819915e-02
2.177363015467933399e-02
1.779590218492544881e-02
1.377810375207046134e-02
9.742960578895565327e-03
5.693243068232505324e-03
1.635633555224419444e-03
-2.424043486095733835e-03
-6.480793266407741671e-03
-1.053039325784503599e-02
-1.353736363247408370e-02
-1.797172127903634564e-02
-2.232610747520590022e-02
-2.659560934234844742e-02
-3.077716229338114950e-02
-3.486901069899167593e-02
-3.887045566675359498e-02
-4.278166304319508395e-02
-4.660351331102632888e-02
-5.033748151165244600e-02
-5.411702273615176528e-02
-5.801902030630032292e-02
-6.177063842836669205e-02
-6.537342695485376387e-02
-6.883032872272605573e-02
-7.214524630093757662e-02
-7.532275802039954671e-02
-7.836791648752478023e-02
-8.128610203332195527e-02
-8.408291373331212848e-02
-8.802924343315653155e-02
-9.089901108053331791e-02
-9.358913480778548177e-02
-9.610668259875024266e-02
-9.845567261495673239e-02
-1.006549572017002431e-01
-1.027007049995669885e-01
-1.046082844694982278e-01
-1.063872969655077771e-01
-1.080189864957555174e-01
-1.117907747720421480e-01
-1.134864677323554061e-01
-1.149985561309748855e-01
-1.163377277311985064e-01
-1.175141475212154035e-01
-1.185376329087262093e-01
-1.194176210546628730e-01
-1.201631501723124662e-01
-1.207828497492304531e-01
-1.212849369009581929e-01
-1.244568033464663048e-01
-1.250457218753713295e-01
-1.254851396931213336e-01
-1.257803941308358875e-01
-1.259375811864704153e-01
-1.259633671977751501e-01
-1.258646685175003888e-01
-1.256455370717619036e-01
-1.253221132900199652e-01
-1.248936436059020216e-01
-1.273800217223855502e-01
-1.269764268777520133e-01
-1.264510854944890239e-01
-1.258053970054404114e-01
-1.250427126228480512e-01
-1.241677615926832512e-01
-1.231886207041126419e-01
-1.221027706764146736e-01
-1.209238774474655082e-01
-1.196611292348346428e-01
-1.214220973145670734e-01
-1.201515043020392887e-01
-1.187871041010163942e-01
-1.173427563484966130e-01
8.591327105787789284e-03
9.420028694656835955e-03
1.028395272895582177e-02
1.857224740952594100e-02
1.900225123453104514e-02
1.955269680385719744e-02
2.021331021344099227e-02
2.093905665762070545e-02
2.176961709127041289e-02
2.268326187486784801e-02
2.368021066905758032e-02
2.476229419112379801e-02
2.593219502110188229e-02
3.505116426763572185e-02
3.589487453124821925e-02
3.688373462300125610e-02
3.800429580468839968e-02
3.920739090409394723e-02
4.052693632306320071e-02
4.193665842584660269e-02
4.343172193651761298e-02
4.500851964893989171e-02
4.666399813812567576e-02
5.690183696513773093e-02
5.818301203077289735e-02
5.956327657637319056e-02
6.101560154683700193e-02
6.252015906896513098e-02
6.407170082112331744e-02
6.562651145459855173e-02
6.721422808906168944e-02
6.880977112144322227e-02
7.040530581769083307e-02
8.121616967174843937e-02
8.222645070815294555e-02
8.323364460362704664e-02
8.421081084711895537e-02
8.513835062195219960e-02
8.600223391728921418e-02
8.679218757931622674e-02
8.750054914732663391e-02
8.812154227502234927e-02
8.865081836790525416e-02
9.898568472447132061e-02
9.868526151870092578e-02
9.829856642120911314e-02
9.780542004952391677e-02
9.719344097551732564e-02
9.645635195963923880e-02
9.561647552162727548e-02
9.467157762571459800e-02
9.359165667384257425e-02
9.287566059944181440e-02
1.019864249800767897e-01
9.981929674979966860e-02
9.773918283207444491e-02
9.565907375963780823e-02
9.353244800957000171e-02
9.133061801612966935e-02
8.904004821468117226e-02
8.665688286987709155e-02
8.418342920982754829e-02
8.162588309847849943e-02
8.976877202845236214e-02
8.623787265060442464e-02
8.268873778867275037e-02
7.911360044265362823e-02
7.551042755944965823e-02
7.188361364144320309e-02
6.824119735814038190e-02
6.458887966615013687e-02
6.095248316039110492e-02
5.732940164130764793e-02
6.454268400816690066e-02
6.003092934351513671e-02
5.565011806850603954e-02
5.137742816954046776e-02
4.721282650423384852e-02
4.314371792669178390e-02
3.917320956505804253e-02
3.531775312411537804e-02
3.157925137932372089e-02
2.795051385120719128e-02
3.510059550456631761e-02
3.068340041024586115e-02
2.653207101528387568e-02
2.261532010578222104e-02
1.889582630027575316e-02
1.538831806560670215e-02
1.207296939172540495e-02
8.951695888273474705e-03
6.025367629772342137e-03
3.295484188851291810e-03
-1.892172746866642441e-04
-2.743180229963364768e-03
-5.042323884437563582e-03
-7.100546467090807987e-03
-8.918667745103190866e-03
-1.052063727569713461e-02
-1.190949652155950250e-02
-1.309011895729634764e-02
-1.406673203039898734e-02
-1.484310324544579375e-02
-2.819329340364288075e-02
-2.805264417093667612e-02
-2.774504636332341539e-02
-2.728027879100231728e-02
-2.666582972700428517e-02
-2.590907843147776529e-02
-2.501716003810009956e-02
-2.399688034901840267e-02
-2.285467373167735655e-02
-2.159660574837558855e-02
-3.340951486818790478e-02
-3.156809655752994964e-02
-2.962558702854937304e-02
-2.761715354546868256e-02
-2.554279825678448107e-02
-2.341676285379541700e-02
-2.124750347637063830e-02
-1.904185133821340026e-02
-1.680536045461189509e-02
-1.454256953381703743e-02
-2.561634909791328518e-02
-2.307637354338384905e-02
-2.051327941013780798e-02
-1.793537659940504236e-02
-1.537173743966867290e-02
-1.282849087703885615e-02
-1.031178284429326575e-02
-7.825682031682476558e-03
-5.372626026186641535e-03
-2.948435720940417726e-03
-1.384823521091708975e-02
-1.135529753777168860e-02
-8.874140448424855387e-03
-6.429852837769853280e-03
-4.036197771895136399e-03
-1.706069391062881024e-03
5.704162936363554870e-04
2.779251984279140775e-03
4.923986401434710114e-03
7.006036086815173314e-03
-3.888316742131706083e-03
-1.818142403541667118e-03
2.197600539146499221e-04
2.203008726715430243e-03
4.120180527398112358e-03
5.965623356625551765e-03
7.737406098986238101e-03
9.435990501858976254e-03
1.106336850435471475e-02
1.262250011083199119e-02
1.904944457122026424e-03
3.475013498921680766e-03
4.999098077650657168e-03
6.461466332688486913e-03
7.855200825436753354e-03
9.177880539264715587e-03
1.042992537852845125e-02
1.161352799748241460e-02
1.273196397514023137e-02
1.378462790389151094e-02
6.944300293872551766e-03
8.732685628379838194e-03
1.027642269965760302e-02
1.164431297940521359e-02
1.287375082868978671e-02
1.399228636691618455e-02
1.501973508890061537e-02
1.597073771520776675e-02
1.685652493908698646e-02
1.768605239304206489e-02
1.109101595464120904e-02
1.267340128490494766e-02
1.402799700943743733e-02
1.522601004540288794e-02
1.630570006307803521e-02
1.729494282381968673e-02
1.821083856610566931e-02
1.907902684221939732e-02
1.989557116562490346e-02
2.067859688325233980e-02
1.456853380655025176e-02
1.616761065643802786e-02
-1.042837759842114159e-01
-1.073625354015647210e-01
-1.104017448762799058e-01
-1.134081678533494508e-01
-1.163882575628684135e-01
-1.141189226333782780e-01
-1.162791833296934474e-01
-1.184067582417514114e-01
-1.205127002592142060e-01
-1.226050585197871468e-01
-1.246893022866980144e-01
-1.267719287450982946e-01
-1.288520418474030926e-01
-1.309441910189260705e-01
-1.330256708387150266e-01
-1.299608127766763710e-01
-1.312315695776088975e-01
-1.324862162377758446e-01
-1.337104485660535191e-01
-1.349229390485496283e-01
-1.361215508288526055e-01
-1.373064150498286562e-01
-1.384767834247747353e-01
-1.396316099737200944e-01
-1.407695887230382692e-01
-1.368851441078292042e-01
-1.371172658666737765e-01
-1.372973467926855151e-01
-1.374268745915981360e-01
-1.375077293831945546e-01
-1.375408344407022809e-01
-1.375262088825167095e-01
-1.374634896500707970e-01
-1.373522221857752523e-01
-1.371919905708384457e-01
-1.322267429363165880e-01
-1.310802219720005601e-01
-1.298556677575745943e-01
-1.285588200585578433e-01
-1.271946934826496678e-01
-1.257673561781075533e-01
-1.242804262239852187e-01
-1.227373436945124047e-01
-1.211415274191912639e-01
-1.194964600245166236e-01
-1.133971414390092108e-01
-1.107624840600636984e-01
-1.080727262660841625e-01
-1.053310952392124966e-01
-1.025463231272529252e-01
-9.972653879120126075e-02
-9.687926847311359446e-02
-9.401163497642428535e-02
-9.113047599358337081e-02
-8.824240282690994086e-02
-8.136447764002333050e-02
-7.759036268186722540e-02
-7.381240761581907284e-02
-7.004048128638740156e-02
-6.627931261459558965e-02
-6.256023674336974594e-02
-5.887916130249784552e-02
-5.524319873288373317e-02
-5.165979494882110001e-02
-4.813590529520732353e-02
-4.110576614927706485e-02
-3.684212939015846233e-02
-3.264525808650865779e-02
-2.853793839086882222e-02
-2.452279837699569698e-02
-2.060996082528829265e-02
-1.680566955840015475e-02
-1.311635949280454128e-02
-9.547645058034875953e-03
-6.104394877175262080e-03
4.374169109422620938e-04
4.469249701895758320e-03
8.361781788257194314e-03
1.210293782441995702e-02
1.568715081739985306e-02
1.910199093645312263e-02
2.234806389155701012e-02
2.542703051068796738e-02
2.832886054128523623e-02
3.105735178076138997e-02
3.661046184943216736e-02
3.979982941813371700e-02
4.278022154191336857e-02
4.555735607181155000e-02
4.812896508680406665e-02
5.048100287204573822e-02
5.262188670033372123e-02
5.455037922060911038e-02
5.626212899835190268e-02
5.776031439583965976e-02
5.918785717493477150e-02
6.032462253310386102e-02
6.125059800435432578e-02
6.196859012067112982e-02
6.248210521161792763e-02
6.280049187545005962e-02
6.291193538566833277e-02
6.283436403783389246e-02
6.256873151459477200e-02
6.211972669205578085e-02
5.876956475170785898e-02
5.742400731699398575e-02
5.589226781463075416e-02
5.432405042502641557e-02
5.265978558686048444e-02
5.083289514630574130e-02
4.917012124106602544e-02
4.724840071493732752e-02
4.515167672606493210e-02
4.294403775841976190e-02
3.769225808508956665e-02
3.484642473437744858e-02
3.197061429271245286e-02
2.907257527754267962e-02
2.615920527638176951e-02
2.323630721628560519e-02
2.030874255092868230e-02
1.738055300646677848e-02
1.445505943808429034e-02
1.153494372104217625e-02
5.357796125510412566e-03
2.087123187035411220e-03
-1.109960839733845073e-03
-4.234101135391521442e-03
-7.285748366266775466e-03
-1.026569911796947066e-02
-1.317510220983834912e-02
-1.601544428421833310e-02
-1.878852399219596570e-02
-2.149642077256282147e-02
-2.773863346449932654e-02
-3.063711531980112257e-02
-3.340828141270189844e-02
-3.605882337492283263e-02
-3.859446050519962923e-02
-4.102066439898595374e-02
-4.334276191722845339e-02
-4.556599033478651861e-02
-4.769552322101119901e-02
-4.973647903307594487e-02
-5.555385680049389208e-02
-5.770791468499492094e-02
-5.971642160193367521e-02
-6.158978136824878880e-02
-6.333682129295968577e-02
-6.496565001321424893e-02
-6.648384025521968110e-02
-6.789854291686713006e-02
-6.921655793583854355e-02
-7.044437832795645560e-02
-7.557741766757597457e-02
-7.688835778688944689e-02
-7.805898394298893539e-02
-7.910068841408499085e-02
-8.002316439648032853e-02
-8.083524549262531556e-02
-8.154389467716037510e-02
-8.216091489044295704e-02
-8.268975643971525347e-02
-8.313463921326408324e-02
-8.692352512109036144e-02
-8.740697859095572508e-02
-8.780926102983309389e-02
-8.812720985334282497e-02
-8.836089598558310998e-02
-8.851265139387948233e-02
-8.858615332960792510e-02
-8.858583736611486126e-02
-8.851652314939714716e-02
-8.838317766716576040e-02
-9.149756579060719375e-02
-9.140307341830369858e-02
-9.125202790370089134e-02
-9.103979659684117987e-02
-9.076551274762882648e-02
-9.042981728679927445e-02
-9.004106444846340929e-02
-8.959452663882648549e-02
-8.910202671457570500e-02
-8.856639076874531225e-02
-9.116932004509761822e-02
-9.071471723932766906e-02
-9.023805234732334979e-02
-2.983822941334575429e-02
-2.935989009845324516e-02
-2.889216639408785647e-02
-2.843303625465362638e-02
-2.797588106324230828e-02
-2.751157835193605850e-02
-1.820000197757466742e-02
-1.804561398547710471e-02
-1.780969113986018149e-02
-1.747281051519108952e-02
-1.705723792768210068e-02
-1.656454976170305959e-02
-1.599336693410106924e-02
-1.534072303018561845e-02
-1.460287583024465208e-02
-1.377579942812513780e-02
-3.744252255899777060e-03
-3.093298369562333394e-03
-2.318482083967343677e-03
-1.407065725449796467e-03
-3.896826282462767521e-04
7.241395824686414073e-04
1.927973558781340135e-03
3.217168275668425004e-03
4.588063634944086755e-03
6.037516154361821652e-03
1.708897199262777999e-02
1.828009548897678582e-02
1.956619618801030969e-02
2.092218727415731672e-02
2.232964784814332748e-02
2.377525054623502720e-02
2.524908964692691715e-02
2.674223777926145601e-02
2.824991642456087249e-02
2.977467713564536933e-02
4.125640449661364950e-02
4.230717130906290480e-02
4.336608916975082106e-02
4.440980585950967535e-02
4.542181908404759050e-02
4.639096610335922966e-02
4.730964241284900396e-02
4.817266374502791187e-02
4.897653665112193522e-02
4.971898837262909293e-02
6.078857594466186010e-02
6.084857757899588687e-02
6.085871508067326047e-02
6.079139644023179995e-02
6.066776335243962565e-02
6.044392188345936584e-02
6.013435196241449787e-02
5.973928674759253904e-02
5.926065424537848431e-02
5.870156950142176033e-02
6.879266887629037486e-02
6.742919279449653691e-02
6.602345365413483935e-02
6.456269882059652299e-02
6.302515649908496664e-02
6.144807008400020309e-02
5.979034224854180846e-02
5.807502926906832341e-02
5.630782680034957660e-02
5.449516519237236623e-02
6.359096090881947994e-02
6.096815452093590909e-02
5.834538370910224286e-02
5.572903058516844033e-02
5.310939865206211474e-02
5.049163181713554882e-02
4.785819569485069702e-02
4.525422094038882709e-02
4.264044949553223718e-02
4.004471741398948903e-02
4.854600787633207848e-02
4.514627820103010031e-02
4.185580833835961245e-02
3.865209631115749250e-02
3.552250046757274293e-02
3.246184323875431210e-02
2.946945066790033693e-02
2.653847043483268178e-02
2.369856864258329185e-02
2.092326512509075018e-02
2.928340688281187362e-02
2.574333992535170895e-02
2.238713806612733365e-02
1.920607971353710183e-02
1.616386622762061229e-02
1.325815035093563798e-02
1.049184817582180657e-02
7.838387306874233101e-03
5.342241405183925651e-03
2.962070691261226019e-03
1.660596926261678763e-04
-2.098989146190180510e-03
-4.186560565395153199e-03
-6.109456572317255307e-03
-7.876031504920243120e-03
-9.498353860101373114e-03
-1.094909418612584340e-02
-1.227419913868388335e-02
-1.345466522062043618e-02
-1.449246866872086481e-02
-2.793659211454815883e-02
-2.810682540787332040e-02
-2.818665684291804530e-02
-2.818104784317621014e-02
-2.805475744147570283e-02
-2.785388373533917439e-02
-2.755880832083406479e-02
-2.717231045196329825e-02
-2.669754542770993305e-02
-2.613775771994000796e-02
-3.848766389537502247e-02
-3.731036227317890280e-02
-3.608720121599873210e-02
-3.482425069917438609e-02
-3.352517112271634347e-02
-3.219353301127039768e-02
-3.083266163607001342e-02
-2.944623943076846162e-02
-2.803671100131388538e-02
-2.660612759759992119e-02
-3.838231001066887138e-02
-3.657021740146136624e-02
-3.475480271021612333e-02
-3.294705059776653622e-02
-3.115270324305202676e-02
-2.937559436941930557e-02
-2.761818456783154963e-02
-2.588192351360477095e-02
-2.416749922907444892e-02
-2.247501269630498844e-02
-3.400044068823630805e-02
-3.207770142580174122e-02
-3.017519968964997579e-02
-2.830608094153073961e-02
-2.647654078122839427e-02
-2.468976437391016965e-02
-2.294692704828918406e-02
-2.124785114724375701e-02
-1.959144033351369052e-02
-1.797596901003759018e-02
-2.925397562265059925e-02
-2.745962049971792385e-02
-2.569438620405628537e-02
-2.397073960124959657e-02
-2.229390811240737624e-02
-2.066587186538730581e-02
-1.908651548344493520e-02
-1.755437587157664125e-02
-1.606712941986622456e-02
-1.462191048669134186e-02
-2.535799955382438131e-02
-2.368237897067033970e-02
-2.204166286879107040e-02
-2.043885089977108549e-02
-1.890124987456921757e-02
-1.738564601472426807e-02
-1.591364830509094108e-02
-1.448210204842896587e-02
-1.308328927934727937e-02
-1.171483296097726445e-02
-2.133849341685070677e-02
-1.958026211003666139e-02
-1.787096960216433272e-02
-1.621051436263325207e-02
-1.459092413942429667e-02
-1.299780607739700611e-02
-1.146129588818649292e-02
-9.929628827888350995e-03
-8.422153766996426372e-03
-6.934277355697918144e-03
-1.183660189336668833e-02
-9.122073555787785226e-03
-6.635133932672024337e-03
-4.300927883928717943e-03
-2.069266508216538458e-03
8.989275451090628088e-05
2.209288143685927963e-03
4.282019399686656791e-03
6.357259730676606546e-03
8.422413869842493295e-03
4.779777910631527460e-03
8.168121077637674476e-03
1.135992105652004064e-02
-8.363638885293417369e-02
-8.762178055484562411e-02
-9.152556550846166483e-02
-9.535967923584226513e-02
-9.913354572440748191e-02
-1.028550139761187920e-01
-1.065375948862195277e-01
-1.101692901089169480e-01
-1.098301568934950678e-01
-1.124758237235411046e-01
-1.150876928141657124e-01
-1.176706795062708172e-01
-1.202287104991103389e-01
-1.227667219242940255e-01
-1.252819240759112107e-01
-1.277807168000974769e-01
-1.302772334806530097e-01
-1.327323988676527566e-01
-1.313005501398349373e-01
-1.327653410854577887e-01
-1.342013916701895182e-01
-1.356181881810867018e-01
-1.369811651925806339e-01
-1.383232612005108608e-01
-1.396324386970481113e-01
-1.409071252721478262e-01
-1.421456156197349330e-01
-1.433470196458226931e-01
-1.407845034760552838e-01
-1.408843818138686421e-01
-1.409325019169618554e-01
-1.409189087710149557e-01
-1.408429431272795740e-01
-1.407038615209799670e-01
-1.405009882270335519e-01
-1.402337982629577873e-01
-1.399019663239460531e-01
-1.395053941988277091e-01
-1.355687574073501933e-01
-1.340123035657441730e-01
-1.323772926314013554e-01
-1.306665383739656905e-01
-1.288832332473270892e-01
-1.270307156766142254e-01
-1.251125246378138600e-01
-1.231324174532227173e-01
-1.210943656112643957e-01
-1.190025376489765585e-01
-1.137487725979016151e-01
-1.105284415404874099e-01
-1.072590532568199889e-01
-1.039479390842454193e-01
-1.006027009261068333e-01
-9.723091140406434074e-02
-9.384010169102045829e-02
-9.043656174729551578e-02
-8.703034918166140110e-02
-8.361534999869725537e-02
-7.754341546325566048e-02
-7.314700449745858979e-02
-6.877531885784074484e-02
-6.443761256339873567e-02
-6.014172778027582211e-02
-5.589993614716262660e-02
-5.170644805162605273e-02
-4.760311800619959621e-02
-4.356648428633508319e-02
-3.961316567601663730e-02
-3.347555976275679024e-02
-2.872720894156804983e-02
-2.408194917947831248e-02
-1.956477286054419951e-02
-1.517661228116994054e-02
-1.092623982344007039e-02
-6.819962018312475394e-03
-2.863454277158047900e-03
9.382676320574268036e-04
4.585623506249983383e-03
9.962067479458242003e-03
1.421938090334051719e-02
1.828551208398412897e-02
2.214653371920052849e-02
2.581094907679751249e-02
2.925093826787399098e-02
3.249459997884092399e-02
3.551432900969240386e-02
3.831842750482284538e-02
4.091622230528205173e-02
4.494370511198213236e-02
4.799497682524282022e-02
5.078814413476152173e-02
5.332104068023113541e-02
5.558233697269200635e-02
5.759186332105352413e-02
5.934352030316111803e-02
6.083899552663270260e-02
6.208042887796147435e-02
6.307232392515318975e-02
6.392606326498677383e-02
6.445454352211661686e-02
6.474749550779292095e-02
6.480196783523888004e-02
6.462377548002638805e-02
6.421880979538077683e-02
6.359306383877633140e-02
6.275263205158222724e-02
6.170370113057366268e-02
6.045283980876499375e-02
5.774476037394835753e-02
5.551245910212985329e-02
5.317157888040205393e-02
5.072108987810367009e-02
4.816864286684606478e-02
4.552164413684981620e-02
4.278716752226292830e-02
3.997190661578087223e-02
3.708215393236612839e-02
3.412379633646578370e-02
2.975466794543009386e-02
2.622747472040001804e-02
2.271714490632469052e-02
1.922810611914736040e-02
1.576413501936134443e-02
1.232885649495457647e-02
8.926191207095098001e-03
5.550152530267804529e-03
2.214964032112631820e-03
-1.083767016128597827e-03
-5.918699229096019421e-03
-9.473269019809424374e-03
-1.291872504008070854e-02
-1.625647519997290569e-02
-1.948827659313044636e-02
-2.261635419905322353e-02
-2.564332333279592535e-02
-2.857211996906824925e-02
-3.140593922061368781e-02
-3.414616661328584435e-02
-3.869640909382912608e-02
-4.150980458729859601e-02
-4.417276135731347531e-02
-4.669231994956708764e-02
-4.907439756706780121e-02
-5.132541891724649863e-02
-5.345183619942442399e-02
-5.546008131609776737e-02
-5.735652783826261647e-02
-5.916014216377911417e-02
-6.311806186229547422e-02
-6.490553850312395789e-02
-6.653994414893028841e-02
-6.803018958558811058e-02
-6.938507780490414667e-02
-7.061315093798031794e-02
-7.172267277037269739e-02
-7.272161382573910648e-02
-7.361764016505661923e-02
-7.441810612968853544e-02
-7.773736766442078394e-02
-7.851485401912684792e-02
-7.915896102289705916e-02
-7.967939807813459452e-02
-8.008310350661501653e-02
-8.038431704005802314e-02
-8.057907717901355293e-02
-8.069286549852600077e-02
-8.072311179188704222e-02
-8.067856628953269660e-02
-8.342160518583666140e-02
-8.337425086208506697e-02
-8.322628542800752927e-02
-8.298529669081793070e-02
-8.265871272728772534e-02
-8.225396029102582940e-02
-8.177830687030164525e-02
-8.123876358855132429e-02
-8.064202840833625818e-02
-7.999445598923235479e-02
-8.196011269289840695e-02
-8.134747049237084360e-02
-8.069610167202963258e-02
-8.000328249572458139e-02
-7.927571493575308326e-02
-7.850461613528039728e-02
-7.769601195786897396e-02
-7.685380803779401360e-02
-7.598243535163094753e-02
-7.508657946331823152e-02
-7.688848393694816541e-02
-7.605937269717677474e-02
-7.523665494108228158e-02
-1.679559428446010527e-02
-1.609240827803583990e-02
-1.539379429562592189e-02
-1.469187642924790586e-02
-1.397956328021105789e-02
-7.235706498883065670e-03
-6.981216225518964771e-03
-6.592626613500147253e-03
-6.107293262102741170e-03
-5.540231454383405529e-03
-4.932441638373662174e-03
-4.243324492065632739e-03
-3.495117416797536430e-03
-2.676532599784368568e-03
-1.830047762491419407e-03
5.641061085533858807e-03
6.201281750141418928e-03
6.881984376240227186e-03
7.658511566302884585e-03
8.514517346125863306e-03
9.439277536241847191e-03
1.043831061704444778e-02
1.146130691097693201e-02
1.255964957262536985e-02
1.370739875794626215e-02
2.196508715678240770e-02
2.279277081204819644e-02
2.369512312008004509e-02
2.465024397516070095e-02
2.564251059296770996e-02
2.666084574022661857e-02
2.769708206486535401e-02
2.874492790794854966e-02
2.979931438739772537e-02
3.085598438994361509e-02
3.943480873779774132e-02
4.006163242042405648e-02
4.069697919157184984e-02
4.132300623227118386e-02
4.192702739333369066e-02
4.250039658850638530e-02
4.303714857536848626e-02
4.353356896178008778e-02
4.398507920278617311e-02
4.439179903142603800e-02
5.264143621979193444e-02
5.249027513162052988e-02
5.230143902353816959e-02
5.206253254914010309e-02
5.176578185708131247e-02
5.140721560354005043e-02
5.098485874308383153e-02
5.050083165467950108e-02
4.995430510802539165e-02
4.934810343569501212e-02
5.682673323567529605e-02
5.558897773961584549e-02
5.431650906835248926e-02
5.300086178985512209e-02
5.163808017092917646e-02
5.022794818790291688e-02
4.877262119951530223e-02
4.727573828386329863e-02
4.574184285161222302e-02
4.417600129382552587e-02
5.085686450604789272e-02
4.865513408135933165e-02
4.646725815541088989e-02
4.428443682936910458e-02
4.210286599425475118e-02
3.992172494308569852e-02
3.772566063544733478e-02
3.558488894758849580e-02
3.342657920303139518e-02
3.128719026468262943e-02
3.746207255416829363e-02
3.471993656625770031e-02
3.206205575453359435e-02
2.947466713536498611e-02
2.695022904733264738e-02
2.448601208883144364e-02
2.208033842198450086e-02
1.971974603074940283e-02
1.747132478685167051e-02
1.525900984882596484e-02
2.132020599315213177e-02
1.853679972495621969e-02
1.590671001613858451e-02
1.340586096492411665e-02
1.100872534201166944e-02
8.771385488387330176e-03
6.607627679751395394e-03
4.551214374645599740e-03
2.601866402537462118e-03
7.601102775799521184e-04
7.037250448024232399e-03
4.641411476623932830e-03
2.456923296125373100e-03
4.550232031419916556e-04
-1.384391386726673695e-03
-3.073652871668763713e-03
-4.628362021869423387e-03
-6.018390169355750975e-03
-7.291184636669846217e-03
-8.428475833132113154e-03
-1.068808915742051197e-02
-1.164191451298932783e-02
-1.243106590361285277e-02
-1.308526371829753926e-02
-1.355995047213165439e-02
-1.392814404732923769e-02
-1.417223896162260466e-02
-1.428493996121340398e-02
-1.427954526227290591e-02
-1.416986835742567452e-02
-2.451214261739515995e-02
-2.365212050833073731e-02
-2.271220063201481731e-02
-2.172624686269840344e-02
-2.068289835791155273e-02
-1.958372913007212779e-02
-1.843110479304455734e-02
-1.722761914678191258e-02
-1.598311849458441264e-02
-1.467030560689116386e-02
-2.419517492740173858e-02
-2.241449420150188471e-02
-2.064221146474400775e-02
-1.884204542446722697e-02
-1.706810112376968419e-02
-1.530259694954945460e-02
-1.354752540895730328e-02
