3.919175441757607459e-01
1.768586991276244191e-03
-2.000193665571340373e-01
-3.552607576558921565e-01
-4.793801246098141067e-01
-5.823482616076097740e-01
-6.552335585900561643e-01
-7.183865030247922334e-01
-7.746886501787179080e-01
-8.256645862159979199e-01
-8.723204878801195106e-01
-9.153321694332847702e-01
-9.551658456310516687e-01
-9.921511078119413796e-01
-1.026534429417397698e+00
-1.058508451725895139e+00
-1.086146938296245645e+00
-1.103073007200535915e+00
-1.118493000633498546e+00
-1.132404655687391015e+00
-1.144835456351237957e+00
-1.155824037269510773e+00
-1.165445161338771962e+00
-1.173750341265543673e+00
-1.180801516346903890e+00
-1.186650469313149880e+00
-1.190458184157330068e+00
-1.183602014945203340e+00
-1.176205681351108367e+00
-1.168237608939067584e+00
-1.159686301817304477e+00
-1.150588180617709400e+00
-1.140959511669266568e+00
-1.130833568173751136e+00
-1.120246248988994608e+00
-1.109234292817223633e+00
-1.097848844091471321e+00
-1.075780912150881896e+00
-1.053845382466938707e+00
-1.032018526763976318e+00
-1.010275660843626300e+00
-9.886190205547903398e-01
-9.670605006957955219e-01
-9.456173372023087831e-01
-9.243094162706225747e-01
-9.031576238948525459e-01
-8.826758401113751207e-01
-8.517633635534667125e-01
-8.215247640361061920e-01
-7.919117361752392448e-01
-7.628989945294075703e-01
-7.344766473854862365e-01
-7.066436685687136343e-01
-6.794038326419737928e-01
-6.527632051101570632e-01
-6.267286123966882005e-01
-6.017965624252611390e-01
-5.669899954365664740e-01
-5.332746557619569838e-01
-5.005882529279588322e-01
-4.688976713969406629e-01
-4.381766650429371190e-01
-4.084010483149908000e-01
-3.795666135863595692e-01
-3.516639554165861270e-01
-3.246845202119268414e-01
-2.986904474548037758e-01
-2.635980040831701898e-01
-2.298845225552107463e-01
-1.974730844060861856e-01
-1.663082992233961555e-01
-1.363540972151668085e-01
-1.075772487893746632e-01
-7.994471153037052691e-02
-5.343895369377915650e-02
-2.803698273827820442e-02
-3.052801827698958803e-03
3.013691258736600487e-02
6.178848908266565410e-02
9.199422981962285251e-02
1.208311970771179800e-01
1.483467365353265954e-01
1.745831758888584107e-01
1.995828188554649163e-01
2.233758760159557655e-01
2.460056314698277069e-01
2.691114300744911203e-01
2.994889176527949504e-01
3.282680769040829394e-01
3.555433668257639290e-01
3.814544468825393775e-01
4.060038126866513108e-01
4.292619725820634446e-01
4.512874040152774491e-01
4.720965647456415448e-01
4.917398150335949292e-01
5.129946661570158328e-01
5.405597648169454539e-01
5.665314399287511016e-01
5.910252962809737776e-01
6.141355544740808581e-01
6.359288478541197387e-01
6.564606642946484438e-01
6.757802206339037498e-01
6.939326377311563210e-01
7.109500946652127507e-01
7.299502254492111764e-01
7.460873644481618161e-01
7.611059639646027275e-01
7.750722090687705013e-01
7.880182994743122338e-01
8.000139489788642422e-01
8.111209708270157304e-01
8.212625447287830172e-01
8.306040341444695940e-01
8.391277795150321461e-01
8.506850405546556582e-01
8.505374870282438327e-01
8.499358704709847334e-01
8.489214560974430723e-01
8.474015295683208215e-01
8.454739800239373659e-01
8.428756371496324284e-01
8.405836619600298709e-01
8.374854954122775696e-01
8.341264569160626863e-01
8.352395378448651542e-01
8.242069599589009199e-01
8.131885820333123460e-01
8.021742931592859005e-01
7.911638709045718532e-01
7.801641204262936835e-01
7.691853843922981104e-01
7.582394346138888741e-01
7.473382302536299981e-01
7.364932152288813372e-01
7.328106717000921755e-01
7.160839599120440990e-01
6.995819396988498529e-01
6.833304449608879061e-01
6.673484252143575546e-01
6.516512715683637769e-01
6.362512395356981765e-01
6.211578392927925574e-01
6.063781866067917692e-01
5.919173129385507659e-01
5.857036245497913018e-01
5.660433513034728303e-01
5.468199076874200593e-01
5.280609057420695418e-01
5.097834408975636666e-01
4.919987324413736540e-01
4.747134261386455334e-01
4.579305499901412668e-01
4.416502292062024493e-01
4.258702310575586125e-01
4.187592981241299861e-01
3.981011833368367503e-01
3.780356466262267401e-01
3.585874851557272480e-01
3.397691192210853250e-01
3.215859003464928145e-01
3.040379442774253649e-01
2.871214271869125256e-01
2.708571815512805792e-01
2.551514673545063339e-01
2.477077742211284128e-01
2.270690203579018018e-01
2.072747955638851447e-01
1.881110350436794865e-01
1.697003656923022907e-01
1.520184122880333943e-01
1.350573072837142619e-01
1.188057655454000106e-01
1.032500567587277263e-01
8.837464793698132648e-02
6.979264495501763532e-02
4.665494539987202760e-02
2.475683200820247287e-02
4.022334345061273631e-03
-1.570104623745774419e-02
-3.442519665728335787e-02
-5.222523919020088945e-02
-6.914618163640548487e-02
-8.522655559476416398e-02
-1.005005604382366025e-01
-1.190848973986446402e-01
-1.422072818999300658e-01
-1.639647464948479627e-01
-1.845028531401146643e-01
-2.039249968835575022e-01
-2.223537392801691603e-01
-2.397574687975961294e-01
-2.562760725332819400e-01
-2.719224247753141976e-01
-2.867370602737350227e-01
-3.045961222836646165e-01
-3.269718514943305565e-01
-3.479904693129644011e-01
-3.676201346400392311e-01
-4.051103155671092471e-01
-4.418443837438822408e-01
-4.778368710701089705e-01
-5.128846581309230990e-01
-5.474516132637916588e-01
-5.853196601105591368e-01
-6.085999337625880301e-01
-6.318111336462834959e-01
-6.547754892340035271e-01
-6.774721659549332031e-01
-6.996654893313360990e-01
-7.214948316500624514e-01
-7.428786239113865930e-01
-7.638117936292797561e-01
-7.842937418808526573e-01
-8.076634055488913777e-01
-8.180704420490818585e-01
-8.281756278854692788e-01
-8.379352301701253891e-01
-8.473197346161094323e-01
-8.563085841118498465e-01
-8.648864194194934019e-01
-8.730407231636835297e-01
-8.807603635541854104e-01
-8.880347157865967622e-01
-8.985626767622016953e-01
-8.954589775266409424e-01
-8.920141469663046552e-01
-8.881655745254974921e-01
-8.839199447198158310e-01
-8.792868536086764220e-01
-8.740800004958708680e-01
-8.684762067242302042e-01
-8.624005271133998729e-01
-8.558513011812884930e-01
-8.527404842936446849e-01
-8.355238588035794889e-01
-8.180020171115972571e-01
-8.001526318164345897e-01
-7.819694144683302373e-01
-7.634576498286935742e-01
-7.446305404703416064e-01
-7.255068337958034963e-01
-7.061092617882329669e-01
-6.864634945743041117e-01
-6.703607992093408852e-01
-6.403547493129262413e-01
-6.104131119132848449e-01
-5.805591296085176323e-01
-5.507725184985847733e-01
-5.210633957696063634e-01
-4.916310659189150889e-01
-4.623369450135395575e-01
-4.332925332585841338e-01
-4.045398689823375693e-01
-3.792993599079797495e-01
-3.411221321849458588e-01
-3.036666579577732006e-01
-2.669399013626271855e-01
-2.309627069507463881e-01
-1.957642153631796167e-01
-1.613773696714581318e-01
-1.278360489991069160e-01
-9.517324818916617080e-02
-6.341993280085228557e-02
-3.476274043387694856e-02
5.375036663095078548e-03
4.420028154995297998e-02
8.156945890203792793e-02
1.176603127807868132e-01
1.524094892438029314e-01
1.858172844551883029e-01
2.178822804258376544e-01
2.486036896949344044e-01
2.780160338924614338e-01
3.052202479458259177e-01
3.424002923151385769e-01
3.777840482676692591e-01
4.114372909191880145e-01
4.434159274321998745e-01
4.737624150255007049e-01
5.025120912039223731e-01
5.296969911839752854e-01
5.553646172802492176e-01
5.794959753896835597e-01
6.029882437908100634e-01
6.348491158162363757e-01
6.648055615577339594e-01
6.929416440666789079e-01
7.192357904142649971e-01
7.438517296724456163e-01
7.669511252434224602e-01
7.883724362723767420e-01
8.083137971471496819e-01
8.267868827472223403e-01
8.464626698660866477e-01
8.631897006565447672e-01
8.785285673702002418e-01
8.924325948802220854e-01
9.050421412695542900e-01
9.165038357913692924e-01
9.267443104867397752e-01
9.358557652557399908e-01
9.438867958999600516e-01
9.508840882979568976e-01
9.615152795694498211e-01
9.586825592318186651e-01
9.552873781731557878e-01
9.513507221110933942e-01
9.468989144110827594e-01
9.419620139715275675e-01
9.365715438210565624e-01
9.307591098381621242e-01
9.245555784191432647e-01
9.179478349316610997e-01
9.175326381961869116e-01
9.031883482598386248e-01
8.888646794358427972e-01
8.744459654384652003e-01
8.601001466242457205e-01
8.458014872215925406e-01
8.315696098441378581e-01
8.174221428074212037e-01
8.033746210809856736e-01
7.894405646497973938e-01
7.835260278107176735e-01
7.633033354302183326e-01
7.434096987060541117e-01
7.238753666694837108e-01
7.047202717214485768e-01
6.859583106176216916e-01
6.675987453117466774e-01
6.496471950708889720e-01
6.321063530048203205e-01
6.149765140515922601e-01
6.070382287302760194e-01
5.845653545368013626e-01
5.626338016437051337e-01
5.412746286302519971e-01
5.205040021436220243e-01
5.003292567860470053e-01
4.807514755818058649e-01
4.617672349968734435e-01
4.433698006579117057e-01
4.255499581313945123e-01
4.172776132796266468e-01
3.946105590661133644e-01
3.726068924172554753e-01
3.512944827233990264e-01
3.307360278445581336e-01
3.107776270334740021e-01
2.915690204585612566e-01
2.729966111465385592e-01
2.550086427985621684e-01
2.380137609347686978e-01
2.298029126506268560e-01
2.079066212680238668e-01
1.867544243328212172e-01
1.663646003539908103e-01
1.467405079739111384e-01
1.278767354683966184e-01
1.097620696288343911e-01
9.238146800177375606e-02
7.571738024022101055e-02
5.975064269240448755e-02
4.224525142423352086e-02
1.913483835290510915e-02
-2.739345591422914783e-03
-2.350959535679286727e-02
-4.327043413865758192e-02
-6.209193609943591818e-02
-8.002831971011101220e-02
-9.706983183505935031e-02
-1.134151250221246687e-01
-1.289879555333775518e-01
-1.455678973173002433e-01
-1.676423554666515991e-01
-1.884545619544978345e-01
-2.081424465406377933e-01
-2.268047736079178422e-01
-2.445151156788724078e-01
-2.613848121414727443e-01
-2.772949480738518546e-01
-2.924110087878393216e-01
-3.068408310666074224e-01
-3.219868949518428503e-01
-3.425207479973491620e-01
-3.616980036209140881e-01
-3.799506352655173669e-01
-4.449598057246062499e-01
-4.817942717957293119e-01
-5.183402794396704261e-01
-5.573334979600093053e-01
-5.849025191876890961e-01
-6.123797614107854281e-01
-6.398392083864232749e-01
-6.667874039433995259e-01
-6.936998566133973920e-01
-7.203640163165475618e-01
-7.467638021088367495e-01
-7.728841172657658909e-01
-7.987090458211250077e-01
-8.272941954241135321e-01
-8.435895673105252568e-01
-8.596252351493450794e-01
-8.754381675210569647e-01
-8.905126252422701505e-01
-9.052867424507182736e-01
-9.195208982140872234e-01
-9.331730560164619437e-01
-9.462043170480667342e-01
-9.585774728305103132e-01
-9.737526329847079332e-01
-9.753597698878911926e-01
-9.762958124918675873e-01
-9.764697749761040990e-01
-9.758178038181973823e-01
-9.744107749907139349e-01
-9.718274670215613087e-01
-9.684944029574871216e-01
-9.642115434258212714e-01
-9.589775864100990033e-01
-9.565080484406529582e-01
-9.395953470052449408e-01
-9.218751823662977296e-01
-9.033143188535661672e-01
-8.839075334062247435e-01
-8.636696820444130784e-01
-8.426297357024963297e-01
-8.208268551793607148e-01
-7.983077523200313719e-01
-7.751248607388421252e-01
-7.548906853107164583e-01
-7.204422442269502458e-01
-6.857324153917085940e-01
-6.507864920180307378e-01
-6.156534984539980826e-01
-5.803980435803882676e-01
-5.458860344461484715e-01
-5.107260122632768518e-01
-4.763367650693828281e-01
-4.456139101976469563e-01
-4.131669623910486089e-01
-3.664020364821286568e-01
-3.210512355009146335e-01
-2.768204909371165257e-01
-2.336322500448692052e-01
-1.914621727394373307e-01
-1.503205577424477635e-01
-1.102370314500358828e-01
-7.125081006021241614e-02
-3.340453755560715554e-02
1.628290127517306729e-03
4.751671398519663470e-02
9.179412501961875526e-02
1.344124666938600887e-01
1.753768473838089592e-01
2.146880169893450596e-01
2.523417983258889885e-01
2.883720662266884838e-01
3.226390095601469055e-01
3.553082835969811892e-01
3.864580460989951449e-01
4.265760919480029445e-01
4.645125514438727676e-01
5.004047650809897441e-01
5.342401747926895927e-01
5.661839359955749273e-01
5.962633862841091315e-01
6.244336892421534779e-01
6.508048031223772067e-01
6.755348844749526904e-01
7.004719596550575966e-01
7.327644710405092354e-01
7.627755354680254563e-01
7.906516870574307188e-01
8.166704691284416562e-01
8.406834559166218579e-01
8.629344279654805883e-01
8.834536667385461950e-01
9.023068954276252107e-01
9.195567255563689146e-01
9.392448416039417269e-01
9.547433533844199571e-01
9.687372495248633975e-01
9.812513202403458923e-01
9.922722796531074918e-01
1.002022467503205672e+00
1.010522418103900755e+00
1.017834636919690006e+00
1.024017673802922967e+00
1.029126924391735143e+00
1.039096243049887347e+00
1.034536107959919349e+00
1.029334349431792139e+00
1.023540477678961391e+00
1.017199653371235080e+00
1.010354939971608523e+00
1.003047086003904020e+00
9.953143435775504422e-01
9.871925029431772858e-01
9.787153479344806728e-01
9.776088057106900875e-01
9.616178386871842010e-01
9.455031225962263752e-01
9.294605259908498285e-01
9.133873624742436803e-01
8.973650820582844689e-01
8.814218120969705694e-01
8.655813323808211335e-01
8.498639452090755997e-01
8.342870984145013269e-01
8.279075299127991450e-01
8.063360320295699379e-01
7.851097127380387564e-01
7.641297848115755631e-01
7.435888720652938932e-01
7.234596351274324988e-01
7.037587251380511555e-01
6.844973149118664946e-01
6.656824369432977617e-01
6.472670352462167598e-01
6.391358154459853003e-01
6.156989641497120358e-01
5.927821174138185878e-01
5.704392734864112136e-01
5.487014068117292975e-01
5.276354394718010266e-01
5.070984120852428667e-01
4.872448516631667226e-01
4.680210455600755659e-01
4.494209100754666952e-01
4.410467600466402294e-01
4.177899647723312127e-01
3.951886109214509668e-01
3.732887993109754166e-01
3.521135166992520604e-01
3.316720323197288045e-01
3.119644971316374860e-01
2.929849513754837487e-01
2.747233030189087932e-01
2.571666392496013143e-01
2.488117323605601727e-01
2.265841595331744562e-01
2.051069438786908006e-01
1.844084509589593301e-01
1.644983911373683327e-01
1.453755594359003034e-01
1.270316203486129836e-01
1.094535795391178012e-01
9.262540689677663253e-02
7.658206615969913311e-02
5.708189203248476007e-02
3.320945363936173012e-02
1.075702848478185536e-02
-1.057786577595040689e-02
-3.084944593647367950e-02
-5.013528160356475749e-02
-6.849514361412256669e-02
-8.597708851823415710e-02
-1.026214559914924163e-01
-1.184634377100718949e-01
-1.372621650760216805e-01
-1.604543724023345663e-01
-1.821759247143692473e-01
-2.027721923659485670e-01
-2.223083951897587285e-01
-2.408674719035639178e-01
-2.584780219315806482e-01
-2.753360112061806753e-01
-2.912713255208180252e-01
-3.064655720799940308e-01
-3.244311033844721193e-01
-3.466049271299805890e-01
-4.109092752056194842e-01
-4.479277390934053305e-01
-4.842813256480963391e-01
-5.199855523394627532e-01
-5.550557540769602838e-01
-5.910233799966811974e-01
-6.153602728315401560e-01
-6.393760769258709509e-01
-6.629860602871707753e-01
-6.861353436874959577e-01
-7.087865220201154948e-01
-7.309483774336980044e-01
-7.525047076838340399e-01
-7.737081387886003414e-01
-7.939987855013059814e-01
-8.158575467828685923e-01
-8.253669635719027564e-01
-8.346267871477180966e-01
-8.431553704535480476e-01
-8.513525840695592706e-01
-8.589932520710980013e-01
-8.660461103278609407e-01
-8.724885092207677051e-01
-8.783114362699471211e-01
-8.834708694186047540e-01
-8.905471061267948851e-01
-8.841133064807618069e-01
-8.774624856440362830e-01
-8.703309373477241540e-01
-8.626752919880354975e-01
-8.544725371971978456e-01
-8.457149512343407061e-01
-8.364040842583135849e-01
-8.265481821825895192e-01
-8.161603843075594389e-01
-8.079950744583752620e-01
-7.860787919061819062e-01
-7.641551616142706616e-01
-7.420243578904037740e-01
-7.196804277541715145e-01
-6.971358303216730334e-01
-6.744153668911645472e-01
-6.515516549169009242e-01
-6.285821667464643880e-01
-6.055472649476537628e-01
-5.849283544057174433e-01
-5.512283507769204505e-01
-5.182132182518891517e-01
-4.854667616386023621e-01
-4.531480619086847850e-01
-4.212798779901005819e-01
-3.898943834600089309e-01
-3.590285786918439581e-01
-3.287212826822396017e-01
-2.990112006760383134e-01
-2.717558760793713502e-01
-2.326694235040233927e-01
-1.947377654268694913e-01
-1.579179431924838672e-01
-1.221030483061375793e-01
-8.762671139096112061e-02
-5.411416577361261027e-02
-2.173098787281602107e-02
9.511706975827788346e-03
3.960393320194779965e-02
6.773456578368408643e-02
1.062986649232461334e-01
1.432283496712660753e-01
1.783904492126032193e-01
2.120767968315336871e-01
2.442548558351258225e-01
2.749346352922351078e-01
3.041406845666747571e-01
3.318957537403113278e-01
3.582225443422676903e-01
3.836449235264204338e-01
4.180779938776124638e-01
4.505655239260353273e-01
4.812329517604537754e-01
5.101335630329634219e-01
5.373536980104984817e-01
5.631175907483106924e-01
5.871331888085424833e-01
6.097603334053267599e-01
6.308489267037553638e-01
6.524711575762618398e-01
6.818662626410511018e-01
7.091363099627889799e-01
7.346387153994065056e-01
7.584932432071618269e-01
7.805430017922826424e-01
8.011349736466792937e-01
8.202006087430775416e-01
8.378544090615922535e-01
8.541254599083906163e-01
8.722502626916069923e-01
8.870287247242059081e-01
9.004449014278268493e-01
9.125862303926010055e-01
9.235318910219914024e-01
9.334030937346305956e-01
9.420120890029196614e-01
9.497056265426568888e-01
9.564142006764916326e-01
9.621841776170301230e-01
9.716195938744528471e-01
9.675164672984044589e-01
9.618288635782428209e-01
9.569889776062479037e-01
9.524307865689739527e-01
9.460875235106559478e-01
9.442734096352852768e-01
9.374009177729811793e-01
9.290570024236662894e-01
9.207432629219131082e-01
9.190724358623988399e-01
9.033314209933412942e-01
8.877016286547270152e-01
8.721895862309544389e-01
8.568052114425512844e-01
8.415613945701666543e-01
8.264719245109992674e-01
8.115502815213619936e-01
7.968089673336709033e-01
7.822591649881304177e-01
7.763658652911319402e-01
7.556375424897893156e-01
7.352862612106400020e-01
7.153528450527311122e-01
6.958623338231438860e-01
6.768308956019220002e-01
6.582683679973939661e-01
6.401799738198361567e-01
6.225674954718957155e-01
6.054300907645221441e-01
5.977597535224989933e-01
5.752352919753425109e-01
5.532985682763756907e-01
5.319867814443882681e-01
5.113186559391507124e-01
4.913024325761591315e-01
4.719391730602260360e-01
4.532249549155852320e-01
4.351523439697037587e-01
4.177113931622296050e-01
4.097405432070423403e-01
3.872489461979994885e-01
3.654708892931295972e-01
3.444356572454464471e-01
3.241542682689935173e-01
3.046274029558561636e-01
2.858488231538776625e-01
2.678076318710518322e-01
2.504897794008617562e-01
2.338790772494760972e-01
2.258058125928092408e-01
2.041027484361819799e-01
1.832037749660519743e-01
1.631213022843327753e-01
1.438538117319713705e-01
1.253921641861392988e-01
1.077651193584526490e-01
9.082504624222045853e-02
7.464020413425073719e-02
5.927808678386974062e-02
4.081419958107249113e-02
1.748284466267557846e-02
-4.516072061372305990e-03
-2.533559062331444678e-02
-4.508509594901327633e-02
-6.384540824847323437e-02
-8.167879750117962301e-02
-9.863540594565392561e-02
-1.147573670507642390e-01
-1.300814481004217704e-01
-1.481189620771002635e-01
-1.709565705529381419e-01
-1.924505408923518068e-01
-2.127625044395855258e-01
-2.320083443017977309e-01
-2.502316842201255942e-01
-2.676721001197798766e-01
-2.841208457668210619e-01
-2.998017514125863592e-01
-3.147102566481846941e-01
-3.320890798086970075e-01
-3.542834732198590353e-01
-3.752082116348008922e-01
-3.202625814967759998e-01
-3.565245451271069621e-01
-3.920976502301862232e-01
-4.269703277007308451e-01
-4.611439854001810890e-01
-4.946235873225941493e-01
-5.301768517329570329e-01
-5.533795202514477651e-01
-5.758917437782009596e-01
-5.980763498065613248e-01
-6.197341174437092093e-01
-6.408461365709435809e-01
-6.614015319554644723e-01
-6.813936565055948025e-01
-7.008178030768574818e-01
-7.196698116381281540e-01
-7.408665179887661267e-01
-7.492931224222305620e-01
-7.570726709506286900e-01
-7.645661721866161553e-01
-7.715589232245385620e-01
-7.780203116200309355e-01
-7.839294830097429667e-01
-7.892716537581957459e-01
-7.940359154464284863e-01
-7.982139214320630449e-01
-8.050114642359745831e-01
-7.983124567149366690e-01
-7.912309379457177494e-01
-7.837099953720048084e-01
-7.757172338004112433e-01
-7.672371734004533872e-01
-7.582642364349754249e-01
-7.488016975182114621e-01
-7.388641666132285124e-01
-7.285647529660420618e-01
-7.208862932120054801e-01
-6.996593177248653372e-01
-6.782751780563198718e-01
-6.567097404010788786e-01
-6.349613706769519084e-01
-6.130440507068115608e-01
-5.909817249658521066e-01
-5.688046350676057017e-01
-5.465469194471574976e-01
-5.242450190364721374e-01
-5.050049752834233630e-01
-4.725693644948743000e-01
-4.405296483271549102e-01
-4.087867882005535858e-01
-3.776519624934780994e-01
-3.468046566060583591e-01
-3.164125172605209424e-01
-2.865096949792539371e-01
-2.571318631827795298e-01
-2.283146310260028844e-01
-2.024856865394802918e-01
-1.645695153911824193e-01
-1.277145248780587050e-01
-9.189534953687142349e-02
-5.701069072989892184e-02
-2.336330278303072605e-02
9.375259737117613845e-03
4.105548820255724984e-02
7.166517909791730867e-02
1.011933204373934858e-01
1.283777181514634547e-01
1.660546510554090083e-01
2.022985541563875334e-01
2.370245458020403539e-01
2.702844108530582101e-01
3.020801068201687256e-01
3.325414529959090926e-01
3.614375504852802568e-01
3.890680156168602744e-01
4.153293824917781429e-01
4.402466324961286093e-01
4.744584815046742898e-01
5.068201629439593736e-01
5.374391089945182998e-01
5.663950369049223221e-01
5.937496578202192676e-01
6.195540319081249692e-01
6.439151657936227346e-01
6.666840345149784852e-01
6.880917920253228903e-01
7.096608355266210699e-01
7.390499600282190995e-01
7.665831953919355346e-01
7.923351492475325664e-01
8.164174111090147790e-01
8.388920126761089113e-01
8.598384287176394913e-01
8.793893822007189387e-01
8.973705406463721168e-01
9.140747877911674646e-01
9.321659432044958615e-01
9.472469638689662297e-01
9.609871878398611456e-01
9.734650109612136282e-01
9.847362524312538445e-01
9.949427876766536727e-01
1.003911655708028983e+00
1.011932941002835040e+00
1.018956348974257908e+00
1.025025338048134671e+00
1.034274551054748414e+00
1.030348194684626684e+00
1.025935574275913753e+00
1.021114001850806474e+00
1.015715705711166983e+00
1.009977574602673123e+00
1.003839150503943456e+00
9.973273709871112169e-01
9.904687697490487386e-01
9.832890421158587690e-01
9.816220555633791145e-01
9.663831464388363823e-01
9.511640429982554101e-01
9.359870521604443105e-01
9.208711034704198939e-01
9.058340632635664136e-01
8.908924878878614617e-01
8.760695623319392222e-01
8.613999928816689078e-01
8.468254114109144970e-01
8.396003277615093907e-01
8.183992878651854541e-01
7.975664116417336968e-01
7.771281076095488682e-01
7.571012678451508604e-01
7.374978615016206662e-01
7.183261481950521388e-01
6.995915106546550799e-01
6.812970363072143876e-01
6.634439313118153381e-01
6.540874756926595701e-01
6.305313069291945682e-01
6.075693197644351784e-01
5.852284395420576102e-01
5.635220505314399997e-01
5.424560773229943900e-01
5.220312125318824492e-01
5.022444000235626316e-01
4.830898336626189837e-01
4.645596389054331699e-01
4.548569665104033599e-01
4.310871623735680891e-01
4.080523938259857930e-01
3.857740708511948613e-01
3.642590682577885319e-01
3.435061816713838034e-01
3.235087257937485639e-01
3.042562512365548644e-01
2.857356895973013344e-01
2.679321259666127553e-01
2.583048097916875174e-01
2.353039537198855780e-01
2.131317464268695505e-01
1.917146690510686535e-01
1.713145512812271898e-01
1.516215362323627414e-01
1.327385343285311381e-01
1.146471561156599955e-01
9.730778711956512839e-02
8.072187347794776424e-02
7.041604787351340988e-02
4.827687850623219035e-02
2.705800057897503330e-02
6.748863984035874397e-03
-1.270040510657771682e-02
-3.140232680141821775e-02
-4.904961367226196023e-02
-6.603515743188925757e-02
-8.224389213415284061e-02
-9.770180761190586094e-02
-1.191236594058700804e-01
-1.431958902169786496e-01
-1.658252692090317060e-01
-1.872098340868813826e-01
-2.074884276710961817e-01
-2.267517713663705359e-01
-2.451920282217035507e-01
-2.625431251865145699e-01
-2.792069725082391707e-01
-2.950887248207534896e-01
-3.166139084599978171e-01
-3.407917695259363722e-01
-3.636353965047542935e-01
-1.480040049390547729e-01
-1.839090611158669120e-01
-2.194938099340947857e-01
-2.546152907144461075e-01
-2.891920546192215391e-01
-3.231809382694076915e-01
-3.566209351655312831e-01
-3.893190838361153538e-01
-4.237411121523112500e-01
-4.464969742161911670e-01
-4.688733026388444691e-01
-4.908110091300414979e-01
-5.122736119883332107e-01
-5.332537682766808063e-01
-5.536851514295993981e-01
-5.736200517442037183e-01
-5.931532196050238737e-01
-6.118759381725682456e-01
-6.330478957669405382e-01
-6.417845052804556083e-01
-6.501661128691779146e-01
-6.582059318996028585e-01
-6.655301891842759776e-01
-6.724994620565765135e-01
-6.789425496778817015e-01
-6.848433457158988880e-01
-6.901918910743629620e-01
-6.949827512986780365e-01
-7.026974449271298218e-01
-6.969005117342820244e-01
-6.908440358106260337e-01
-6.843457095017085878e-01
-6.773810960229889044e-01
-6.699393775342317170e-01
-6.620188360576857445e-01
-6.536240343818324749e-01
-6.447640134856171823e-01
-6.354511316212900773e-01
-6.294084190730150352e-01
-6.096614703902247800e-01
-5.897283097435302990e-01
-5.695964942150741894e-01
-5.492713244340962087e-01
-5.287703921470052748e-01
-5.081191307292105552e-01
-4.873479181267872384e-01
-4.664901677574903593e-01
-4.455810494852986414e-01
-4.282639571992284955e-01
-3.975611849200998971e-01
-3.671914844952203216e-01
-3.371592256725656211e-01
-3.074833846562485817e-01
-2.781923747271750069e-01
-2.493196086188000093e-01
-2.209000975560893865e-01
-1.929761571362045847e-01
-1.654874097333914051e-01
-1.418029059013149462e-01
-1.055427005809342345e-01
-7.025488643748385720e-02
-3.592617563279151827e-02
-2.554294682808877504e-03
2.983734587058053944e-02
6.133685192919530182e-02
9.164422847251678383e-02
1.210629427730723073e-01
1.494557937941111692e-01
1.748059836635236786e-01
2.111868054041976250e-01
2.462329652333526964e-01
2.798218749656740667e-01
3.120442356166727715e-01
3.429002642755720753e-01
3.724094016744763369e-01
4.005885865291849979e-01
4.274542555227555662e-01
4.530457146644910615e-01
4.764653225453453489e-01
5.098501795135792491e-01
5.415423897419938681e-01
5.715501863186456255e-01
6.000210579113030018e-01
6.268453197634030749e-01
6.523097807371174284e-01
6.762788789530302935e-01
6.988160592289853756e-01
7.200902266621470593e-01
7.405152123693341526e-01
7.696648493640732003e-01
7.969987565606935220e-01
8.226571371487821915e-01
8.465787411813103791e-01
8.690481735704811417e-01
8.900402874325928915e-01
9.096110245834639896e-01
9.278115123104774264e-01
9.446939343250839727e-01
9.620595802837141886e-01
9.770314894662800453e-01
9.908403716170842701e-01
1.003444612396457769e+00
1.014900382131604051e+00
1.025258452123577690e+00
1.034565593790087279e+00
1.042865545850150788e+00
1.050199660401350377e+00
1.056607166950080945e+00
1.065137143738090320e+00
1.061059714207561067e+00
1.056682541793827257e+00
1.051893319152834572e+00
1.046701937872382748e+00
1.041125324513204831e+00
1.035184108540756043e+00
1.028900617756479452e+00
1.022297659129154823e+00
1.015397790819232426e+00
1.012774763390928534e+00
9.973437071844335478e-01
9.820105813666903938e-01
9.667794873445183512e-01
9.516563298703095697e-01
9.366516956313987174e-01
9.218466521623975840e-01
9.070142353421858372e-01
8.924344075064316595e-01
8.780109372644562260e-01
8.695860704478477476e-01
8.479903644133257590e-01
8.268471056038587674e-01
8.061628680945378544e-01
7.859412957095064378e-01
7.661852485177218508e-01
7.468964994522410139e-01
7.280756161691386286e-01
7.097219498134752502e-01
6.917547815168458847e-01
6.810126580792328355e-01
6.568195087095300977e-01
6.333210901984647201e-01
6.105189817755620751e-01
5.884107856080317278e-01
5.669923260371115825e-01
5.462569605390263927e-01
5.261962777385251755e-01
5.068004337684123284e-01
4.880269937319997586e-01
4.765563991508843800e-01
4.519416713295654198e-01
4.281687614489777527e-01
4.052337228134229585e-01
3.831279771908202014e-01
3.618397572899426651e-01
3.413549620376881699e-01
3.216577571893866616e-01
3.027310104760508880e-01
2.845566154924510371e-01
2.729346792357769114e-01
2.488743899752605404e-01
2.257718800857042851e-01
2.036030396023384703e-01
1.823465468059549677e-01
1.619729372222792896e-01
1.423429078289278338e-01
1.238089241250352746e-01
1.059320621546849944e-01
8.884653286022614616e-02
7.637273184023379846e-02
5.297462748730402682e-02
3.063654228215531572e-02
9.299852024229088299e-03
-1.108394559649603095e-02
-3.055583944837705901e-02
-4.915196541699462518e-02
-6.690527449475433541e-02
-8.384657166123427041e-02
-1.000051572922222853e-01
-1.227915191251109650e-01
-1.481046280385814318e-01
-1.718784274696462111e-01
-1.944681666796708452e-01
-2.156276184843165244e-01
-2.359175681325395013e-01
-2.552501360856084811e-01
-2.736924032640198901e-01
-2.912989419457985285e-01
-3.081159822543910742e-01
-3.312182549378581697e-01
-3.570344936882917652e-01
-3.813716454569163750e-01
-3.091932257139590745e-01
-3.370157884935809922e-01
-3.643737964973415289e-01
-3.912751900274730188e-01
-4.177228374979769510e-01
-4.433342955440627842e-01
-4.614643557963496456e-01
-4.795488399897852028e-01
-4.974217849865464891e-01
-5.150935394358354680e-01
-5.321775042754515184e-01
-5.490572225771834791e-01
-5.655602216015125361e-01
-5.817959099830012359e-01
-5.973587489029963393e-01
-6.134682807619646905e-01
-6.210873115491559737e-01
-6.285009213829646502e-01
-6.356330083567445222e-01
-6.424330017901492829e-01
-6.488666299365437595e-01
-6.550269994043116384e-01
-6.605079245860600023e-01
-6.657333820563402504e-01
-6.705245783735542808e-01
-6.766887576325754106e-01
-6.732430735909732400e-01
-6.695205158018657787e-01
-6.654670823149184677e-01
-6.610496518479672678e-01
-6.562491545770657853e-01
-6.510558293595272161e-01
-6.454662158716353293e-01
-6.394812456424192604e-01
-6.331050284715566967e-01
-6.287949826404929388e-01
-6.142017324292560199e-01
-5.994167287435225866e-01
-5.844165126614484507e-01
-5.691948396423684997e-01
-5.537572753077253385e-01
-5.381171160012705457e-01
-5.222897803783107529e-01
-5.063024414329364564e-01
-4.901782623747503731e-01
-4.765716765957120349e-01
-4.526548291647862765e-01
-4.288798944538558811e-01
-4.052451705692082795e-01
-3.817626800763996298e-01
-3.584534909944000480e-01
-3.353466248609172085e-01
-3.124662634024004682e-01
-2.898435698133473015e-01
-2.675106353018162908e-01
-2.478444370248650275e-01
-2.184367242791189490e-01
-1.896566031092185300e-01
-1.614989251017232563e-01
-1.339705545244302687e-01
-1.070858167005787898e-01
-8.086271640319987741e-02
-5.532054150349348387e-02
-3.047835452602408457e-02
-6.354054731068661810e-03
1.538816666667880417e-02
4.594209202420806992e-02
7.542478642085179152e-02
1.038669063347876786e-01
1.312857277831769864e-01
1.576874729701532307e-01
1.831632365766016624e-01
2.074345121551043336e-01
2.308318445618927073e-01
2.532262524239539125e-01
2.739916798431865086e-01
3.025014305740431064e-01
3.296578253792804003e-01
3.555253657400979650e-01
3.801508801441547680e-01
4.035698186588537739e-01
4.258098718529834126e-01
4.469659751863330754e-01
4.668225357837714196e-01
4.856911110667543330e-01
5.040543336608608316e-01
5.290820278277537092e-01
5.526394887484902263e-01
5.748219013739677141e-01
5.957562798649208569e-01
6.152830605793289109e-01
6.337207629588257340e-01
6.509921534674268928e-01
6.671355858098186875e-01
6.821899924701042561e-01
6.980656708671827415e-01
7.195468784023385522e-01
7.395437213839400892e-01
7.581724257759786534e-01
7.755175065046493454e-01
7.916501135199814909e-01
8.066347470239727535e-01
8.204664901944590527e-01
8.332690984247717036e-01
8.450419916448757007e-01
8.587436326939063003e-01
8.689359226412123327e-01
8.781134374803937215e-01
8.863520575034546933e-01
8.936538904861965893e-01
9.001460739704566505e-01
9.058705200294392412e-01
9.107413975044620358e-01
9.149129924221731658e-01
9.183811696066557229e-01
9.252574463972383922e-01
9.201016683944620578e-01
9.145026517240832931e-01
9.086519532225836304e-01
9.025056876064071476e-01
8.960837852730532127e-01
8.894068385784911213e-01
8.824952071853003899e-01
8.753642972527669874e-01
8.680305088716149253e-01
8.660698715238351886e-01
8.516175226559336009e-01
8.373024402320097259e-01
8.229450928514356889e-01
8.087874413138580465e-01
7.947615257461433380e-01
7.808812820089627849e-01
