5.478256224135613639e-01
5.482967542144335793e-01
5.486305613283073424e-01
5.488604424483114474e-01
5.490069000444778302e-01
5.490822264360659677e-01
5.490983765555723650e-01
5.490629595407905406e-01
5.489775092675094337e-01
5.488424850831943314e-01
5.486577081439283354e-01
5.484226391362787556e-01
5.481365593122922153e-01
5.477986817917481766e-01
5.474082266149291609e-01
5.469644661059294144e-01
5.464731757597438566e-01
5.459390505083492329e-01
5.453616664257713298e-01
5.447407770387124870e-01
5.440762865687058802e-01
5.433682296604718243e-01
5.426167561626225044e-01
5.418221223641856987e-01
5.409846854777737857e-01
5.401048969617994189e-01
5.391899072118950809e-01
5.382456893143139354e-01
5.372728831601260024e-01
5.362722483487118996e-01
5.352446311677333535e-01
5.341909407712450708e-01
5.331121361162405314e-01
5.320092133046652183e-01
5.308831974013717980e-01
5.297351360236658424e-01
5.285727316489027272e-01
5.274023903260143253e-01
5.262250711387989055e-01
5.250417735852993539e-01
5.238535130363248804e-01
5.226613011743723725e-01
5.214661343965368845e-01
5.202689862475721183e-01
5.190708024749151051e-01
5.178724978013954372e-01
5.166814781276789503e-01
5.155037919283678161e-01
5.143400713961765458e-01
5.131909489405230840e-01
5.120570361216107980e-01
5.109389105252069019e-01
5.098371083510433444e-01
5.087521206245672056e-01
5.076843917025606334e-01
5.066343192259702422e-01
5.056085759929447310e-01
5.046124834762184541e-01
5.036460913790394844e-01
5.027094493680380749e-01
5.018025868474335072e-01
5.009255036290931606e-01
5.000781657691251159e-01
4.992605017643696463e-01
4.984724040557187985e-01
4.977137302317847789e-01
4.969903862943400585e-01
4.963069735969006246e-01
4.956630217053722975e-01
4.950580798242983915e-01
4.944917007956339816e-01
4.939634285789478163e-01
4.934727943649523940e-01
4.930193154956649670e-01
4.926024938070704406e-01
4.922218180654281405e-01
4.918826082727821292e-01
4.915889415038390275e-01
4.913400297075702916e-01
4.911351313653088413e-01
4.909735338455370468e-01
4.908545408712846614e-01
4.907774692687412177e-01
4.907416435188232673e-01
4.907463960784465007e-01
4.907910682898991572e-01
4.908806383363055748e-01
4.910188990139175980e-01
4.912049698995581415e-01
4.914380497318008301e-01
4.917173825550553712e-01
4.920422554156100858e-01
4.924119918780682781e-01
4.928259449249208224e-01
4.932835000702222583e-01
4.937840731801969030e-01
4.943325530756336184e-01
4.949327016245174127e-01
4.955837770685336818e-01
4.962851394097366198e-01
4.970362331347664142e-01
4.978365706804004365e-01
4.986857259837099710e-01
4.995833321867624299e-01
5.005290799860413475e-01
5.015227177786516499e-01
5.025638984520413022e-01
5.036523167335703599e-01
5.047878288771643351e-01
5.059703746482946407e-01
5.071999749167034333e-01
5.084767267818740555e-01
5.098008064362601344e-01
5.111724682524891872e-01
5.125920459721762246e-01
5.140599562495664632e-01
5.155709131396807310e-01
5.171207637119357159e-01
5.187101732101280227e-01
5.203398648345056721e-01
5.220106259800632031e-01
5.237233170203111632e-01
5.254789503153899366e-01
5.272783474216334865e-01
5.291225242579721266e-01
5.310127277209923946e-01
5.329443126617170456e-01
5.349137248603770267e-01
5.369223636091622343e-01
5.389716713134499182e-01
5.410631479547998168e-01
5.431983614782751602e-01
5.453789550864519553e-01
5.476066527006867579e-01
5.498832633963712802e-01
5.522106853310254637e-01
5.545844782735795953e-01
5.570012676372114724e-01
5.594629266369837151e-01
5.619714072442920649e-01
5.645287404701087031e-01
5.671370380138371914e-01
5.697984943186419349e-01
5.725153890619267827e-01
5.752900900975840282e-01
5.781250568635303289e-01
5.810159750110321930e-01
5.839595593151282182e-01
5.869580623101542383e-01
5.900138178119435084e-01
5.931292387195967741e-01
5.963068174333322480e-01
5.995491274793558478e-01
6.028588260887129957e-01
6.062386575652422005e-01
6.096914573383782621e-01
6.132127476200549543e-01
6.167990374992033953e-01
6.204527282414189493e-01
6.241762964963846194e-01
6.279722903953464108e-01
6.318433289869112013e-01
6.357921033093899554e-01
6.398213786644117995e-01
6.439339982533005546e-01
6.481328853797773126e-01
6.524130109317655135e-01
6.567702760082372304e-01
6.612068709709658654e-01
6.657250323842529571e-01
6.703270389642261851e-01
6.750152090774805824e-01
6.797919007944521752e-01
6.846595126932708553e-01
6.896204854380622029e-01
6.946773038802763756e-01
6.998253250471326847e-01
7.050607583403244449e-01
7.103853761692197066e-01
7.158008004300107086e-01
7.213085372547758389e-01
7.269100066170380847e-01
7.326065543712287909e-01
7.383994621659281110e-01
7.442899530050928192e-01
7.502791943972653144e-01
7.563602340607367136e-01
7.625268313083011229e-01
7.687787769214671219e-01
7.751155692668494357e-01
7.815364500429643480e-01
7.880404405586227679e-01
7.946263268912535649e-01
8.012926906970082586e-01
8.080379010645677429e-01
8.148601144273120989e-01
8.217481497660217293e-01
8.286913493522773955e-01
8.356856198350675058e-01
8.980958505915426215e-01
8.992540184809210135e-01
9.002284925436141449e-01
9.010097786549839949e-01
9.015894209348884747e-01
9.019588198096534226e-01
9.021224585136708995e-01
9.020845966712993658e-01
9.018389238683706122e-01
9.013799261459600753e-01
9.007027858493312777e-01
8.998033443921816810e-01
8.986780970605237062e-01
8.973241720140807676e-01
8.957393337039234460e-01
8.939219871117494165e-01
8.918859422933265169e-01
8.896436341592244279e-01
8.871966482229560746e-01
8.845471420335020429e-01
8.816978112643634180e-01
8.786518619423508980e-01
8.754129864427566687e-01
8.719853410859342846e-01
8.683735240011074552e-01
8.645825524621144620e-01
8.606321211563188189e-01
8.565400694178666452e-01
8.523133126876296650e-01
8.479589898039088247e-01
8.434843830565839085e-01
8.388969161605650537e-01
8.342040743188319230e-01
8.294134036566637169e-01
8.245324638758911862e-01
8.195688025697513979e-01
8.145432997940152964e-01
8.094744718539428341e-01
8.043700903525508039e-01
7.992377290731322859e-01
7.940847276218554462e-01
7.889181644706584340e-01
7.837448374199114109e-01
7.785712494713026288e-01
7.734035988056384703e-01
7.682477719991553933e-01
7.631215429451654320e-01
7.580401302024968313e-01
7.530086394732302679e-01
7.480317974165351380e-01
7.431139680155254279e-01
7.382591114319562164e-01
7.334708298706993368e-01
7.287523437410345917e-01
7.241065196954667993e-01
7.195358818923425215e-01
7.150536172995991535e-01
7.106705177739682799e-01
7.063882192048540620e-01
7.022080587949530717e-01
6.981310777593016104e-01
6.941580309460333442e-01
6.902894012476759045e-01
6.865254167016148212e-01
6.828660689391620187e-01
6.793111321209653886e-01
6.758700738340703840e-01
6.725502804464575934e-01
6.693509914953230666e-01
6.662713187344752042e-01
6.633102279336273721e-01
6.604665587859839260e-01
6.577390330280978858e-01
6.551262672863384928e-01
6.526267868001907058e-01
6.502390304715718328e-01
6.479703816663325844e-01
6.458264560711924895e-01
6.438055537018523289e-01
6.419059897124329561e-01
6.401260828685513271e-01
6.384641527044117026e-01
6.369185219472175419e-01
6.354875219318483204e-01
6.341694968362795448e-01
6.329628164366978282e-01
6.318741885589398422e-01
6.309088067686517975e-01
6.300651998519464225e-01
6.293420191736582847e-01
6.287380207292160295e-01
6.282520490936660540e-01
6.278830422548766776e-01
6.276300310692587425e-01
6.274921370925682362e-01
6.274685833733120166e-01
6.275585575267745853e-01
6.277613385764804210e-01
6.280764144310776453e-01
6.285034218819659513e-01
6.290421371486497604e-01
6.296924843507889502e-01
6.304545334292809278e-01
6.313285045418137731e-01
6.323147737115617506e-01
6.334138781560130216e-01
6.346181927092017228e-01
6.359215409726909352e-01
6.373245368511497588e-01
6.388279332872729421e-01
6.404326345365595197e-01
6.421397059513742622e-01
6.439503817174615508e-01
6.458660714940112069e-01
6.478883665775471146e-01
6.500190457950549838e-01
6.522513165274275160e-01
6.545797737322411880e-01
6.570060989228387882e-01
6.595321507163923735e-01
6.621599613679455265e-01
6.648917488512167129e-01
6.677299193923889042e-01
6.706770734247594623e-01
6.737360119812199066e-01
6.769097437620458235e-01
6.801920836690648065e-01
6.835781740168932474e-01
6.870706814004486906e-01
6.906724720617499758e-01
6.943866112083929565e-01
6.982163658911429982e-01
7.021652098099706585e-01
7.062368297153125418e-01
7.104351332043962186e-01
7.147642578055821705e-01
7.192183237469474966e-01
7.237927155598464779e-01
7.284909160046333376e-01
7.333166286189408689e-01
7.382737732429640598e-01
7.433664872444742944e-01
7.485991300454505337e-01
7.539762901414708285e-01
7.595027941083807299e-01
7.651837172907227647e-01
7.710130742992123976e-01
7.769860630550864400e-01
7.831066824184889086e-01
7.893791514488430749e-01
7.958079016374025594e-01
8.023975735706663226e-01
8.091530234504138441e-01
8.160793315343332077e-01
8.231818384889635354e-01
8.304660913693022728e-01
8.379252756241296618e-01
8.455536467440079029e-01
8.533550382067826012e-01
8.613334415862392568e-01
8.694929941974336440e-01
8.778379733599663837e-01
8.863727943098116402e-01
8.951020105731045673e-01
9.040303160349663081e-01
9.131625482035146124e-01
9.224920942805541202e-01
9.320132088614698773e-01
9.417287600114949697e-01
9.516414074060923767e-01
9.617536477886423629e-01
9.720678422640504079e-01
9.825862310665884891e-01
9.933109402516449027e-01
1.004243978961866679e+00
1.015387245278914552e+00
1.026729207531559052e+00
1.038258822566866524e+00
1.049974445488325747e+00
1.061873841147624065e+00
1.073954222388470603e+00
1.086212267106273721e+00
1.098644123841316489e+00
1.111245395216010623e+00
1.124011141089162447e+00
1.136935840531275943e+00
1.149998112878546142e+00
1.163176522196093021e+00
1.176459825619724953e+00
1.189835652464596549e+00
1.180099974943529473e+00
1.176948367567201892e+00
1.173465717105819595e+00
1.169663965080575796e+00
1.165553694486949121e+00
1.161131849273026706e+00
1.156396454513238581e+00
1.151346667080298536e+00
1.145982707961299862e+00
1.140305871414823313e+00
1.134318505832861312e+00
1.128024006709617222e+00
1.121426806736915305e+00
1.114550876464658558e+00
1.107418443595091118e+00
1.100038301163182464e+00
1.092420032317534595e+00
1.084573990091369788e+00
1.076511156402810032e+00
1.068243090757356795e+00
1.059781848382910452e+00
1.051139915473772612e+00
1.042330145866273483e+00
1.033382867243004988e+00
1.024325721102843589e+00
1.015172961816218189e+00
1.005938833396359477e+00
9.966374654412758494e-01
9.872827772118194511e-01
9.778884228503983422e-01
9.684677453262676705e-01
9.590337244771184322e-01
9.495989172516433596e-01
9.401908000275102095e-01
9.308334646278451086e-01
9.215381988031265958e-01
9.123156627902686555e-01
9.031758437913280924e-01
8.941280298606738564e-01
8.851807982235659900e-01
8.763420139057799263e-01
8.676188359463359312e-01
8.590177293404046566e-01
8.505579171897006407e-01
8.422552765781708972e-01
8.341142179614841057e-01
8.261384938870448558e-01
8.183312035335855716e-01
8.106948108756548699e-01
8.032317378047603151e-01
7.959432121221009515e-01
7.888301045978041159e-01
7.818923248055978936e-01
7.751405318080377693e-01
7.685828806796740631e-01
7.622178362897387149e-01
7.560438024232396526e-01
7.500589698113879766e-01
7.442612802910024694e-01
7.386484163367951217e-01
7.332178085484477581e-01
7.279666534222090091e-01
7.228919366200774466e-01
7.180005780294522744e-01
7.132972839003987042e-01
7.087783883462220880e-01
7.044401393857280258e-01
7.002787070783303980e-01
6.962901913415731059e-01
6.924706360359205171e-01
6.888160339938691479e-01
6.853223809891675344e-01
6.819856596128228698e-01
6.788107659304478680e-01
6.758008043257501818e-01
6.729516613023287519e-01
6.702593502826150740e-01
6.677199816433073698e-01
6.653297433817533246e-01
6.630849017233459985e-01
6.609818307028250128e-01
6.590169962100091983e-01
6.571869614222797251e-01
6.554964067864461619e-01
6.539485100741178059e-01
6.525400441202452440e-01
6.512679937236480754e-01
6.501295265825719483e-01
6.491219770657161714e-01
6.482428304476236525e-01
6.474897260641621077e-01
6.468604540449478524e-01
6.463529565147800859e-01
6.459649283202256731e-01
6.456942194596104745e-01
6.455391384691494538e-01
6.454981972504260090e-01
6.455701040400788626e-01
6.457537478362578298e-01
6.460482014124717676e-01
6.464527172271665734e-01
6.469667278460895510e-01
6.475898473108330222e-01
6.483135929119636653e-01
6.491309945277949911e-01
6.500418867590298522e-01
6.510462749620955503e-01
6.521443351556475143e-01
6.533364149952541888e-01
6.546230348425186030e-01
6.560048890654464060e-01
6.574828476652340159e-01
6.590579583130712349e-01
6.607228692677901138e-01
6.624716374782012585e-01
6.643052888185522198e-01
6.662250281869338542e-01
6.682322292198972224e-01
6.703284312723911675e-01
6.725153389898929079e-01
6.747948226170099595e-01
6.771689196057668614e-01
6.796398373193949238e-01
6.822009117869731742e-01
6.848467912550193493e-01
6.875793705461352712e-01
6.904007274257448756e-01
6.933131008498834014e-01
6.963188924133576485e-01
6.994206612130597911e-01
7.026211245817493012e-01
7.059231606639897461e-01
7.093298143583079973e-01
7.128346342484506160e-01
7.164323959898321048e-01
7.201255054801873889e-01
7.239165437255639102e-01
7.278082506264973439e-01
7.318035175849124663e-01
7.359053826973103174e-01
7.401170344683971614e-01
7.444418143727248305e-01
7.488832206040832995e-01
7.534344980060372343e-01
7.580900172996540842e-01
7.628522481632782348e-01
7.677238121621435818e-01
7.727074646107174871e-01
7.778060854461941176e-01
7.830226752666561429e-01
7.883603548534502403e-01
7.938223670977890833e-01
7.994120806367042142e-01
8.051217368265118912e-01
8.109445783165500909e-01
8.168824323995051984e-01
8.229372066722404622e-01
8.291108707111249920e-01
8.354054455859449835e-01
8.418229976879136878e-01
8.483656353836497299e-01
8.550355075300675178e-01
8.618348034927353352e-01
8.687559769912294172e-01
8.757923253638247862e-01
8.829444330977331834e-01
8.902126370181060455e-01
8.975970644663617826e-01
9.050976682890952141e-01
9.127142448633138727e-01
9.204464442637838584e-01
9.282937752006571452e-01
9.362556065364183722e-01
9.443202025708430369e-01
9.524764250532430365e-01
9.607210014336475812e-01
9.690501803373188228e-01
9.774597700577818404e-01
9.859451748100058754e-01
9.945014129931379898e-01
1.003123124350556283e+00
1.011804571730383628e+00
1.020539653379305411e+00
1.029309594821978147e+00
1.038095974404375177e+00
9.632116076080275979e-01
9.608811715852021429e-01
9.583590718159082922e-01
9.556403532410197021e-01
9.527207578520533460e-01
9.496113082719696008e-01
9.463216405656940111e-01
9.428507666302557988e-01
9.391984215866480135e-01
9.353650069753303153e-01
9.313515410170938313e-01
9.271596503174643900e-01
9.227915319253424675e-01
9.182499272085150599e-01
9.135381203467560773e-01
9.086739564645394118e-01
9.036734966484214482e-01
8.985421748564519362e-01
8.932858414508116907e-01
8.879106719615510457e-01
8.824231145339259674e-01
8.768298335035428215e-01
8.711376688570520166e-01
8.653535926578395099e-01
8.594846955194764826e-01
8.535513057553345551e-01
8.475714399376048647e-01
8.415526199204912405e-01
8.355023213478183219e-01
8.294279014581524834e-01
8.233365518570257002e-01
8.172352651659101630e-01
8.111308095350777680e-01
8.050297093221374656e-01
7.989382302158708482e-01
7.928744046009472690e-01
7.868536612784153839e-01
7.808814563419451682e-01
7.749629316244570632e-01
7.691028802959739563e-01
7.633057307136124070e-01
7.575755409464284273e-01
7.519160003405830350e-01
7.463304358073075129e-01
7.408218213151160914e-01
7.354036151487121087e-01
7.300867758100639815e-01
7.248731664925078810e-01
7.197643500038137798e-01
7.147615754011148459e-01
7.098657856046621806e-01
7.050776267800384911e-01
7.003974626438429496e-01
6.958253915922483213e-01
6.913612652793016400e-01
6.870143985590387858e-01
6.827919107507193219e-01
6.786928360490923628e-01
6.747160619196266307e-01
6.708603213380976982e-01
6.671241989898586411e-01
6.635061350678795877e-01
6.600044361840481377e-01
6.566172944093141561e-01
6.533428020238445377e-01
6.501876877212063865e-01
6.471568097426235733e-01
6.442478396734403479e-01
6.414584541269602314e-01
6.387863139380252075e-01
6.362290595520492253e-01
6.337843152854497619e-01
6.314496955554942392e-01
6.292228115383764475e-01
6.271012787317227222e-01
6.250906700384355474e-01
6.231949457470939979e-01
6.214115828561066479e-01
6.197381564898847284e-01
6.181723183958551804e-01
6.167117893981218790e-01
6.153543378225514449e-01
6.140978067323360490e-01
6.129400962843143397e-01
6.118791724687725475e-01
6.109204229167592981e-01
6.100677955026513333e-01
6.093192933553712720e-01
6.086730786493298462e-01
6.081274467751274226e-01
6.076808203199585146e-01
6.073317248017189307e-01
6.070787973279619942e-01
6.069207770502620392e-01
6.068565067848313843e-01
6.068846709176989318e-01
6.070040527425355492e-01
6.072137397542314297e-01
6.075129677027373276e-01
6.079011092318119536e-01
6.083776759896000197e-01
6.089423188698515066e-01
6.095948140771270118e-01
6.103350702288165008e-01
6.111631331141608170e-01
6.120716016575467044e-01
6.130544918153888467e-01
6.141122777093128704e-01
6.152455206214668681e-01
6.164546701685633678e-01
6.177403852341680768e-01
6.191033224232805887e-01
6.205443877102828631e-01
6.220649729519278637e-01
6.236665105129823861e-01
6.253425096909175362e-01
6.270877496518173499e-01
6.289034441830625433e-01
6.307909097409880594e-01
6.327515744649971907e-01
6.347869852239327315e-01
6.368988128530846948e-01
6.390888564475526445e-01
6.413590472701495848e-01
6.437114526330787179e-01
6.461398352075962137e-01
6.486392290979057229e-01
6.512114650229008372e-01
6.538585128010576675e-01
6.565824727515406911e-01
6.593855721127154235e-01
6.622701641119377314e-01
6.652387289542004423e-01
6.682938762626401408e-01
6.714383486761259512e-01
6.746660439278745480e-01
6.779720593914060345e-01
6.813586270773537290e-01
6.848281124764673544e-01
6.883830035295559480e-01
6.920259058935290808e-01
6.957595416515234277e-01
6.995867504292416772e-01
7.035104922537960270e-01
7.075338517321143605e-01
7.116504035372248627e-01
7.158548442404044643e-01
7.201494142765186846e-01
7.245364651189067917e-01
7.290184470193499244e-01
7.335979033371970992e-01
7.382774684387968245e-01
7.430598680244657750e-01
7.479479211493161861e-01
7.529445434631290013e-01
7.580423734516841261e-01
7.632350712841100560e-01
7.685242733235155832e-01
7.739116637351672878e-01
7.793989628215167720e-01
7.849879207484338206e-01
7.906803139473834730e-01
7.964779422633226913e-01
8.023826318467440766e-01
8.083962296139455272e-01
8.145115038455541523e-01
8.207221106980974179e-01
8.270285829375747522e-01
8.334312131956347347e-01
8.399301014779132490e-01
8.465251854096124129e-01
8.532162586339584465e-01
8.600029815199048411e-01
8.668848868655369966e-01
8.738613823354119958e-01
8.809215673918114886e-01
8.880552422236849264e-01
8.952596328672316472e-01
9.025315343232529486e-01
9.098673619552838376e-01
9.172631834589241029e-01
9.247147380093814206e-01
9.322174438827813825e-01
9.397664133465638558e-01
9.473564453818479336e-01
9.549706413327458954e-01
9.625926238025785953e-01
9.702140781600369079e-01
9.446406997308146591e-01
9.431350698723959258e-01
9.414528320882422641e-01
9.395878558640249345e-01
9.375346633118819550e-01
9.352884272375879826e-01
9.328591437792796981e-01
9.302554849102253609e-01
9.274757720549668960e-01
9.245189838143258454e-01
9.213847160461191566e-01
9.180731468178395804e-01
9.145850169802582919e-01
9.109216145453595814e-01
9.070847605334562136e-01
9.030767948631593933e-01
8.989142291844799404e-01
8.946119057717162315e-01
8.901743513609936542e-01
8.856064875006430803e-01
8.809135705758595059e-01
8.761011344302084280e-01
8.711749506184996994e-01
8.661409938733826142e-01
8.610054107593473338e-01
8.557744903439893358e-01
8.504675150068283784e-01
8.451016054538379452e-01
8.396836743968308925e-01
8.342206103109419679e-01
8.287192234243149214e-01
8.231862050022435984e-01
8.176280936030749791e-01
8.120512574583949039e-01
8.064618715444186181e-01
8.008659011224996682e-01
7.952809247136453097e-01
7.897220728618437047e-01
7.841947137926217337e-01
7.787039285864019167e-01
7.732544846150890550e-01
7.678508210463714789e-01
7.624970431109517888e-01
7.571969222673050615e-01
7.519539004031134954e-01
7.467710968477447864e-01
7.416620331880484640e-01
7.366378167130718246e-01
7.317005845097961370e-01
7.268521800792442367e-01
7.220941559648690333e-01
7.174277613364089534e-01
7.128539519509951017e-01
7.083734103201740906e-01
7.039865609068444163e-01
6.996935866769711243e-01
6.955040910555546629e-01
6.914255261250721318e-01
6.874573021922953941e-01
6.835986787889566374e-01
6.798487435460474071e-01
6.762064365732703974e-01
6.726705393692025137e-01
6.692396911547566773e-01
6.659124090825428999e-01
6.626871023525220394e-01
6.595707987762327029e-01
6.565686974508455620e-01
6.536787944884706603e-01
6.508990644458747532e-01
6.482274519918053146e-01
6.456618838702387064e-01
6.432002502413645129e-01
6.408404261677635994e-01
6.385802712172909956e-01
6.364176343596354979e-01
6.343583408957890191e-01
6.324066082663013511e-01
6.305601512031598910e-01
6.288167705302252219e-01
6.271743334612043252e-01
6.256307633903315235e-01
6.241840361516736158e-01
6.228321753610062128e-01
6.215732707723176098e-01
6.204054597943002847e-01
6.193343489038279914e-01
6.183641253702691909e-01
6.174929756239665446e-01
6.167192515448560730e-01
6.160414308805813866e-01
6.154581004828038049e-01
6.149679651442012673e-01
6.145698264494210417e-01
6.142625993578929577e-01
6.140452988110137733e-01
6.139168357814146493e-01
6.138762218819425742e-01
6.139227340993496096e-01
6.140557948730757110e-01
6.142749616854696892e-01
6.145799317383924265e-01
6.149705435815218113e-01
6.154467617895007514e-01
6.160086846147824202e-01
6.166565500753061757e-01
6.173831761260279993e-01
6.181827961771261259e-01
6.190558753864117136e-01
6.200029908284919733e-01
6.210248457990878990e-01
6.221222603714792188e-01
6.232961797779631441e-01
6.245476828634218824e-01
6.258779852898204155e-01
6.272884426603462238e-01
6.287726714359852531e-01
6.303256306811032550e-01
6.319487088559433419e-01
6.336434131990543728e-01
6.354113713993210233e-01
6.372543342841409109e-01
6.391741785751557936e-01
6.411729119009564881e-01
6.432526721630232869e-01
6.454157316916975251e-01
6.476561529358096925e-01
6.499692705216271182e-01
6.523571465753476017e-01
6.548219659316604213e-01
6.573660333488440255e-01
6.599917739717345855e-01
6.627017352959052587e-01
6.654985903078972642e-01
6.683851416003853130e-01
6.713643263389710292e-01
6.744302523009145789e-01
6.775782349857522036e-01
6.808107179913807094e-01
6.841302681897243332e-01
6.875395697830470887e-01
6.910414232141067759e-01
6.946387465785730519e-01
6.983345788429360379e-01
7.021320844231884184e-01
7.060345588473631029e-01
7.100357117528542927e-01
7.141303910475473860e-01
7.183210584880992400e-01
7.226102842148789396e-01
7.270007387482193550e-01
7.314951904924783532e-01
7.360965060962650908e-01
7.408076527888856067e-01
7.456317021285134850e-01
7.505718348028392883e-01
7.556207627433861873e-01
7.607722428958063610e-01
7.660281725819890752e-01
7.713905000544778456e-01
7.768612185914286483e-01
7.824423640101239030e-01
7.881360166309052673e-01
7.939442945157454412e-01
7.998693566068370009e-01
8.059134155274113587e-01
8.120672607970471635e-01
8.183225980279584810e-01
8.246797344937912833e-01
8.311388901027396692e-01
8.377002137580106256e-01
8.443637544739452938e-01
8.511294827218627290e-01
8.579972758293394897e-01
8.649669200710761174e-01
8.720381018945080331e-01
8.792003932650196418e-01
8.864440966814193246e-01
8.937668156746744197e-01
9.011656740471069016e-01
9.086373858871868991e-01
9.161782865818803856e-01
9.237843796282093622e-01
9.314513491281269930e-01
9.391745654934888776e-01
9.469490871337734594e-01
9.547583927446249286e-01
9.625864745824062041e-01
9.704252851541261826e-01
9.746153861988435807e-01
9.731353021321892394e-01
9.714903304586273158e-01
9.696732657979985071e-01
9.676776740435042434e-01
9.654978419502160403e-01
9.631287465302244000e-01
9.605660440004790690e-01
9.578197996054744756e-01
9.548988727536866783e-01
9.518021533098930398e-01
9.485291697265920696e-01
9.450800475647254117e-01
9.414554701865374131e-01
9.376566755298965106e-01
9.336854329662293006e-01
9.295440124512259761e-01
9.252351845193100832e-01
9.207754678278825544e-01
9.161797905050641511e-01
9.114531045582997537e-01
9.066006951691544247e-01
9.016281339524181426e-01
8.965412340318794637e-01
8.913460163925441826e-01
8.860486673404195379e-01
8.806555098800411541e-01
8.751729670005459205e-01
8.696200464162917587e-01
8.640136799085934571e-01
8.583609001006176076e-01
8.526686684779296588e-01
8.469438234845407809e-01
8.411930469532462595e-01
8.354228385768438514e-01
8.296394960191270096e-01
8.238490991789675366e-01
8.180574976527181796e-01
8.122817831759103768e-01
8.065366870473577032e-01
8.008274771287099414e-01
7.951590974842719373e-01
7.895361515389529572e-01
7.839628943734235911e-01
7.784432319197701622e-01
7.729807248296043376e-01
7.675785955578706687e-01
7.622397376902161348e-01
7.569771099853057628e-01
7.518013645877745788e-01
7.467144753194030482e-01
7.417180988538443209e-01
7.368135768167278776e-01
7.320019445460124174e-01
7.272839446078802617e-01
7.226600458786636150e-01
7.181304537760160311e-01
7.136951377163112120e-01
7.093631883692226303e-01
7.051416473577324373e-01
7.010297843673365392e-01
6.970266932121864656e-01
6.931312964355569317e-01
6.893423519152542811e-01
6.856584672324130825e-01
6.820781158752095008e-01
6.785996476597599969e-01
6.752213040970053148e-01
6.719496907661716145e-01
6.687896585595729526e-01
6.657391106222524391e-01
6.627959145069793889e-01
6.599579032384995658e-01
6.572228749877296883e-01
6.545886006108113664e-01
6.520528311892915818e-01
6.496133066032416803e-01
6.472677650939749894e-01
6.450216929057696058e-01
6.428790506651202996e-01
6.408374968320229570e-01
6.388947640945619177e-01
6.370486445322056657e-01
6.352969900415891269e-01
6.336376973925031963e-01
6.320687180100128533e-01
6.305880606554588041e-01
6.291937849473843158e-01
6.278912325929277838e-01
6.266843880792954957e-01
6.255714214331622447e-01
6.245506474446608225e-01
6.236205065382890433e-01
6.227795424872379915e-01
6.220264041161728263e-01
6.213598449693047421e-01
6.207787237332889063e-01
6.202820043583230358e-01
6.198686968576294642e-01
6.195379079764555819e-01
6.192888906958405881e-01
6.191210297107980765e-01
6.190338418434085943e-01
6.190269753227995997e-01
6.191002102901272952e-01
6.192534601382057025e-01
6.194867734072150300e-01
6.198003342852973496e-01
6.201873100268284755e-01
6.206422278424297279e-01
6.211655145605659012e-01
6.217576910636767318e-01
6.224193886104233409e-01
6.231513573554914309e-01
6.239544721018071005e-01
6.248297364537143128e-01
6.257782860976738304e-01
6.268013916793108153e-01
6.278929589301185388e-01
6.290481857393723786e-01
6.302683924946305138e-01
6.315549999690351912e-01
6.329095336520677018e-01
6.343336356887320227e-01
6.358290595038513793e-01
6.373976864937765940e-01
6.390415157152420367e-01
6.407626684622789170e-01
6.425554112756243219e-01
6.444152451013959171e-01
6.463441045331604906e-01
6.483440208058318666e-01
6.504171245095047293e-01
6.525656491106278656e-01
6.547919344479177228e-01
6.570984304162453826e-01
6.594877009775682586e-01
6.619624293799247772e-01
6.645168202506606114e-01
6.671462620170002245e-01
6.698529854080360613e-01
6.726393045079744892e-01
6.755076236856289995e-01
6.784604385928967307e-01
6.815003396399841318e-01
6.846300160700977688e-01
6.878522605843875315e-01
6.911699930698859129e-01
6.945769091254336836e-01
6.980678072210722007e-01
7.016448079410881888e-01
7.053100971401319308e-01
7.090659267499287433e-01
7.129146164486678261e-01
7.168585562004421430e-01
7.209002094583121245e-01
7.250421169027430057e-01
7.292869006362310280e-01
7.336271217430970770e-01
7.380564026486200468e-01
7.425761889223438939e-01
7.471879259620539671e-01
7.518930596335294814e-01
7.566930419070582170e-01
7.615893308749467350e-01
7.665833924991027892e-01
7.716767067193086582e-01
7.768707714528932939e-01
7.821561473652542951e-01
7.875243550367088119e-01
7.929751847441584012e-01
7.985082930621829611e-01
8.041232133525471060e-01
8.098193623895573179e-01
8.155960436585008022e-01
8.214524484925538328e-01
8.273876558022674743e-01
8.334006308835715249e-01
8.394804931276818039e-01
8.456171954764601928e-01
8.518078520831375844e-01
8.580490874794312051e-01
8.643371138728810354e-01
8.706677872609178692e-01
8.770366408247532997e-01
8.834388992720084710e-01
8.898694919282025273e-01
8.963230608643357744e-01
9.027829953619512793e-01
9.092334131469811398e-01
9.156663187894400480e-01
9.865285618261629974e-01
9.853801343364276821e-01
9.840519454468917848e-01
9.825398294511480390e-01
9.808400372121339750e-01
9.789596054282340143e-01
9.769046537713866885e-01
9.746738201678263325e-01
9.722662787760402159e-01
9.696817008394706949e-01
9.669202200728574947e-01
9.639824275588391167e-01
9.608693595356790906e-01
9.575824694895724853e-01
9.541236365811818221e-01
9.505055584412615000e-01
9.467398070319247294e-01
9.428302394512397822e-01
9.387810800097482478e-01
9.345968656322423129e-01
9.302824043121539210e-01
9.258427318905205761e-01
9.212830979621757788e-01
9.166089426812544794e-01
9.118258763287372393e-01
9.069497411956227717e-01
9.019948533371096033e-01
8.969676603487697353e-01
8.918746410947433478e-01
8.867222579844311614e-01
8.815169204768784628e-01
8.762649566605409390e-01
8.709725903402962821e-01
8.656459220194582249e-01
8.602909127669530198e-01
8.549228575861916868e-01
8.495552188803000560e-01
8.441937224860155409e-01
8.388438619993487944e-01
8.335108739826369018e-01
8.281997223694781418e-01
8.229150897368068263e-01
8.176613718125095298e-01
8.124426790993438674e-01
8.072628391100400425e-01
8.021341072247591963e-01
7.970668497893866888e-01
7.920641714043883397e-01
7.871288806518295100e-01
7.822634858160154581e-01
7.774701973361173302e-01
7.727509348931341782e-01
7.681073404732260412e-01
7.635407858849525553e-01
7.590523884218856043e-01
7.546509160244193604e-01
7.503434000144327820e-01
7.461302885990439560e-01
7.420118190593076868e-01
7.379880202016914081e-01
7.340587200190663575e-01
7.302235569569661688e-01
7.264819931424967292e-01
7.228333285350099224e-01
7.192767153413157644e-01
7.158183043622887709e-01
7.124627360542300503e-01
7.092087616389102234e-01
7.060550462327686017e-01
7.030001674453056904e-01
7.000426154986563176e-01
6.971808095059517374e-01
6.944131093030952995e-01
6.917378073393826154e-01
6.891531432855921846e-01
6.866638019514439417e-01
6.842731650475645244e-01
6.819793231679256440e-01
6.797803835642075576e-01
6.776744610799647628e-01
6.756596751424641667e-01
6.737341463377773954e-01
6.718960110867258084e-01
6.701434279423668094e-01
6.684745641588104581e-01
6.668935631849658430e-01
6.654034246252320539e-01
6.640023291101146974e-01
6.626885393246469969e-01
6.614603962978886642e-01
6.603163116718480108e-01
6.592547449768538792e-01
6.582742093157598617e-01
6.573732781999384045e-01
6.565505856573365939e-01
6.558103867915192620e-01
6.551559144513126043e-01
6.545859435461465203e-01
6.540993873988699692e-01
6.536952808378906354e-01
6.533727645915561322e-01
6.531310797989355876e-01
6.529695684716700921e-01
6.528876696576564331e-01
6.528849184784519810e-01
6.529602432813228496e-01
6.531127500956481757e-01
6.533422031331951318e-01
6.536484983098855839e-01
6.540316727257301510e-01
6.544918824150914860e-01
6.550294004035737139e-01
6.556446345539709286e-01
6.563381153578666805e-01
6.571105011328202128e-01
6.579557159676794331e-01
6.588688978483905334e-01
6.598508238532605485e-01
6.609023749600166919e-01
6.620245471091631417e-01
6.632184556388340813e-01
6.644853389723025527e-01
6.658265617996625974e-01
6.672436149540639239e-01
6.687381318682776854e-01
6.703046519368015543e-01
6.719388761011162448e-01
6.736423547154990477e-01
6.754167669373252192e-01
6.772639036360732501e-01
6.791856741236281803e-01
6.811841097348116936e-01
