5.046063625889503967e+00
2.341963067046947344e+00
1.759648174149469835e+00
1.395806274908313771e+00
1.169869422842818807e+00
1.030783046452222518e+00
8.322097717654757254e-01
7.885690431050009774e-01
7.627485126141373417e-01
7.477013487947270498e-01
7.390344185353634465e-01
7.340305473408044179e-01
7.310154708799827539e-01
7.289840238299916120e-01
7.273545826931679947e-01
7.257889277309486076e-01
5.728847875737654860e-01
5.724694736132671657e-01
5.706715964529385232e-01
5.679774252430671577e-01
5.647855215648898142e-01
5.612135498918120469e-01
5.574860993735801795e-01
5.537077170244206759e-01
5.500023107637994624e-01
5.463128319609737993e-01
3.840809110542906524e-01
3.815770959733657541e-01
3.781668119237133752e-01
3.743353104807887188e-01
3.702594214931063110e-01
3.661809670229723146e-01
3.622058813568209690e-01
3.583939755363421131e-01
3.547778770581027086e-01
3.513730334419047363e-01
1.820455156502012173e-01
1.796390208531473132e-01
1.764456680580972492e-01
1.729035409245047727e-01
1.692581832365909200e-01
1.656545432852378763e-01
1.621763572401815345e-01
1.588690182295511288e-01
1.557542651651653287e-01
1.528394604173914928e-01
-2.249522408059989598e-02
-2.467371881257451882e-02
-2.752303187532489925e-02
-3.069483614571555385e-02
-3.395694299141427397e-02
-3.717122423973162615e-02
-4.025847903771917480e-02
-4.317616440481153450e-02
-4.590430617071183939e-02
-4.843661227071294206e-02
-2.282549031866840661e-01
-2.299770832242666874e-01
-2.323546497490900364e-01
-2.350354975110787170e-01
-2.378455269858996135e-01
-2.405261240274284562e-01
-2.430736026067266686e-01
-2.454440309091106553e-01
-2.476165314905779680e-01
-2.495849673579217110e-01
-4.317032228274815253e-01
-4.325294487459581116e-01
-4.340365602830033587e-01
-4.358631354212112452e-01
-4.377667822872877701e-01
-4.396536423102829216e-01
-4.413267906953364794e-01
-4.428204573699932589e-01
-4.441130207707407740e-01
-4.451983716526373702e-01
-6.271181583729833475e-01
-6.265599493379088170e-01
-6.267930881894885342e-01
-6.273229438958388693e-01
-6.279668668135929277e-01
-6.285690546146660562e-01
-6.290504281475213233e-01
-6.293854549456256997e-01
-6.294579490582482562e-01
-6.293356336153870245e-01
-8.084552018768180748e-01
-8.061037154429189222e-01
-8.045421065855905551e-01
-8.034562809669451022e-01
-8.025071367849377912e-01
-8.015033421407041780e-01
-8.004467086175777180e-01
-7.991279677200106013e-01
-7.977433888518514760e-01
-7.960849140482391118e-01
-9.695946895835032553e-01
-9.649374845509191001e-01
-9.612692661130098903e-01
-9.581325798603181898e-01
-9.551201213246093280e-01
-9.521422683891371808e-01
-9.490783675930114516e-01
-9.458672441603077630e-01
-9.424768671545900034e-01
-9.389182250930401263e-01
-9.305356230138048801e-01
-9.251817746939221543e-01
-9.200696021852692308e-01
-9.150421227377909528e-01
-9.100946414266704032e-01
-9.050781284280229322e-01
-8.999254124076985217e-01
-8.949756636462147252e-01
-8.897171620991652929e-01
-8.844022626408309939e-01
-7.026430248301094306e-01
-6.974022463031877006e-01
-6.919195648409641741e-01
-6.863285960399814201e-01
-6.808166627863982967e-01
-6.753639956083306028e-01
-6.718166950863770914e-01
-6.645035658263949152e-01
-6.588636644512864127e-01
-6.563558146297294726e-01
-4.801063892880128581e-01
-4.757543193894859801e-01
-4.710762874727529859e-01
-4.662825998768118652e-01
-4.615127732738890654e-01
-4.568414538755711796e-01
-4.523033285161888184e-01
-4.479088452636696971e-01
-4.436540970097850867e-01
-4.395269977236579972e-01
-2.675654797787230255e-01
-2.627401276470688885e-01
-2.583886398321134648e-01
-2.544243014245691770e-01
-2.507954973730637249e-01
-2.474548030789951447e-01
-2.443590523238048373e-01
-2.414691876538116455e-01
-2.387500039287357989e-01
-2.361698436311762128e-01
-7.435724036716651053e-02
-7.093423919416497192e-02
-6.811599807387969108e-02
-6.576089219874381442e-02
-6.378139940641558425e-02
-6.210823212016314265e-02
-6.068537466742862652e-02
-5.946671446602769251e-02
-5.841372273386036262e-02
-5.749382581778372803e-02
9.136371316601443748e-02
9.294995300838049257e-02
9.387812909225334845e-02
9.431078411007692841e-02
9.434926527748949132e-02
9.407006496265790663e-02
9.353225734673648040e-02
9.278244142312830345e-02
9.188238062803338879e-02
9.078949449210238498e-02
2.233858609689481078e-01
2.222968736278724544e-01
2.206847945505418240e-01
2.185316530819731984e-01
2.160155423076613179e-01
2.131862067048609921e-01
2.100967151695583013e-01
2.067878999423700681e-01
2.032925074380902974e-01
1.996372084929621260e-01
2.861324316125520850e-01
2.766396569206430733e-01
2.681264038971711838e-01
2.602033973866100802e-01
2.525522747473654128e-01
2.450612715972360078e-01
2.376130807278564183e-01
2.301502307376837031e-01
2.226394399250847811e-01
2.150633433620293689e-01
2.851420074944129857e-01
2.714102428815664547e-01
2.586514916002786713e-01
2.464637417200571390e-01
2.345930088125642854e-01
2.228604287096134229e-01
2.112152866531380457e-01
1.995712195571599512e-01
1.879056536274014144e-01
1.762073311920172580e-01
2.301013688944174573e-01
2.118554247484588648e-01
1.945926758115694710e-01
7.239530664775040147e-02
6.149969457966353303e-02
5.030709680210521118e-02
3.895247333739204620e-02
2.632756979938721820e-02
1.593654402859234764e-02
-7.506752169052477441e-02
-7.923203245280263651e-02
-8.464202961345401732e-02
-9.067295576368827881e-02
-9.695978745213640337e-02
-1.031246899530822159e-01
-1.090792255288268731e-01
-1.146711637325061872e-01
-1.198106027974510379e-01
-1.244345036169864915e-01
-2.141680365082307969e-01
-2.143039619499802484e-01
-2.142631772981786753e-01
-2.139168784120264455e-01
-2.131803011159589811e-01
-2.120019771927326158e-01
-2.103519456193454484e-01
-2.082142688489507787e-01
-2.055822906463813382e-01
-2.024556383990849806e-01
-2.909689462514934988e-01
-2.842760290687569302e-01
-2.775637875178214031e-01
-2.707261714536297603e-01
-2.637283113794075540e-01
-2.565593568889452669e-01
-2.491253551645882247e-01
-2.415162835208259917e-01
-2.337219872984253044e-01
-2.257567895276721970e-01
-3.185110922346168216e-01
-3.084647558265916079e-01
-2.987558186920005188e-01
-2.892947689787332965e-01
-2.800276919323063662e-01
-2.709294212068535934e-01
-2.619923160608865764e-01
-2.532191164934114447e-01
-2.446184004129577927e-01
-2.362017018018436332e-01
-3.383247953334969083e-01
-3.291288726017334021e-01
-3.205913377005731313e-01
-3.126042668631383581e-01
-3.050642790807853721e-01
-2.979108598877231451e-01
-2.911873563698493816e-01
-2.848017781140275151e-01
-2.787572958114580279e-01
-2.730478150254723735e-01
-3.866088581960892556e-01
-3.806158144276690636e-01
-3.753923682625222025e-01
-3.707714929252279301e-01
-3.666330863487604619e-01
-3.628964421095700610e-01
-3.595056837632690239e-01
-3.564205436580653585e-01
-3.536105523259419625e-01
-3.510513992428485608e-01
-4.740683019874875059e-01
-4.708475417126229412e-01
-4.683135934823551838e-01
-4.663390301208149569e-01
-4.646912881003316120e-01
-4.632844658263501891e-01
-4.620551207694117979e-01
-4.609577131649443826e-01
-4.599591224407001411e-01
-4.590157735617110824e-01
-5.868909839565390474e-01
-5.843746749754425984e-01
-5.825276033079062055e-01
-5.810835364757143129e-01
-5.798613244139907419e-01
-5.787431620746545935e-01
-5.776527948812839597e-01
-5.765410779158337551e-01
-5.753633797767709890e-01
-5.741352241775450338e-01
-7.014816883465075925e-01
-6.974922219187300598e-01
-6.941839725724388011e-01
-6.912343279209431923e-01
-6.884934865585978780e-01
-6.857865822754674046e-01
-6.829394350878039699e-01
-6.800283529722357390e-01
-6.769512712050473890e-01
-6.736986651623315669e-01
-6.662225638943921613e-01
-6.612111385633181460e-01
-6.563256842912563727e-01
-6.515343720476474143e-01
-6.467424258238492207e-01
-6.418259584596415213e-01
-6.368316399331754862e-01
-6.317218248939540093e-01
-6.264816112346462962e-01
-6.210999773750693898e-01
-4.801109392783815544e-01
-4.749540742170430541e-01
-4.696346076801813929e-01
-4.642292192474171131e-01
-4.587905413904582730e-01
-4.533437637380939300e-01
-4.478973081458323957e-01
-4.424495461261708229e-01
-4.369930023526127361e-01
-4.315490068604630469e-01
-2.913720041990246479e-01
-2.859817869096563658e-01
-2.807894381424895780e-01
-2.758450022701992577e-01
-2.710545239525450345e-01
-2.664053456036956646e-01
-2.618734234742798872e-01
-2.574331517245176393e-01
-2.530599560948436633e-01
-2.487307043185933431e-01
-1.141406796146580138e-01
-1.098620169884481079e-01
-1.060770284288958809e-01
-1.026634154153751588e-01
-9.954183055688625714e-02
-9.664999096400861411e-02
-9.393785913132113308e-02
-9.136440665710265918e-02
-8.889541005377621374e-02
-8.650192339193751856e-02
3.805652565104666873e-02
4.014553871473702795e-02
4.158140412332156366e-02
4.253872066263542084e-02
4.313048463462620941e-02
4.343940294736126084e-02
4.352745370333011010e-02
4.344215019612251982e-02
4.322067944338336964e-02
4.289266543017389299e-02
1.530339928358624979e-01
1.517232166873313526e-01
1.496994055486189357e-01
1.471511482919967140e-01
1.442331300719125187e-01
1.409408580830843194e-01
1.374173069400218550e-01
1.336588686395031589e-01
1.296415648530659936e-01
1.256916199993521333e-01
2.170022994884435175e-01
2.108386532951453396e-01
2.040078799505011253e-01
1.966752292541723290e-01
1.889483402146087676e-01
1.809038583881641127e-01
1.725975469112599747e-01
1.640708719585548536e-01
1.553553224475412720e-01
1.464752711537321284e-01
1.930202163009862859e-01
1.762452183026345653e-01
1.601899466265451488e-01
1.445399072455923750e-01
1.290965352714565084e-01
1.137382600614040840e-01
9.839215788223876213e-02
8.305656484587708999e-02
6.759132452510596689e-02
5.205495032448936854e-02
7.946740239270244643e-02
5.553013806372020245e-02
3.231865841877978873e-02
9.542374720995394632e-03
-1.297857945489033771e-02
-3.535124674133272027e-02
-5.768243883118229220e-02
-7.986668749894854091e-02
-1.020114286551914162e-01
-1.241921853942200560e-01
-1.150796373903565373e-01
-1.461455517316118113e-01
-1.762592545721117787e-01
-2.059382296694407533e-01
-2.436510710291929227e-01
-2.684944049519134568e-01
-2.925588569161257091e-01
-3.621101849512077253e-01
-3.773936400322792650e-01
-3.923464988829796773e-01
-4.068670714380528963e-01
-4.203595616962974013e-01
-4.332479042127721502e-01
-4.452182652220357806e-01
-4.561996121331803877e-01
-4.661348487531378204e-01
-4.749758272536555026e-01
-5.360031260742552650e-01
-5.363539392910090520e-01
-5.362060775144328328e-01
-5.354752257444590491e-01
-5.336456782169483049e-01
-5.311466191792812985e-01
-5.277133146036234734e-01
-5.233213797686806501e-01
-5.179623499222429928e-01
-5.116387441625627197e-01
-5.683148411444065573e-01
-5.551285852568577095e-01
-5.417761728528349696e-01
-5.281267069838937456e-01
-5.141111913360987273e-01
-4.997756725533035738e-01
-4.848316843185584979e-01
-4.697002300923156515e-01
-4.542372066948581200e-01
-4.384821694781315671e-01
-4.995711256486479179e-01
-4.797291771919831582e-01
-4.605024079343427168e-01
-4.417763377965924221e-01
-4.234905707452139012e-01
-4.056236034636424570e-01
-3.881772341389828629e-01
-3.711665403107746730e-01
-3.546134339825574022e-01
-3.385425217533998277e-01
-4.138859422688725420e-01
-3.962788240057668609e-01
-3.799461850888470327e-01
-3.647167150276930947e-01
-3.504724235495633167e-01
-3.371353622408223005e-01
-3.255681132545518164e-01
-3.150540520722278082e-01
-3.044473975403135801e-01
-2.946997517267351263e-01
-3.840076715595777124e-01
-3.692980704999413444e-01
-3.577049158760993164e-01
-3.483264939141447192e-01
-3.406156974405734061e-01
-3.341737154149211908e-01
-3.287321311515994382e-01
-3.241056947211963246e-01
-3.201623776863077864e-01
-3.168043975164565595e-01
-4.265593247198818383e-01
-4.222560727319261131e-01
-4.190819675496699759e-01
-4.167472981605123694e-01
-4.150366930084827821e-01
-4.138026752862989932e-01
-4.129378006035565596e-01
-4.123397428031371215e-01
-4.120211785460643483e-01
-4.118650203088936035e-01
-5.291696786542743336e-01
-5.266842337372800165e-01
-5.251998630262444401e-01
-5.243408582095382409e-01
-5.239113816288800685e-01
-5.236901034733287830e-01
-5.235639808725216504e-01
-5.235197844148289370e-01
-5.234908000105242820e-01
-5.233565912151987298e-01
-6.413670841885381613e-01
-6.376309350423132738e-01
-6.349304670180884180e-01
-6.328583170932851054e-01
-6.310287092121298347e-01
-6.293932764853538142e-01
-6.277588928642554578e-01
-6.260609735051039237e-01
-6.242540058630698940e-01
-6.223080953354143130e-01
-6.120307079019611241e-01
-6.079851172457124697e-01
-6.042979091913021072e-01
-6.008013713056516991e-01
-5.974383708167962936e-01
-5.940488886510817412e-01
-5.905917883076625685e-01
-5.870342623952080618e-01
-5.833532977663178354e-01
-5.795336094434966334e-01
-4.406318479084074813e-01
-4.369496389532452341e-01
-4.332775716089338758e-01
-4.295909100206505293e-01
-4.258845433935880553e-01
-4.221510823353074038e-01
-4.183820439616769971e-01
-4.145685437717336885e-01
-4.107016840342938568e-01
-4.067727680745325536e-01
-2.678860044583339928e-01
-2.637851511358209056e-01
-2.600839920638513547e-01
-2.565623177230977880e-01
-2.532237495191338450e-01
-2.499955268795026608e-01
-2.468375365439881008e-01
-2.437191515385952467e-01
-2.406164439240232600e-01
-2.375101412169629000e-01
-1.032534364992567788e-01
-9.985119081589055590e-02
-9.702754484039100014e-02
-9.466585514838965487e-02
-9.256242256537783319e-02
-9.064714357857805993e-02
-8.886234161219541683e-02
-8.716500508732516472e-02
-8.552337782404517696e-02
-8.394467893035928441e-02
4.135611552280904490e-02
4.307289406467074144e-02
4.404707309955757655e-02
4.452666474673883101e-02
4.466244369820715487e-02
4.458634222124635560e-02
4.428325060064031149e-02
4.387722869093302336e-02
4.338412931461421707e-02
4.282894090575606327e-02
1.549222859656516071e-01
1.538510449077061804e-01
1.520315405903907013e-01
1.497042594998253540e-01
1.470172676285712576e-01
1.440698055714444425e-01
1.409293609076399667e-01
1.376426350678459087e-01
1.342426034409379687e-01
1.307530745992252497e-01
2.255276618118554066e-01
2.204167708617627008e-01
2.146887295442171384e-01
2.085318266791572062e-01
2.020622990807712516e-01
1.953586695605413204e-01
1.884749630864094305e-01
1.814491871871930506e-01
1.743087854218547117e-01
1.671063506312277236e-01
2.167714696703206545e-01
2.020432644174990910e-01
1.883502108564419908e-01
1.752385223155705218e-01
1.624893137644963792e-01
1.499544002025718914e-01
1.375412074964978970e-01
1.251935039287684348e-01
1.128782609739309439e-01
1.005772750710367536e-01
1.347811554429370062e-01
1.146073574608854617e-01
9.549786390821246584e-02
7.699183034350576271e-02
5.888998126369893171e-02
4.105709204393592771e-02
2.343700835556350448e-02
5.882092443007636007e-03
-1.148773791168811176e-02
-2.877439277197912926e-02
-9.219594867929670201e-03
-3.462203505357663857e-02
2.513346072745359372e-02
7.704807324944384916e-03
-8.669972130827208190e-03
-2.398493805247592370e-02
-3.823674521902376000e-02
-1.201718680160011044e-01
-1.271229411955556721e-01
-1.338591019229675716e-01
-1.401421707073446932e-01
-1.458178879960039254e-01
-1.507881455345618793e-01
-1.550048233409586640e-01
-1.583869903577233007e-01
-1.610493359944327185e-01
-1.626924150066797470e-01
-2.403016209155641736e-01
-2.361119448564104051e-01
-2.320019241541331212e-01
-2.275788977492816390e-01
-2.229922218601279038e-01
-2.180150386962202980e-01
-2.126063679597178790e-01
-2.067509467878296814e-01
-2.004475550050834887e-01
-1.936972079982473005e-01
-2.740002629382560784e-01
-2.630244119569307149e-01
-2.526810010137572338e-01
-2.426164853801011656e-01
-2.327060841735537622e-01
-2.228809560643416621e-01
-2.131096414855999654e-01
-2.033825565641835809e-01
-1.937032707847161639e-01
-1.840832844742452679e-01
-2.741622553401694695e-01
-2.622407079575223010e-01
-2.513702780366724454e-01
-2.412062637451060088e-01
-2.316085803936707155e-01
-2.224917938116780514e-01
-2.138040899750897061e-01
-2.055142114146679688e-01
-1.976031772158955979e-01
-1.900590565844301194e-01
-2.943998945966195269e-01
-2.857844320272338035e-01
-2.783966834369513421e-01
-2.717791085274376961e-01
-2.658700401219092901e-01
-2.605465105684974247e-01
-2.557239815259313431e-01
-2.513425241666304988e-01
-2.473576961803714003e-01
-2.437347950276397279e-01
-3.620968065485496434e-01
-3.575094424172785557e-01
-3.540085500591036993e-01
-3.512817044667495003e-01
-3.490985765985372691e-01
-3.474705700056446300e-01
-3.460663674055807215e-01
-3.449423145000767299e-01
-3.440455199943800446e-01
-3.433351427197166572e-01
-4.716994832649365477e-01
-4.694008591915352913e-01
-4.680687722763479108e-01
-4.674231580529040198e-01
-4.671100723546888212e-01
-4.670426957983144778e-01
-4.671384429143012884e-01
-4.673269206773590367e-01
-4.675610766463534906e-01
-4.678090648822829101e-01
-6.008805482706748302e-01
-5.986538714150602125e-01
-5.973242549384085720e-01
-5.965591020531869626e-01
-5.960998650037826474e-01
-5.957217588328758140e-01
-5.954327467821913800e-01
-5.952147691151166153e-01
-5.948857795479689514e-01
-5.944512667708765630e-01
-7.271717336457912406e-01
-7.231441964840243930e-01
-7.202092477084840461e-01
-7.178199712059043502e-01
-7.157131821395528171e-01
-7.137991016045421855e-01
-7.118494544274425184e-01
-7.098175773585468917e-01
-7.076407744371095987e-01
-7.053347970366334874e-01
-6.966779651662342587e-01
-6.925227826019024757e-01
-6.886937847424174919e-01
-6.850257432049913220e-01
-6.814381332339272124e-01
-6.778141346261505884e-01
-6.741882111055068627e-01
-6.703878173787096717e-01
-6.664938247927867376e-01
-6.624911450109960409e-01
-5.137077825140921039e-01
-5.102878112939983613e-01
-5.078318930842171675e-01
-5.041558897342248713e-01
-4.999706862765527227e-01
-4.963170451153975371e-01
-4.923673099852852175e-01
-4.925795740682235024e-01
-4.921427322432228024e-01
-4.901396008828482476e-01
-3.417239812232815144e-01
-3.381977889897189726e-01
-3.345878359842904270e-01
-3.309609166328000285e-01
-3.273651817177740675e-01
-3.238210251571338461e-01
-3.203323167317349007e-01
-3.168934160359435648e-01
-3.134935118346713345e-01
-3.101192711869844576e-01
-1.641898808208535065e-01
-1.604775697478395546e-01
-1.573328779437226377e-01
-1.545750744909335506e-01
-1.520957994979021954e-01
-1.498177026839608850e-01
-1.476842445238688573e-01
-1.456530496016414933e-01
-1.436915456390076562e-01
-1.417740781740108869e-01
-5.325315519536966136e-03
-3.239339437529520360e-03
-1.807828044591675010e-03
-8.197474971076701422e-04
-1.473343405777871595e-04
2.977983272547390925e-04
5.779850426086419191e-04
7.381329532590852338e-04
8.113322170186787474e-04
8.225279719533684641e-04
1.240782839264328308e-01
1.236959436017136538e-01
1.226657979299143886e-01
1.211906647082118260e-01
1.193937297787498464e-01
1.173593647693227382e-01
1.151463793895365351e-01
1.127965796965982315e-01
1.103403189502581982e-01
1.078001181051360668e-01
2.140577003262342237e-01
2.101018655887515463e-01
2.056289703991608375e-01
2.007902173509931998e-01
1.956772175760588262e-01
1.903535453348396134e-01
1.848893273194192610e-01
1.792462177084939434e-01
1.734892098253532078e-01
1.676866631511578498e-01
2.294831924419928615e-01
2.165985578055113492e-01
2.047837559813443786e-01
1.936315346294186224e-01
1.828791023882483102e-01
1.723619545037693435e-01
1.619780822272255394e-01
1.516652103128913742e-01
1.413863207192942451e-01
1.311204452654888830e-01
1.778489254005739539e-01
1.602134051627536193e-01
1.436463103782178452e-01
1.277593083073309543e-01
1.123051979766545028e-01
9.715873134003671918e-02
8.212079038487252181e-02
6.728950045176873562e-02
5.253994272655115871e-02
3.787740796656624553e-02
7.038481691181064370e-02
4.807223648731995258e-02
2.688430190316748458e-02
1.039460026860874464e-01
8.903035602135433990e-02
7.469328455663171162e-02
6.105251585266469050e-02
4.818463022746355406e-02
3.614332725417912506e-02
-4.714453088132430914e-02
-5.305406571709458952e-02
-5.853802905607019547e-02
-6.375744708457808940e-02
-6.842496065406566963e-02
-7.246462173488277259e-02
-7.583063885532914661e-02
-7.849587643859345931e-02
-8.044503991347395910e-02
-8.167056383155713029e-02
-1.606752683438585905e-01
-1.567274422998985450e-01
-1.525820102818540303e-01
-1.484239774560289771e-01
-1.439732476433253083e-01
-1.391690859417473725e-01
-1.339819471492897929e-01
-1.284017087089517339e-01
-1.224305904746383344e-01
-1.160787859102740960e-01
-1.973453431570348915e-01
-1.873873518930184723e-01
-1.778168517584242103e-01
-1.684751434353908284e-01
-1.592633815091601956e-01
-1.501282008173276949e-01
-1.410429432253714754e-01
-1.319964009801817273e-01
-1.230079240946977404e-01
-1.141213247760377580e-01
-2.042378451823041452e-01
-1.934339351657323736e-01
-1.834133370488661985e-01
-1.740053862204293811e-01
-1.650969727515461116e-01
-1.566189223486482707e-01
-1.485293012406015967e-01
-1.408027967728561203e-01
-1.334239817496909453e-01
-1.263830620862862464e-01
-2.299027503798698469e-01
-2.219971151546389354e-01
-2.150743024345243004e-01
-2.089058050559922108e-01
-2.035016486525665913e-01
-1.984859674290722076e-01
-1.939371394286503181e-01
-1.898023322632018672e-01
-1.860413321255043329e-01
-1.826223121138169925e-01
-2.993836701386468624e-01
-2.951839990062991026e-01
-2.919523809933046721e-01
-2.894364386788327859e-01
-2.874130157213722336e-01
-2.859175110827697486e-01
-2.845983190656427575e-01
-2.835456053287995770e-01
-2.827126784298618078e-01
-2.820629031217508631e-01
-4.085069719558150347e-01
-4.066054971357959680e-01
-4.054157391301754232e-01
-4.048169853868679446e-01
-4.046060032251217464e-01
-4.046570383099213908e-01
-4.048180891715045249e-01
-4.051700670334889010e-01
-4.054373043762808937e-01
-4.057488155373000227e-01
-5.370179181719958450e-01
-5.350735926300693723e-01
-5.339990652842225849e-01
-5.334509304899035520e-01
-5.331933366822130260e-01
-5.330755903466168899e-01
-5.330016892549935825e-01
-5.328826501820087547e-01
-5.327934533976428355e-01
-5.326056550005284773e-01
-6.639770501656780954e-01
-6.605178748023945445e-01
-6.579711584334433372e-01
-6.559848510259564947e-01
-6.542228753331267299e-01
-6.526051631623568383e-01
-6.509975913560146488e-01
-6.492584177698559333e-01
-6.475235595331949590e-01
-6.455631556083594180e-01
-6.386807204337137112e-01
-6.352051064446591067e-01
-6.319818680890818552e-01
-6.288675942103276739e-01
-6.257918430184823411e-01
-6.226555038112915330e-01
-6.195137135315476051e-01
-6.161609252942830128e-01
-6.127031474785626930e-01
-6.091269179980494108e-01
-4.640795750980102330e-01
-4.613530587700673813e-01
-4.583678935414401412e-01
-4.551861495115059331e-01
-4.519523037285584355e-01
-4.485171938867713592e-01
-4.450192672023889351e-01
-4.414654563125532949e-01
-4.378564550593626592e-01
-4.341896034998493636e-01
-2.891107706653643916e-01
-2.859678264275296034e-01
-2.828908075867171412e-01
-2.798563012490433710e-01
-2.768607132282558947e-01
-2.738964303507183118e-01
-2.709537529344019369e-01
-2.680117338639285141e-01
-2.650548648927564255e-01
-2.621276647013344174e-01
-1.208888132551715344e-01
-1.182631796394653101e-01
-1.159484719170882361e-01
-1.138423548228311155e-01
-1.118896422543493863e-01
-1.100496155394328213e-01
-1.082913623128911595e-01
-1.065907316899208368e-01
-1.049283260536231221e-01
-1.032881628946624719e-01
3.032909743655287649e-02
3.160192358044322525e-02
3.240799252293680155e-02
3.289753711240239742e-02
3.315721448386987902e-02
3.324734320391065090e-02
3.321085747156682366e-02
3.307909261950980895e-02
3.287554066672204733e-02
3.261830115396457952e-02
1.547248919177774962e-01
1.536669547367115474e-01
1.520911921652139398e-01
1.501569776837073933e-01
1.479579256945818821e-01
1.455582290400831980e-01
1.430028021812441708e-01
1.403238097701591247e-01
1.375448837403829283e-01
1.346838585840183233e-01
2.412880981593803487e-01
2.367361146720395881e-01
2.317489383783774004e-01
2.264288232169869852e-01
2.209598631348752562e-01
2.151892884876550061e-01
2.092758842319275281e-01
2.032423491102868240e-01
1.970805941367681779e-01
1.908048460320042328e-01
2.777424472914700182e-01
2.684062278853339700e-01
2.588895424242815269e-01
2.492429442268511430e-01
2.394648942596272478e-01
2.295166482979057454e-01
2.196072067608780820e-01
2.094983877273988160e-01
1.993307210042497557e-01
1.891129180607119542e-01
2.315926074341848606e-01
2.125370845833971511e-01
1.949149539294462441e-01
1.782050796591011510e-01
1.620760203508999631e-01
1.463384503406073289e-01
1.308032769827993658e-01
1.155483419502649767e-01
1.003119220799620903e-01
8.519106746841165201e-02
1.135588586795557298e-01
8.941782464042002943e-02
6.674295722182366219e-02
2.023051255408392368e-01
1.859457254308746199e-01
1.693145655200425370e-01
1.528646236028922134e-01
1.368833869512477985e-01
1.215540810836233110e-01
1.069821239402475310e-01
9.332283059351231813e-02
1.746315783750262973e-02
1.007249829751355463e-02
3.016172730516020195e-03
-3.532556903538930371e-03
-9.461001212802466753e-03
-1.469880610245644093e-02
-1.918289640325121503e-02
-2.293252949335999880e-02
-2.595239974920993120e-02
-2.804278453211916933e-02
-9.968353799234153101e-02
-9.672007180766195589e-02
-9.360387916281731613e-02
-9.022166398202169368e-02
-8.635129671712848953e-02
-8.218236232999576174e-02
-7.757247487963714327e-02
-7.251664188788264909e-02
-6.702426256009097472e-02
-6.110388025875890250e-02
-1.350768637698804842e-01
-1.257527257061028525e-01
-1.167586033821748082e-01
-1.078741405043133206e-01
-9.903682606499852881e-02
-9.021747695456494576e-02
-8.140738320139240258e-02
-7.261040909132643328e-02
-6.383793065250076282e-02
-5.510558523302822032e-02
-1.383313090181059746e-01
-1.281582956191220646e-01
-1.186107199770849441e-01
-1.095736038863647233e-01
-1.009699241076801313e-01
-9.275383899506572938e-02
-8.489853651916867694e-02
-7.738852644721072593e-02
-7.021477087186378530e-02
-6.337162950603703049e-02
-1.604067622179323749e-01
-1.533049967088164767e-01
-1.470101304825084387e-01
-1.413752680690588681e-01
-1.362923489442734448e-01
-1.316874296274220812e-01
-1.275079744724728625e-01
-1.237259799390738602e-01
-1.202922269918557108e-01
-1.171780941295852418e-01
-2.282451039957079097e-01
-2.250283404530515063e-01
-2.225792357097156615e-01
-2.207108736443793573e-01
-2.192949813032899209e-01
-2.182213175113499048e-01
-2.174214463145559550e-01
-2.169025097319799422e-01
-2.164925186303917060e-01
-2.162582094423769474e-01
-3.378837467517772364e-01
-3.370977916264561447e-01
-3.368913004882484463e-01
-3.371308117671999449e-01
-3.376345981273475294e-01
-3.383208328628639627e-01
-3.391159503583194290e-01
-3.399703589413924920e-01
-3.408501468301530224e-01
-3.417534335959923064e-01
-4.693573346690770309e-01
-4.687039622983348863e-01
-4.687004222966979494e-01
-4.691084479951632691e-01
-4.697480040582326932e-01
-4.704673536926380351e-01
-4.711502911055274190e-01
-4.717532660832357561e-01
-4.722887760919820543e-01
-4.727009843586247317e-01
-6.017679809135461078e-01
-5.997385220800692807e-01
-5.984665446461683302e-01
-5.975617278240590302e-01
-5.968667155201052843e-01
-5.961580141100883967e-01
-5.954143926176456159e-01
-5.945817163355762158e-01
-5.936262292345524383e-01
-5.925576299624737420e-01
-5.892774384991898984e-01
-5.870169727518226299e-01
-5.847655152031510095e-01
-5.825346052261501928e-01
-5.802723126339093263e-01
-5.779438411098953843e-01
-5.755264585498556240e-01
-5.730052084027656978e-01
-5.703701271002690198e-01
-5.676297980540705446e-01
-4.288752186599436023e-01
-4.269493022360160150e-01
-4.245424811954705557e-01
-4.218952256591765870e-01
-4.191035461149472674e-01
-4.162226482675319694e-01
-4.132827655257544919e-01
-4.102986177061971329e-01
-4.072753750495028413e-01
-4.042124092084160569e-01
-2.635719418722712870e-01
-2.610638074095634753e-01
-2.584810674375952466e-01
-2.558696582404449416e-01
-2.532696277129218299e-01
-2.506939263483127789e-01
-2.481516803982586339e-01
-2.456925521024260206e-01
-2.431584568146842873e-01
-2.406414961766942806e-01
-1.019338643515164122e-01
-9.986441944930946057e-02
-9.793845076547880169e-02
-9.613022836527362891e-02
-9.443050508155792500e-02
-9.282578093483073722e-02
-9.130071627064628714e-02
-8.983956035676143870e-02
-8.842696453073450868e-02
-8.704973566008145092e-02
4.601876169155449947e-02
4.678954532550894108e-02
4.731293777635947606e-02
4.764611211607117092e-02
4.781803988788391191e-02
4.785662693455039474e-02
4.778568472026978320e-02
4.762539154904354977e-02
4.739315205603378267e-02
4.701189412730666373e-02
1.704434277181341439e-01
1.691309415942721106e-01
1.675322452273275697e-01
1.656984142240620628e-01
1.636722530493541772e-01
1.614870713468671282e-01
1.591694589173108243e-01
1.567410872851228154e-01
1.542199171379710076e-01
1.516210318765602305e-01
2.615802178426112623e-01
2.569235535824705985e-01
2.521144354631774664e-01
2.471695139527271268e-01
2.421023350420196119e-01
2.369150389755347863e-01
2.315751100020727593e-01
2.262688441381791316e-01
2.207476428111997679e-01
2.151630532114532923e-01
3.074453834658256723e-01
2.983269232768247514e-01
2.893674672128147551e-01
2.804801538433209229e-01
2.716067800556350997e-01
2.627162715293374085e-01
2.537943163885295617e-01
2.448368330405408244e-01
2.358458680638108040e-01
2.268270324992345266e-01
2.777197020693900620e-01
2.596495758709996826e-01
2.433556894804810300e-01
2.281509804283785581e-01
2.138145219864295843e-01
1.998166086100326977e-01
1.861508698392065897e-01
1.727195126811532644e-01
1.594644197167592869e-01
1.463532764153515631e-01
1.856790620176240747e-01
1.633378964725706872e-01
1.428755636780536520e-01
2.606144584870939696e-02
1.146420058057306957e-02
-2.542147068257727405e-03
-1.593817372470329730e-02
-2.869968674179301793e-02
-8.255087384074810686e-02
-8.904489495203860017e-02
-9.572138485610626191e-02
-1.022461794214510888e-01
-1.084765222158041720e-01
-1.140655887353918541e-01
-1.192954460613693257e-01
-1.239612010597535008e-01
-1.281041152859896393e-01
-1.314070738441392994e-01
-1.824076381730668217e-01
-1.807283729423794227e-01
-1.790630373099735273e-01
-1.772341387579852157e-01
-1.751300292848643192e-01
-1.726843529505053265e-01
-1.699238890213847775e-01
-1.665527254680874147e-01
-1.629495663365869706e-01
-1.589419159558784767e-01
-2.106284156105333594e-01
-2.029026792179531302e-01
-1.953699887811186642e-01
-1.879050369448158619e-01
-1.804319331425046080e-01
-1.729104858714820558e-01
-1.653231410148399139e-01
-1.576666315367072357e-01
-1.499466250559846614e-01
-1.421742813621726942e-01
-1.991766343077671086e-01
-1.892784583153902522e-01
-1.798631636511675014e-01
-1.708254530577597574e-01
-1.620980047053510731e-01
-1.536426712591171251e-01
-1.454393400040283613e-01
-1.374758226279282347e-01
-1.297500680030940767e-01
-1.222707046485973503e-01
-1.884517462508998875e-01
-1.800361120191144026e-01
-1.723045825638941375e-01
-1.651412047048479437e-01
-1.584636239023328175e-01
-1.522172391561477101e-01
-1.463677586693142851e-01
-1.408872216441453551e-01
-1.357480060197343574e-01
-1.309371463920048217e-01
-2.074201059878100217e-01
-2.021161427680387701e-01
-1.975267133009539766e-01
-1.935095806571706378e-01
-1.899595701272574211e-01
-1.868034807714283319e-01
-1.839886069730204965e-01
-1.814754320654659303e-01
-1.792329902099635275e-01
-1.772359313758697652e-01
-2.622530969128420986e-01
-2.595460666861093002e-01
-2.574914830229932949e-01
-2.559164853874652534e-01
-2.546953839276607789e-01
-2.537470454140288711e-01
-2.529901375964969668e-01
-2.525166692119284462e-01
-2.520369377103862663e-01
-2.516770237710961311e-01
-3.418947831240032320e-01
-3.402572214985570831e-01
-3.392433170139197429e-01
-3.386423049142244235e-01
-3.383056846074395940e-01
-3.381358530191465039e-01
-3.380732523954694813e-01
-3.380584990443902260e-01
-3.381756763637170371e-01
-3.381683264174933923e-01
-4.301123762117499139e-01
-4.281070142240970267e-01
-4.267702313843317885e-01
-4.258504313513000739e-01
-4.251610083105408222e-01
-4.246866228984556013e-01
-4.241237485042879118e-01
-4.235738853349211297e-01
-4.230060615332071894e-01
-4.223952591332011952e-01
-5.129558363684589839e-01
-5.095621501838247802e-01
-5.069289893433903682e-01
-5.047452664294056479e-01
-5.028025147873687040e-01
-5.009670231768801330e-01
-4.991668644784432729e-01
-4.973652948690359121e-01
-4.954342248314826946e-01
-4.934273544423046776e-01
-4.781739204458335113e-01
-4.748306768540448974e-01
-4.717447097279297008e-01
-4.688149953828373295e-01
-4.659714754531425474e-01
-4.630360660562684583e-01
-4.600397714252990600e-01
-4.570439308661049527e-01
-4.539553374708891198e-01
-4.507990484609472048e-01
-3.310838898406718300e-01
-3.284402214395980568e-01
-3.257605134793717383e-01
-3.229431657190675597e-01
-3.200667159738057599e-01
-3.171465642596200674e-01
-3.141873901529008695e-01
-3.111889046910447654e-01
-3.081712504929592367e-01
-3.051153008354301477e-01
-1.858539759094501864e-01
-1.831127641565730713e-01
-1.804857018821885983e-01
-1.780434712236500516e-01
-1.755894024350725946e-01
-1.731868015289179663e-01
-1.708187104173410908e-01
