2.057941165570708719e+00
1.433608495851878217e+00
1.446244797208974253e+00
1.490399085542107205e+00
1.551865785741328496e+00
1.621911058517011783e+00
1.631660455893531259e+00
1.691240298389309338e+00
1.748807355879550496e+00
1.803407123528517841e+00
1.854537415877489881e+00
1.901981561012739963e+00
1.945679368279634058e+00
1.985681713653593805e+00
2.022108747298885234e+00
2.055100988437263076e+00
2.021913797421731829e+00
2.036967723303463540e+00
2.049404967637448838e+00
2.059421623980728810e+00
2.067283554354661046e+00
2.073004398480055244e+00
2.076894588196052105e+00
2.079047043925146276e+00
2.079646093927927097e+00
2.078644844173364703e+00
2.013268946518179447e+00
1.998334969365759495e+00
1.982485653691601346e+00
1.965925863757140624e+00
1.948608663749522574e+00
1.930786036517841531e+00
1.912488849926354373e+00
1.893784524147016590e+00
1.874732167612943812e+00
1.855384475225640983e+00
1.772693430778376822e+00
1.741979452395041594e+00
1.711300860553501391e+00
1.680902562798188615e+00
1.650806344281129379e+00
1.621062341587602207e+00
1.591708161941867372e+00
1.562772764561041861e+00
1.534279047031949617e+00
1.506245534678218201e+00
1.415532279413022287e+00
1.377872893474264560e+00
1.341028310341325192e+00
1.305056446296595674e+00
1.269997249355115931e+00
1.235873255807517612e+00
1.202695480927073568e+00
1.170467221228209898e+00
1.139186520417208470e+00
1.108847777657222311e+00
1.016223444168796508e+00
9.775359658696292087e-01
9.400696880482941609e-01
9.038639590409867086e-01
8.688760642968564873e-01
8.352706036678680945e-01
8.028829461783264509e-01
7.717439103914295329e-01
7.418319259964647472e-01
7.131221288324194330e-01
6.223120119663788641e-01
5.860634738116533571e-01
5.512192884635714885e-01
5.178013850617588787e-01
4.858137535195154455e-01
4.551912752673848983e-01
4.260632957931094755e-01
3.982454470074773822e-01
3.717502337586049421e-01
3.465394970615458536e-01
2.592558735560681615e-01
2.269022835358760481e-01
1.959207762671042463e-01
1.664721719194590666e-01
1.384031202770631963e-01
1.117417877125641001e-01
8.644832048374362365e-02
6.245653648420196324e-02
3.985615136388576119e-02
1.845277105054199396e-02
-6.510402531277525995e-02
-9.360466227388442029e-02
-1.206876704497371611e-01
-1.464867725252592123e-01
-1.709922263633645856e-01
-1.940774274262281329e-01
-2.159852122137342345e-01
-2.365251544947755136e-01
-2.560175253010366081e-01
-2.742113226188244157e-01
-3.547057507295554579e-01
-3.801568169234720296e-01
-4.044449200138066081e-01
-4.275417609379029704e-01
-4.493348244612541675e-01
-4.699867318853260256e-01
-4.894705530783834968e-01
-5.078225608382724854e-01
-5.250827441958400010e-01
-5.413025483488714817e-01
-5.576563718652230994e-01
-5.725261459841591849e-01
-5.865238832034752603e-01
-5.996514161704923351e-01
-6.119895267030541763e-01
-6.234779623144586225e-01
-6.341701010615575784e-01
-6.442852900648311509e-01
-6.534526813468567452e-01
-6.620155484709177030e-01
-6.091173240568515945e-01
-6.084574216460769680e-01
-6.074068470922016072e-01
-6.060692980742277136e-01
-6.043707965679039340e-01
-6.024109609815283539e-01
-6.018151999410883413e-01
-5.974899592739659759e-01
-5.948498463375230250e-01
-5.948860254254348945e-01
-5.307155302647470485e-01
-5.190496719371165968e-01
-5.073430101885750831e-01
-4.956471386888531283e-01
-4.839990158341884730e-01
-4.724199538187928704e-01
-4.609209659624673439e-01
-4.495062423414190045e-01
-4.381754197733708223e-01
-4.269250705679665803e-01
-3.552817626172074528e-01
-3.362939999358892651e-01
-3.176644815778640885e-01
-2.993757874049277623e-01
-2.814175250875170509e-01
-2.637778582098312397e-01
-2.464439190722916839e-01
-2.294021073458055726e-01
-2.126383085375221915e-01
-1.961380520867351818e-01
-1.196692073729009875e-01
-9.546903376694004795e-02
-7.181948426941953123e-02
-4.868761098077800664e-02
-2.605159882751229006e-02
-3.891067558798311232e-03
1.781354814578317569e-02
3.908136596135913798e-02
5.993126790762037803e-02
8.038202150050477446e-02
1.604102551685021583e-01
1.888101591793645562e-01
2.165062531745413077e-01
2.435396104356677416e-01
2.699385222764215109e-01
2.957285164888245332e-01
3.209334835393331531e-01
3.455763621842409261e-01
3.696522969525875002e-01
3.932614892314579835e-01
4.760572694106764979e-01
5.081702678954778118e-01
5.393105053027338336e-01
5.697598535500110195e-01
5.994346780267536534e-01
6.283791145116912613e-01
6.566199337823610538e-01
6.841825133622815303e-01
7.110916896109907848e-01
7.373719410691127463e-01
8.232492491797677170e-01
8.606407521096397506e-01
8.973509011625983023e-01
9.332457859783385157e-01
9.683535697560021749e-01
1.002607097407970604e+00
1.036026744604390482e+00
1.068624436046690773e+00
1.100416545382364886e+00
1.131422573051480196e+00
1.221424821789761417e+00
1.263946640309205005e+00
1.305544202877860771e+00
1.346163342641558458e+00
1.385771172801261830e+00
1.424435440323054358e+00
1.461999680398290646e+00
1.498627732487773923e+00
1.534282500248984826e+00
1.568987622471941901e+00
1.662078584670020343e+00
1.708675338468390592e+00
1.754182624297323745e+00
1.644689426342880179e+00
1.714834519888901010e+00
1.782917946026121303e+00
1.849004574284168534e+00
1.910966451189596516e+00
1.976195263752995812e+00
1.981714017726875277e+00
2.025324257447664866e+00
2.067276275370215188e+00
2.107660523631325056e+00
2.146679343778511218e+00
2.184106164045288345e+00
2.220262037529861399e+00
2.255068466559683404e+00
2.288552780094402550e+00
2.320732939890691959e+00
2.291258862435454624e+00
2.305196382931414156e+00
2.318052471492824118e+00
2.329835284350967761e+00
2.340549736338067621e+00
2.350195507931661876e+00
2.358768689117851647e+00
2.366262897747377192e+00
2.372670072625512105e+00
2.377981066116383602e+00
2.321508354321670797e+00
2.308755168926677648e+00
2.295127177671903773e+00
2.280612172427947115e+00
2.265268409564462182e+00
2.249160958315953085e+00
2.232033932610208993e+00
2.214181722472587044e+00
2.195508605806377300e+00
2.176033586326679536e+00
2.094694851271646563e+00
2.057958552631763638e+00
2.020807388365641444e+00
1.983288807924251218e+00
1.945452979451924191e+00
1.907349517909394665e+00
1.869028343502846523e+00
1.830540092175545031e+00
1.791936244398745881e+00
1.753269077829877176e+00
1.653091205768595806e+00
1.599158258844165514e+00
1.545717718785869721e+00
1.492864307941672131e+00
1.440624718357198519e+00
1.389033473621518411e+00
1.338368436132148176e+00
1.288452864520272856e+00
1.239438052109469668e+00
1.191373299055893176e+00
1.082432438387132212e+00
1.021724811575556169e+00
9.625426729517538860e-01
9.049450563053453855e-01
8.489843615155856504e-01
7.947027494106631007e-01
7.421337976878028542e-01
6.913036175760667312e-01
6.422316344808244315e-01
5.949311629111236899e-01
4.872394557106372592e-01
4.295017201439141341e-01
3.739201394416461488e-01
3.206968965512818626e-01
2.696491011102878921e-01
2.208501150823760639e-01
1.742789687201296012e-01
1.299100373890118565e-01
8.771282863449669787e-02
4.761542218519809744e-02
-5.267402603359794266e-02
-1.019938488744659422e-01
-1.488850607826494032e-01
-1.933591695647665087e-01
-2.354521489527285905e-01
-2.752093526791662415e-01
-3.126833513696501976e-01
-3.479320648276447159e-01
-3.810313936651746891e-01
-4.120016399345119984e-01
-5.034647961216789369e-01
-5.433675166491724884e-01
-5.810518436565497158e-01
-6.165147363725349550e-01
-6.496929089684810865e-01
-6.807444627593632891e-01
-7.098161740018190669e-01
-7.367677946179627124e-01
-7.618216073512050768e-01
-7.850064623202692715e-01
-8.075395283773965094e-01
-8.277602540554943600e-01
-8.464135277354807307e-01
-8.634323237652614669e-01
-8.789587107082501571e-01
-8.931224931805427092e-01
-9.058606804947428870e-01
-9.172720361599868699e-01
-9.274115432552915150e-01
-9.363323181236882231e-01
-8.840585628790478268e-01
-8.798119558233897797e-01
-8.749081956255485570e-01
-8.693977779853526711e-01
-8.633270313656745687e-01
-8.567343956347339695e-01
-8.496524666373013179e-01
-8.421093485067672191e-01
-8.341295550494343125e-01
-8.256930465704346300e-01
-7.572119234550171996e-01
-7.375878065928755944e-01
-7.180779902387939284e-01
-6.985316391274556391e-01
-6.791183418656208115e-01
-6.597828741132886199e-01
-6.405271139348651666e-01
-6.213499999945782948e-01
-6.022486390034478276e-01
-5.832185436678886115e-01
-5.048586928469231960e-01
-4.756794827557084826e-01
-4.470003462810421269e-01
-4.187912558790839457e-01
-3.910306409734281008e-01
-3.636977790445061753e-01
-3.367721970579597990e-01
-3.102333066499709524e-01
-2.840601808097970027e-01
-2.582314133036093251e-01
-1.737115829361550734e-01
-1.381498302016379576e-01
-1.033375205531497087e-01
-6.922235339218496541e-02
-3.576447243682412402e-02
-2.927742272526345779e-03
2.932177701278770865e-02
6.101679358249911811e-02
9.218939623498267899e-02
1.228714507188661820e-01
2.116868962359993445e-01
2.521811710001873319e-01
2.917913743813402849e-01
3.305808280317782399e-01
3.685262737848293835e-01
4.058949323860654990e-01
4.424981564635747100e-01
4.785337074763607590e-01
5.140719468069402387e-01
5.485458340866344873e-01
6.409451834359123357e-01
6.860193183271990902e-01
7.301334507285590636e-01
7.733507976592914890e-01
8.157214875875833382e-01
8.572905890451137934e-01
8.980998130015684922e-01
9.381885826045286425e-01
9.775947046270461183e-01
1.016354791729363605e+00
1.112398943073774404e+00
1.163656929862008527e+00
1.214124003386012562e+00
1.263771529522046633e+00
1.312588375146104713e+00
1.360577508623024290e+00
1.407750502593460240e+00
1.454025022733441475e+00
1.499724830199408609e+00
1.544658936370223667e+00
1.645595991119748192e+00
1.703114392062766713e+00
1.759691311297851612e+00
1.815292734167573308e+00
1.869900352975742086e+00
1.923508858593181881e+00
1.976232171645601055e+00
2.027730455802912779e+00
2.078288262857439062e+00
2.128063786502075061e+00
2.232611388238698424e+00
2.295090855281507025e+00
2.356109747785949615e+00
2.416282291890615497e+00
2.355052945920709462e+00
2.434947304452898642e+00
2.512958112640161445e+00
2.531727909521226394e+00
2.588540515191219082e+00
2.643610548718299924e+00
2.697318891880450487e+00
2.748643822470889120e+00
2.798666398360964980e+00
2.847018518081792848e+00
2.893695779155684544e+00
2.938683442952693348e+00
2.981958203212013103e+00
2.965350997997362015e+00
2.987084047428000488e+00
3.007020783428276278e+00
3.025460899944186988e+00
3.041387799144002813e+00
3.055779901945268051e+00
3.068255828205321833e+00
3.078784140944479830e+00
3.087332284681969519e+00
3.093868271232413036e+00
3.039359468951001730e+00
3.023663515504173116e+00
3.005993003005740238e+00
2.986362974327795961e+00
2.964796283448434711e+00
2.941581803061874112e+00
2.915947220623662517e+00
2.888769318577790735e+00
2.859783849525774801e+00
2.829057154956599263e+00
2.736701867899638430e+00
2.684874015911682843e+00
2.631747835023857007e+00
2.577441583546785431e+00
2.522080112690368026e+00
2.465790206767231929e+00
2.408700589545801574e+00
2.350941609620850858e+00
2.292644724832963554e+00
2.233941865927720372e+00
2.114137450274709007e+00
2.037944334736826235e+00
1.962107908684342927e+00
1.886793986693524161e+00
1.812163916922356233e+00
1.738369542102630394e+00
1.665528786848226028e+00
1.593677273613157919e+00
1.524838613912077534e+00
1.465570125846654470e+00
1.338356437921711439e+00
1.254733240661777272e+00
1.173259266447270521e+00
1.093933253999693767e+00
1.016874542726659447e+00
9.421955794605076928e-01
8.699833364259610402e-01
8.003043427296619994e-01
7.332080225237213034e-01
6.687290233945779594e-01
5.446195722524937999e-01
4.703810308702602860e-01
3.991464011170673398e-01
3.310446096397382520e-01
2.660852436153560152e-01
2.042507093570493648e-01
1.455126704514614344e-01
8.979377696248713736e-02
3.719219001952611681e-02
-1.253840654154025902e-02
-1.219601796738739585e-01
-1.802731915415434205e-01
-2.354020869128837790e-01
-2.874269139100142922e-01
-3.363124302779261221e-01
-3.822385530655144636e-01
-4.252478467820515196e-01
-4.653442547984094624e-01
-5.026974463982595287e-01
-5.375013812660316415e-01
-6.323611704363166774e-01
-6.757915848989937135e-01
-7.164531679579702050e-01
-7.543962638776198215e-01
-7.898345783921991714e-01
-8.226044998007834286e-01
-8.529652650337080644e-01
-8.809598062110692851e-01
-9.066823848372549399e-01
-9.302271456765831559e-01
-9.528811464040528589e-01
-9.731215872006044876e-01
-9.916116679235981168e-01
-1.008322757555079496e+00
-1.023229412952068484e+00
-1.036550317872954041e+00
-1.048302067103956681e+00
-1.058557222963745437e+00
-1.067386155718403895e+00
-1.074857295609207952e+00
-1.020726725319874628e+00
-1.014686867165254913e+00
-1.007900678199992628e+00
-1.000414576482616447e+00
-9.922786075104415016e-01
-9.835387691268385746e-01
-9.742373175521668038e-01
-9.644128669889071581e-01
-9.541006328787151602e-01
-9.433331955679065128e-01
-8.721020662008757141e-01
-8.499826197356278312e-01
-8.278776644887104741e-01
-8.059247425403197607e-01
-7.839835203242025985e-01
-7.621176688600135307e-01
-7.403367045094672028e-01
-7.186493009793182285e-01
-6.970630570147297034e-01
-6.755842867161653276e-01
-5.944985300183004417e-01
-5.628922019730553394e-01
-5.318993147292199186e-01
-5.013160067894166794e-01
-4.713020143936811346e-01
-4.417764440257592184e-01
-4.127280636644337086e-01
-3.841457737012555773e-01
-3.560187435143972179e-01
-3.282787552528927399e-01
-2.417313602381223614e-01
-2.044350986946296134e-01
-1.680020510038214843e-01
-1.323744690865533702e-01
-9.751504132785127066e-02
-6.345129252894865513e-02
-2.997587023928960370e-02
2.743673869010976318e-03
3.479774411568670178e-02
6.620841341826844140e-02
1.559752818138889774e-01
1.970112468425447849e-01
2.370128828337614291e-01
2.760451177009031198e-01
3.141533496487464161e-01
3.513753176773523612e-01
3.877441275557456657e-01
4.232901563231171727e-01
4.580422451178000620e-01
4.920284424097751130e-01
5.838498025098226574e-01
6.278896716280312207e-01
6.708036098308121087e-01
7.126522024729549099e-01
7.534795836524357249e-01
7.933236700428250021e-01
8.322185017137175844e-01
8.701957068674149864e-01
9.072854114042439022e-01
9.434368273153591611e-01
1.037673740926842836e+00
1.086482562954150355e+00
1.134137144587423540e+00
1.180854674593927900e+00
1.226525532003982955e+00
1.271148427282702720e+00
1.314731348571391623e+00
1.357288631379444777e+00
1.398838505548196887e+00
1.439401536681176097e+00
1.536985378697703020e+00
1.590414004298446482e+00
1.642459255503310400e+00
1.693432318635708089e+00
1.743224678013642004e+00
1.791834967026885828e+00
1.839206165805620685e+00
1.885614418166895678e+00
1.930673561633938551e+00
1.974680042206912844e+00
2.074912628992389596e+00
2.131840816797660132e+00
1.972673265510129559e+00
2.037985235729061984e+00
2.101633871445248047e+00
2.163610213202804111e+00
2.223904075849106654e+00
2.222711659110280458e+00
2.262858361517366745e+00
2.301442529106616508e+00
2.338472935241671991e+00
2.373952590732066881e+00
2.407875572780640905e+00
2.440295087143815600e+00
2.471033526270919101e+00
2.500520053372152773e+00
2.527843019770764421e+00
2.493626233901075739e+00
2.501178382134769063e+00
2.507453762662407382e+00
2.511825583430441711e+00
2.515014320143713622e+00
2.516781853916985945e+00
2.517136610046661005e+00
2.516086222735817834e+00
2.513654628447423711e+00
2.509804309324502825e+00
2.444099519504856488e+00
2.420656444399216678e+00
2.396384678318765449e+00
2.371094482440773366e+00
2.344842965620999919e+00
2.317684113075016317e+00
2.289671714804079716e+00
2.260859394838143466e+00
2.231301869767329471e+00
2.201055107104016528e+00
2.109034555770038288e+00
2.061260683829320151e+00
2.013524278414678292e+00
1.965726148611953716e+00
1.917962486885503415e+00
1.870321285074933115e+00
1.822885709789260567e+00
1.775734946886178722e+00
1.728944628784263138e+00
1.682587007662536660e+00
1.574849878753812771e+00
1.514012016712983577e+00
1.454558207517632207e+00
1.396073536778429158e+00
1.338811315209707420e+00
1.282843303282428238e+00
1.228231183029519391e+00
1.175027849043328576e+00
1.123278402930883990e+00
1.073020846324232780e+00
9.619483530154196993e-01
9.002201667102085469e-01
8.405030763963229345e-01
7.828410034575634668e-01
7.271452727132634575e-01
6.738305372304683738e-01
6.224734129877093070e-01
5.732284952149948598e-01
5.260855103278727629e-01
4.810279132377495159e-01
3.753480637661444907e-01
3.206413371843741533e-01
2.682900983903040992e-01
2.185548516859195933e-01
1.711510079874081214e-01
1.261114391522676348e-01
8.341255446336659496e-02
4.300707513100798796e-02
4.841842287900299802e-03
-3.114059137158176060e-02
-1.279259316934356905e-01
-1.728091288092400424e-01
-2.152867918221174071e-01
-2.554195420470902755e-01
-2.931888922114818108e-01
-3.286453738512589151e-01
-3.621422426080187496e-01
-3.932835934909190145e-01
-4.225148712741459978e-01
-4.496404130018853973e-01
-5.379300230175599884e-01
-5.739852730714567475e-01
-6.078078365067145494e-01
-6.396348819718894463e-01
-6.695241023148619242e-01
-6.972498882424811306e-01
-7.231835151415544338e-01
-7.472149105276415515e-01
-7.694896139229981946e-01
-7.900591014361634246e-01
-8.102015043112855697e-01
-8.282750058934996717e-01
-8.449024632260673240e-01
-8.601255519880205425e-01
-8.740158494282477264e-01
-8.866696952703735368e-01
-8.978629929661067210e-01
-9.079706389716262205e-01
-9.169339123216798670e-01
-9.248031863286287901e-01
-8.711253112499998119e-01
-8.666807619943009966e-01
-8.607439175494784322e-01
-8.553375422230072855e-01
-8.501995313526654607e-01
-8.429684249826421283e-01
-8.418378976999439933e-01
-8.358119520159505988e-01
-8.275153766825886770e-01
-8.185579923677239744e-01
-7.487699589719135629e-01
-7.290475579556396912e-01
-7.093495458828722455e-01
-6.897096386205145979e-01
-6.701578824496008391e-01
-6.507155846921393039e-01
-6.313977843402488466e-01
-6.122149002841235088e-01
-5.931738408296498566e-01
-5.742787588531668153e-01
-4.955481752106345450e-01
-4.673350547252971277e-01
-4.396748361825785212e-01
-4.125342603684237774e-01
-3.858944921931305450e-01
-3.597399748465406333e-01
-3.340568498934197716e-01
-3.088319853812498961e-01
-2.840523850669515182e-01
-2.597048335602972768e-01
-1.761187498640427451e-01
-1.427992539933901073e-01
-1.102869945009415931e-01
-7.853166096918740013e-02
-4.750014991259854380e-02
-1.716474494636743842e-02
1.249913006955261086e-02
4.151431313058495665e-02
6.990277345405315756e-02
9.768614755849147624e-02
1.841946014382819241e-01
2.210688014422491632e-01
2.569811555208851850e-01
2.919877776686338744e-01
3.261276832996879982e-01
3.594341882668473098e-01
3.919371879258576330e-01
4.236645759537333578e-01
4.546431214601352466e-01
4.848990061603997703e-01
5.734073087787701084e-01
6.132365711721062818e-01
6.520093945578233630e-01
6.897769385259474584e-01
7.265764172218527328e-01
7.624408688307455773e-01
7.973379333945035397e-01
8.314907456857340007e-01
8.647920785805486288e-01
8.971352373703511685e-01
9.879464347307888028e-01
1.032415296749854328e+00
1.075944237650626745e+00
1.118486892300452729e+00
1.160019364827595822e+00
1.200536162328093459e+00
1.240043326658360812e+00
1.278554072399693320e+00
1.316086015449205116e+00
1.352659411799061573e+00
1.446882067826811724e+00
1.495751081664132398e+00
1.543530559977529304e+00
1.590178675627448079e+00
1.635674859026741146e+00
1.679940805887017330e+00
1.723293595086315300e+00
1.765265725653800022e+00
1.806210350542617027e+00
1.846059466076112265e+00
1.942767305358050312e+00
1.995211264740045731e+00
2.046455666861469957e+00
1.810648543897579010e+00
1.878025274424026225e+00
1.943462488965070012e+00
2.006993416455312484e+00
2.068644145918479005e+00
2.128432067127522309e+00
2.126457857564126641e+00
2.166377679365817599e+00
2.204154973585086275e+00
2.240587597446770829e+00
2.275419831328975739e+00
2.308664444788826042e+00
2.340328346758906886e+00
2.370414371767413542e+00
2.398922353263598595e+00
2.425849810868232481e+00
2.390875255755197770e+00
2.398290525421551855e+00
2.403814231000318102e+00
2.408234447806734568e+00
2.411303480317782189e+00
2.413035697436982652e+00
2.413442806296191012e+00
2.412535615813203638e+00
2.410325098211009376e+00
2.406823065484764435e+00
2.341197598928675738e+00
2.318690320499533719e+00
2.295215887177787906e+00
2.270823295092060157e+00
2.245563487535911396e+00
2.219485275488267906e+00
2.192640702301949851e+00
2.165066639111021818e+00
2.136825017179978303e+00
2.108175165753041647e+00
2.017102552221026190e+00
1.971101985935359124e+00
1.924992950715662232e+00
1.878862281734505091e+00
1.832794175082514965e+00
1.786867460364083282e+00
1.741156879994151474e+00
1.695733798891138733e+00
1.650666558397793748e+00
1.606020612116220825e+00
1.499906762434066732e+00
1.440905201849700390e+00
1.382922632829827414e+00
1.325866818343740317e+00
1.270343908541801348e+00
1.215881947433455679e+00
1.162718042800147122e+00
1.110901075436594887e+00
1.060473287826866562e+00
1.011470657802102879e+00
9.015220575098700229e-01
8.408512061949762195e-01
7.821141355063185863e-01
7.253740729918128904e-01
6.704790040754010638e-01
6.179547002377629994e-01
5.672978109570516736e-01
5.186796925668177849e-01
4.720917457661808481e-01
4.275195778867191820e-01
3.220290248282907664e-01
2.677764085079314405e-01
2.157089192091741769e-01
1.660123055911971734e-01
1.186467270419214737e-01
7.366221117300775223e-02
3.081291727411483716e-02
-9.504640969040134557e-03
-4.778122849469679245e-02
-8.391386675702494635e-02
-1.809331313257197538e-01
-2.261398697373023792e-01
-2.689859197696481408e-01
-3.094978853129546348e-01
-3.477131851025030418e-01
-3.836824851571621897e-01
-4.174650471196066359e-01
-4.492115768051656577e-01
-4.787435040484362414e-01
-5.064356995613339407e-01
-5.952820864050425431e-01
-6.317534694534978623e-01
-6.662500435481116812e-01
-6.985851244885593614e-01
-7.289029357509317908e-01
-7.572620563210876732e-01
-7.836264506557131249e-01
-8.082578679578094061e-01
-8.308672309629372421e-01
-8.518530307221017228e-01
-8.723230728110514809e-01
-8.906628090862007685e-01
-9.075142338869400804e-01
-9.229203979434852378e-01
-9.369504941775478324e-01
-9.497228753581454797e-01
-9.609704133820482497e-01
-9.710983579652270326e-01
-9.800411123563018689e-01
-9.878485473828435559e-01
-9.339553054852627323e-01
-9.290575090849257922e-01
-9.235199238926643517e-01
-9.174936225095863263e-01
-9.106846054055510731e-01
-9.034769533488700155e-01
-8.957950193942849637e-01
-8.876694380438691079e-01
-8.791275247279379812e-01
-8.701939756657907088e-01
-8.005622160397151132e-01
-7.807249531806234044e-01
-7.609191701270027197e-01
-7.411548096892082160e-01
-7.214471653660444739e-01
-7.018085510603556676e-01
-6.822488450017389905e-01
-6.627728600021638439e-01
-6.433807182779317513e-01
-6.241035776941062929e-01
-5.449294504868276157e-01
-5.158228719339253976e-01
-4.871967258545886192e-01
-4.590321540001780498e-01
-4.313208937809754895e-01
-4.040553031218294677e-01
-3.772277033868357554e-01
-3.508299864861428308e-01
-3.248533833961565476e-01
-2.992883305551290452e-01
-2.145095059030019957e-01
-1.796293314121115703e-01
-1.455239621676008843e-01
-1.121548432991988919e-01
-7.949737672929257926e-02
-4.753001060523665000e-02
-1.623276517801497398e-02
1.441368217508298688e-02
4.442856129496941531e-02
7.383135439722099402e-02
1.618419259821463063e-01
2.005117012840924584e-01
2.382224120690968894e-01
2.750228322044330209e-01
3.109469250189599854e-01
3.460246801208032297e-01
3.802838322025223206e-01
4.137509276235833422e-01
4.464519810531619726e-01
4.784128750617664405e-01
5.684246688576668483e-01
6.099961359044806519e-01
6.505004764687123409e-01
6.901673387358004952e-01
7.284815936174549034e-01
7.660310392314453320e-01
8.026628621199487501e-01
8.384057220661258469e-01
8.732773743214106155e-01
9.072936579911820010e-01
9.988792696896339196e-01
1.043236875547366216e+00
1.086468739354552460e+00
1.128619545842407978e+00
1.169686417893793573e+00
1.209944981362393257e+00
1.248738315204432681e+00
1.286784519634069035e+00
1.323877367509163516e+00
1.360043136617586246e+00
1.453803462016573844e+00
1.502671328260558381e+00
1.550529187904290840e+00
1.597315721161354896e+00
1.642998678487557207e+00
1.687588747519244592e+00
1.731246462927183760e+00
1.773355485945998122e+00
1.814628099104587999e+00
1.854838808369650538e+00
1.951805695594666989e+00
2.004978138827952172e+00
2.057049924794508211e+00
1.585062665750565092e+00
1.657638197485293396e+00
1.728315404152355850e+00
1.797149140347443108e+00
1.864174645613290160e+00
1.929414291791689662e+00
1.993012530573205154e+00
2.054600352909724315e+00
2.054426136198111763e+00
2.095650184310382524e+00
2.135299184088617075e+00
2.173383200431189266e+00
2.209908605091618128e+00
2.244911281093953548e+00
2.278284837720804035e+00
2.310124450612138336e+00
2.340641356654135752e+00
2.369069501248408205e+00
2.335671350321911088e+00
2.344070407202011985e+00
2.351108088241472771e+00
2.356946900277455903e+00
2.360980591474301171e+00
2.363881630831374814e+00
2.365430271102701987e+00
2.365633533563638480e+00
2.364501126808177922e+00
2.362054950395729769e+00
2.297491015692227023e+00
2.275288702374805183e+00
2.252306575111995723e+00
2.228393098775269365e+00
2.203596325234686404e+00
2.177963530426312300e+00
2.151542395338636560e+00
2.124381534266638560e+00
2.096530750455054548e+00
2.068041114202177067e+00
1.977438194343569489e+00
1.931330116371733574e+00
1.885137034964498248e+00
1.838939593297045594e+00
1.792819392830770742e+00
1.746853941700981849e+00
1.701117403526956728e+00
1.655680966306467106e+00
1.610612979553496249e+00
1.565978953642220617e+00
1.459795544063379413e+00
1.400385952320875482e+00
1.342050821649494630e+00
1.284864691771759215e+00
1.228898115633922483e+00
1.174212505096125403e+00
1.120861345890386218e+00
1.068881457362483633e+00
1.018339866809558014e+00
9.691083571643539507e-01
8.591610299561865949e-01
7.980176418583030395e-01
7.388884898850951455e-01
6.818032424681490511e-01
6.267723748487439295e-01
5.738438885596577332e-01
5.228531198773757049e-01
4.742221334332908933e-01
4.275062101817412308e-01
3.828338107548660552e-01
2.772255237823236240e-01
2.224674974364723723e-01
1.699816805096241445e-01
1.199818020546470354e-01
7.236132590421406885e-02
2.711111256844533912e-02
-1.581191552977978532e-02
-5.645707492623952550e-02
-9.487833383678812016e-02
-1.311825527065766384e-01
-2.283279991915561080e-01
-2.739464078442698236e-01
-3.172221625666454825e-01
-3.580707555090176797e-01
-3.966741452910551580e-01
-4.328051977780765780e-01
-4.668965436101339961e-01
-4.987187231881674565e-01
-5.284497859583846546e-01
-5.563029378687811555e-01
-6.452729912068603246e-01
-6.823012546609861229e-01
-7.171915668764552443e-01
-7.499496115691257625e-01
-7.804608228625019573e-01
-8.090364257147364402e-01
-8.356489385957014404e-01
-8.603689884510000718e-01
-8.832680958927462411e-01
-9.044450926329229423e-01
-9.251759932607837023e-01
-9.433708724506993937e-01
-9.601566664648294447e-01
-9.754806194964685817e-01
-9.894004359679040572e-01
-1.001973327550869541e+00
-1.013255562809878940e+00
-1.023301816151849009e+00
-1.032164801136791432e+00
-1.039905656333249606e+00
-9.859520734090819749e-01
-9.803304198763274080e-01
-9.742062694793387490e-01
-9.675233803192403448e-01
-9.603342750769869873e-01
-9.526813452731434095e-01
-9.445999461379488427e-01
-9.361202324366711958e-01
-9.272683781309404294e-01
-9.180673964741974391e-01
-8.480812521548758420e-01
-8.275900029031451055e-01
-8.071805334205098825e-01
-7.868727265579082975e-01
-7.666868325643677595e-01
-7.466349196196198079e-01
-7.268370846101436245e-01
-7.069653862603798578e-01
-6.873561695288675777e-01
-6.679031815965290608e-01
-5.884456556992732068e-01
-5.588854166044459060e-01
-5.298611034955195143e-01
-5.013650788962874527e-01
-4.733942345522293982e-01
-4.459425219935236884e-01
-4.190016774614859774e-01
-3.925617214477045147e-01
-3.666113050718735611e-01
-3.410165134391873742e-01
-2.563100189995505263e-01
-2.213364941056251700e-01
-1.871903670658333629e-01
-1.538471540322765563e-01
-1.212898686064486364e-01
-8.950060455598440878e-02
-5.845984240067014781e-02
-2.814734632127402492e-02
1.457831221666650023e-03
3.036150906033474595e-02
1.180656809640188154e-01
1.563759940053336406e-01
1.936736696679063341e-01
2.299830979104560136e-01
2.653314160367765684e-01
2.997455777431926593e-01
3.332526182346783883e-01
3.658797710087355881e-01
3.976545069265218224e-01
4.286045337333427296e-01
5.178216135270635734e-01
5.583783366454766472e-01
5.978106381514273204e-01
6.361489426643425205e-01
6.734180592967968781e-01
7.096465956538884345e-01
7.450401651100917455e-01
7.790767415326482759e-01
8.123491255609239792e-01
8.446986060862580192e-01
9.348237887856212236e-01
9.773827742968640431e-01
1.018760390770726776e+00
1.058972280961496537e+00
1.098035322087010712e+00
1.135971579067918791e+00
1.172806262244015407e+00
1.208566408529454517e+00
1.243280025631263053e+00
1.276975534035085680e+00
1.368442066616007757e+00
1.414551795805595091e+00
1.459587930040721959e+00
1.503694964600798656e+00
1.546165908321087024e+00
1.587676446709298528e+00
1.627997063805640465e+00
1.667140996916998130e+00
1.705127313650258269e+00
1.741978868553802240e+00
1.835795720680381882e+00
1.885264274302471676e+00
1.933561430775346146e+00
1.848469067029003821e+00
1.903894230683723876e+00
1.957998566964210818e+00
2.010775925676640874e+00
2.062214952422558589e+00
2.064574501920036109e+00
2.099308006720234765e+00
2.132979458848503374e+00
2.165496376662865430e+00
2.197024681920589639e+00
2.226789952849354215e+00
2.255615959901702272e+00
2.283213227152756541e+00
2.309869729514354653e+00
2.334691601485314738e+00
2.310317720159815291e+00
2.319071030965528024e+00
2.326689258990932707e+00
2.333181560459649972e+00
2.338555043014726387e+00
2.342813097443310788e+00
2.346237810299550031e+00
2.347983354781004728e+00
2.348904394713905219e+00
2.348712576247814710e+00
2.298859588276187527e+00
2.282728050373935780e+00
2.265700548436873074e+00
2.247807169841303576e+00
2.229079663467763428e+00
2.209548589158651932e+00
2.189244503315936008e+00
2.168198673677607768e+00
2.146443492311052914e+00
2.124012693350860737e+00
2.051986136688398243e+00
2.014857446600339053e+00
1.977428454848483508e+00
1.939760657800422283e+00
1.901916919355547408e+00
1.863957640897061507e+00
1.825941520342081903e+00
1.787926717687535527e+00
1.749967702154705984e+00
1.712121849464108836e+00
1.625066652928224720e+00
1.574583231062727462e+00
1.524691049870481763e+00
1.475459254746130267e+00
1.426954960801103844e+00
1.379239105885390337e+00
1.332366044957459472e+00
1.286389630463899092e+00
1.241353355497951449e+00
1.197301555520912553e+00
1.104514288445462844e+00
1.050048057021671255e+00
9.970241624369786670e-01
9.454854324798686038e-01
8.954699552883047531e-01
8.470070517138650334e-01
8.001186656259824392e-01
7.548203396675883248e-01
7.111219269714373903e-01
6.690281361724893516e-01
5.784621287204676499e-01
5.276195834047892053e-01
4.787340851812891263e-01
4.318096765743272836e-01
3.868447530949027380e-01
3.438249411909782283e-01
3.025738177304898024e-01
2.635751901334745240e-01
2.262785092108421381e-01
1.908283081073331999e-01
1.068660740729402425e-01
6.352233017211261767e-02
2.226108263227477568e-02
-1.694106463776035021e-02
-5.411330832941485536e-02
-8.929367135757959595e-02
-1.225344202605105348e-01
-1.540058666683546962e-01
-1.833329108149043263e-01
-2.110208071014200160e-01
-2.874634979727643813e-01
-3.228318513916927923e-01
-3.562536820519573988e-01
-3.877739924356988777e-01
-4.175281689884178249e-01
-4.451722887073814583e-01
-4.711897445777812887e-01
-4.954867059593949241e-01
-5.181217114387899336e-01
-5.391526528755017367e-01
-6.092337013462401085e-01
-6.380867405034907902e-01
-6.652301009891657957e-01
-6.906845418119097468e-01
-7.144827720739288512e-01
-7.366727074062692227e-01
-7.573491147915711874e-01
-7.764047536903664337e-01
-7.940606364102711368e-01
-8.103152522491294807e-01
-8.222503780109885474e-01
-8.356525931087704917e-01
-8.478729955134192142e-01
-8.590224418209237989e-01
-8.689113633949333559e-01
-8.777876469842521567e-01
-8.856720516499132501e-01
-8.924833637854384660e-01
-8.983790234099143790e-01
-9.034159083304831306e-01
-8.510888272649627107e-01
-8.437287372378040606e-01
-8.357750754906396740e-01
-8.274799900324618651e-01
-8.188013197090222572e-01
-8.097682712068108302e-01
-8.004054728746392566e-01
-7.907347104525018766e-01
-7.808162780909180256e-01
-7.705491227280877320e-01
-7.039566802017911407e-01
-6.828537707878788998e-01
-6.620028418871559683e-01
-6.410883757452717768e-01
-6.204356586176519306e-01
-5.999430831982803802e-01
-5.796149829499934736e-01
