1.361910873292482282e-02
-3.766556009348571155e-01
-5.786662652559493303e-01
-7.341155521484830082e-01
-8.583946953509127287e-01
-9.614720458198044994e-01
-1.034410263117679252e+00
-1.097582057724339588e+00
-1.153880106236916836e+00
-1.204838869954860892e+00
-1.251472632310991928e+00
-1.294463534127411553e+00
-1.334282606084199241e+00
-1.371263020665342003e+00
-1.405653517369039207e+00
-1.437648222478864923e+00
-1.465261473901323441e+00
-1.482172814921059345e+00
-1.497586035231919244e+00
-1.511496989688771109e+00
-1.523930122371145446e+00
-1.534923485972363721e+00
-1.544548954502531046e+00
-1.552855966940981158e+00
-1.559903542332264248e+00
-1.565742670691731453e+00
-1.569437875536377813e+00
-1.562457154181941643e+00
-1.554922473134894734e+00
-1.546799794789885052e+00
-1.538077235349506466e+00
-1.528789639578833404e+00
-1.518952445518451766e+00
-1.508598319390205056e+00
-1.497762748114541687e+00
-1.486482231046387437e+00
-1.474691431442733069e+00
-1.452199917040432275e+00
-1.429823928597292459e+00
-1.407539829363804840e+00
-1.385323637542218878e+00
-1.363178502849258678e+00
-1.341117381443407641e+00
-1.319158670899112540e+00
-1.297323485274616051e+00
-1.275633979496795689e+00
-1.254482940402062541e+00
-1.222900490876640101e+00
-1.191993326957929034e+00
-1.161714528992984219e+00
-1.132040337935934948e+00
-1.102962436300300109e+00
-1.074481360071188885e+00
-1.046602395550327635e+00
-1.019333045274829264e+00
-9.926814829782608651e-01
-9.670361937617324433e-01
-9.315425344731355084e-01
-8.971681706822485225e-01
-8.638515738384460185e-01
-8.315608109769065948e-01
-8.002702814552835608e-01
-7.699565759283255595e-01
-7.406160776508396992e-01
-7.122398332951285216e-01
-6.848195956972493725e-01
-6.583398565800893110e-01
-6.228110229334067327e-01
-5.887110480500475918e-01
-5.559624597686844139e-01
-5.245091652104881819e-01
-4.943147281633527568e-01
-4.653448721684724232e-01
-4.375656870340438598e-01
-4.109585676069257842e-01
-3.854993242000147036e-01
-3.604696438452996698e-01
-3.272950086490727384e-01
-2.957183549889197405e-01
-2.656447945444151970e-01
-2.369950915166447736e-01
-2.097195415889585579e-01
-1.837733297804498567e-01
-1.591118959580203052e-01
-1.357020508523565094e-01
-1.134979918397187038e-01
-9.088432564381593304e-02
-6.105652115640425315e-02
-3.288157139718872468e-02
-6.261430188729433244e-03
1.894697614196627633e-02
4.275095847866017262e-02
6.522393066547738094e-02
8.642969978739156733e-02
1.063869028137490180e-01
1.251511461648440182e-01
1.454135210155994007e-01
1.719475428244158777e-01
1.968534360745335943e-01
2.202513120730612561e-01
2.422418569474465988e-01
2.628958523550548598e-01
2.822738989789645991e-01
3.004302248741375081e-01
3.174148399110267582e-01
3.332641601255449393e-01
3.511046401361745950e-01
3.660928364321185402e-01
3.799777104657499072e-01
3.928301244083538535e-01
4.046848903717861212e-01
4.156169992656754131e-01
4.256943625435566925e-01
4.348350464701224438e-01
4.432158178300732998e-01
4.508194316281645131e-01
4.617161817972904037e-01
4.609629007076206375e-01
4.598126473362506572e-01
4.583085722912891291e-01
4.563533153533352871e-01
4.540441625916284418e-01
4.510278407358587205e-01
4.484491547553072222e-01
4.451229271640541052e-01
4.415243715714125550e-01
4.427111922012577083e-01
4.318026728170692441e-01
4.209584790551814670e-01
4.101659772825527184e-01
3.994221761552356198e-01
3.887309723319758437e-01
3.780997322999154475e-01
3.675372325423569841e-01
3.570524505515353386e-01
3.466538843597887221e-01
3.437186655891986131e-01
3.277608450665395190e-01
3.120468191383191092e-01
2.965982460095192286e-01
2.814301389435608369e-01
2.665541888522997005e-01
2.519791812531988473e-01
2.377113784386952755e-01
2.237548607442688686e-01
2.101118259178671455e-01
2.049817813683804113e-01
1.863873376804983106e-01
1.682100349979869791e-01
1.504741442980054300e-01
1.331938193307164453e-01
1.163776888597411463e-01
1.000301199943907648e-01
8.415214012263388943e-02
6.874212202661683646e-02
5.379630188247336298e-02
4.774130091694750444e-02
2.808912464141399834e-02
8.979260554359824731e-03
-9.565131360757539447e-03
-2.753286296551993306e-02
-4.491948294752995396e-02
-6.172550008534499755e-02
-7.795513256477093478e-02
-9.358504352868429743e-02
-1.087144293248830107e-01
-1.154050989921645010e-01
-1.353651720192346752e-01
-1.545419309502818195e-01
-1.731584261404931491e-01
-1.910895057381171436e-01
-2.083587066409821886e-01
-2.249730171487711872e-01
-2.409427095333011581e-01
-2.562804008260342048e-01
-2.710004376222518996e-01
-2.893519723777450148e-01
-3.123414404646294718e-01
-3.341713237477426657e-01
-3.549112692656455903e-01
-3.747139943359208414e-01
-3.935865847526621719e-01
-4.116010355724918357e-01
-4.287996080137715937e-01
-4.452182118723236326e-01
-4.608885253818115202e-01
-4.798089566377867210e-01
-5.033435096427685274e-01
-5.255823677008368833e-01
-5.466657447834355477e-01
-5.666916193702202786e-01
-5.857832257579673740e-01
-6.038986799633245806e-01
-6.211780740822419045e-01
-6.376306821188918450e-01
-6.532937257154272093e-01
-6.719474096955342368e-01
-6.951734588691156347e-01
-7.170909138615100265e-01
-7.948641552243693731e-01
-8.328948739270285451e-01
-8.701771994758555895e-01
-9.067220185387974141e-01
-9.425418364650351988e-01
-9.777342831459141514e-01
-1.016161522580914411e+00
-1.039981945919398854e+00
-1.063712087302501885e+00
-1.087173319664395787e+00
-1.110344486236691353e+00
-1.132982278038448420e+00
-1.155229877382174530e+00
-1.177003804749771954e+00
-1.198297433495763675e+00
-1.219108801566137767e+00
-1.242718273155681175e+00
-1.253320696737314943e+00
-1.263578047737202947e+00
-1.273445921855668406e+00
-1.282894169737984313e+00
-1.291901627761818938e+00
-1.300452354148232903e+00
-1.308533270552122429e+00
-1.316132704938047571e+00
-1.323239513315110916e+00
-1.333455807884810662e+00
-1.329982394769631870e+00
-1.326112081390143027e+00
-1.321783032896147514e+00
-1.317000667223890087e+00
-1.311779879462095177e+00
-1.305928045199195919e+00
-1.299626911450507460e+00
-1.292801945384459028e+00
-1.285452178606815821e+00
-1.281362534504950190e+00
-1.263111462226516934e+00
-1.244503783399386165e+00
-1.225519507269714481e+00
-1.206154824406016957e+00
-1.186417607532871621e+00
-1.166323732686574077e+00
-1.145894688859968813e+00
-1.125156003905826152e+00
-1.104136186241809536e+00
-1.086485399215387559e+00
-1.054903830928700659e+00
-1.023365538390033747e+00
-9.918977571670315463e-01
-9.604855112870697154e-01
-9.291401601621549489e-01
-8.980694727832434499e-01
-8.671361358355934579e-01
-8.364557718514330498e-01
-8.060742484796317164e-01
-7.790771344409010979e-01
-7.391644420951402061e-01
-7.000010501484894565e-01
-6.615979704579846299e-01
-6.239798836252173908e-01
-5.871794992884450393e-01
-5.512330285096721516e-01
-5.161772982997484549e-01
-4.820479223778597055e-01
-4.488781543986208877e-01
-4.187463222668180163e-01
-3.772013983925048830e-01
-3.370402708837568206e-01
-2.984095627123918293e-01
-2.611310984123074164e-01
-2.252692989099251142e-01
-1.908244629911693413e-01
-1.577981881633390149e-01
-1.261910743203472629e-01
-9.596732374565541956e-02
-6.796333689469769013e-02
-3.007535437909469866e-02
5.924333072886145413e-03
4.010317428491305680e-02
7.251904698029121299e-02
1.032166456847404823e-01
1.322337869390692311e-01
1.596052023523115149e-01
1.853816607555793250e-01
2.095467519388417021e-01
2.330070154347520517e-01
2.647468635423191885e-01
2.944960694271017143e-01
3.223433111085129421e-01
3.482704812488335300e-01
3.724455710336481151e-01
3.950359806160072540e-01
4.158834724861277810e-01
4.351909478517861363e-01
4.529743873868424253e-01
4.719093238879608077e-01
4.878497644456923910e-01
5.023605926565516411e-01
5.153986193795000448e-01
5.271078709956618091e-01
5.376400753985315362e-01
5.469248259232450948e-01
5.550576957876074413e-01
5.620904611663775086e-01
5.680727725111681670e-01
5.777892078059978509e-01
5.740460744697271078e-01
5.697474448098778232e-01
5.649152073368586269e-01
5.595763240082723966e-01
5.537612556740040270e-01
5.475017138002217232e-01
5.408292989593994626e-01
5.337746955312954178e-01
5.263236512720681493e-01
5.252328331540978557e-01
5.102315783846331776e-01
4.952693377125758634e-01
4.802272224219883423e-01
4.652716260481525312e-01
4.503745881176849930e-01
4.355535403396436078e-01
4.208239210037947875e-01
4.061990844559953961e-01
3.916903856047689869e-01
3.853893137229899013e-01
3.647856373817152664e-01
3.445141571410713088e-01
3.246018625221855913e-01
3.050656245545918521e-01
2.859164593529451293e-01
2.671609142045374141e-01
2.488020467080672704e-01
2.308401293741216831e-01
2.132731663057395033e-01
2.050797964777167359e-01
1.823352307924223092e-01
1.601129706021057197e-01
1.384411865007700304e-01
1.173334937450459803e-01
9.679495679102095851e-02
7.682462708199561119e-02
5.741725407582598528e-02
3.856445291565635536e-02
2.025551133169900542e-02
1.165670010315389415e-02
-1.137245245512857883e-02
-3.377535100922740563e-02
-5.552589589179146579e-02
-7.656214695031515749e-02
-9.704043601150946774e-02
-1.168112868028951534e-01
-1.359893403435137316e-01
-1.546293302119087221e-01
-1.723183468165708498e-01
-1.810855375680784640e-01
-2.035845322968620197e-01
-2.253859778998924535e-01
-2.464719946338543854e-01
-2.668393235844191969e-01
-2.864932505950033015e-01
-3.054446909237967245e-01
-3.237082569668443544e-01
-3.413009675026252854e-01
-3.582413770722626678e-01
-3.766505920979151822e-01
-4.007196582334419666e-01
-4.236023843180148352e-01
-4.454280561847770992e-01
-4.662885618499865159e-01
-4.862515756149026758e-01
-5.053690666179107005e-01
-5.236289250534414963e-01
-5.412281458357046660e-01
-5.580881186064591271e-01
-5.758897834789168391e-01
-5.992245932856145041e-01
-6.213297108223581056e-01
-6.423389557707274156e-01
-6.623473965426454058e-01
-6.814251889266806916e-01
-6.996801318908443257e-01
-7.169909027232551635e-01
-7.335196250781279570e-01
-7.493713516581366196e-01
-7.658672183283523616e-01
-7.877612854230360284e-01
-8.083042049468964763e-01
-8.279217821633078067e-01
-9.222204535157327854e-01
-9.591883973328604318e-01
-9.958420941299632734e-01
-1.034872992566769456e+00
-1.062446337724850753e+00
-1.089891781568264051e+00
-1.117282122928141774e+00
-1.144122445146280587e+00
-1.170887009856710792e+00
-1.197362142149379860e+00
-1.223530665743814971e+00
-1.249376415366233672e+00
-1.274882425491759452e+00
-1.303027678602973527e+00
-1.318831140084466114e+00
-1.334320695059968642e+00
-1.349532600337973287e+00
-1.363950317691224212e+00
-1.378011005492124630e+00
-1.391474464966273361e+00
-1.404298096504918769e+00
-1.416442470764576189e+00
-1.427869888160023581e+00
-1.441927260825576429e+00
-1.442352018709627703e+00
-1.442039956775945653e+00
-1.440900400796604641e+00
-1.438870062182900700e+00
-1.436020809929551278e+00
-1.431932513052483591e+00
-1.427032103588345757e+00
-1.421121316547111046e+00
-1.414200389649382883e+00
-1.409840355143613388e+00
-1.390980483718909033e+00
-1.371258157023221624e+00
-1.350643408038922910e+00
-1.329134629346596652e+00
-1.306750566400949332e+00
-1.283524298273047481e+00
-1.259499268792921844e+00
-1.234726610865019669e+00
-1.209263284543559802e+00
-1.186561008695081521e+00
-1.149632269025889553e+00
-1.112434326024439368e+00
-1.074998288972354832e+00
-1.037379086793813521e+00
-9.996472099577755621e-01
-9.626262420927695906e-01
-9.250253552673457502e-01
-8.882214906696026535e-01
-8.551466607348909843e-01
-8.202156472671728871e-01
-7.710338801346715565e-01
-7.233298293374241794e-01
-6.768065828495001268e-01
-6.313899707601600131e-01
-5.870590870239598136e-01
-5.438275083513909314e-01
-5.017278489230773131e-01
-4.608019394635013422e-01
-4.210946176122835616e-01
-3.841480897070698730e-01
-3.364442075252603304e-01
-2.904521440181230263e-01
-2.462211259078998793e-01
-2.037457891294934265e-01
-1.630249098081461290e-01
-1.240618442573359625e-01
-8.682393777851599159e-02
-5.144356817076733979e-02
-1.775617541088742035e-02
1.440681528571369219e-02
5.542329146432567466e-02
9.414848609015119552e-02
1.307239905721443440e-01
1.651434727054286733e-01
1.975736160664003926e-01
2.280442418719226261e-01
2.565194300077516809e-01
2.831134106123461280e-01
3.079842799391601105e-01
3.330256983365316725e-01
3.653284833160782008e-01
3.952645426585288391e-01
4.229881239640529422e-01
4.487783385756687893e-01
4.724973352447555119e-01
4.943926904329949412e-01
5.145004349955166756e-01
5.328917179060650433e-01
5.496344129153900582e-01
5.687739460693626015e-01
5.836908777049980568e-01
5.970720812210225104e-01
6.089465712527082353e-01
6.193091810531508035e-01
6.283842048197698649e-01
6.361961465440973962e-01
6.428110155678006254e-01
6.482905856380258847e-01
6.526931963935842518e-01
6.620314930505800666e-01
6.568578518103436181e-01
6.510594800532938375e-01
6.446865114983766354e-01
6.377845004475539703e-01
6.303966893935297744e-01
6.225638056109195073e-01
6.143238933558787807e-01
6.057123614024613190e-01
5.967624506758038017e-01
5.953188302572556267e-01
5.790169311518262862e-01
5.626147619818462342e-01
5.463037243545529886e-01
5.299800310883442389e-01
5.137229639598714925e-01
4.975584746442883177e-01
4.815081818004248726e-01
4.655902432317208239e-01
4.498199810831048362e-01
4.434004388610449099e-01
4.217986079829959545e-01
4.005456404812779425e-01
3.795418990861686437e-01
3.589758928326807208e-01
3.388178123813724851e-01
3.190818708841190454e-01
2.997769512560931604e-01
2.809079280303135584e-01
2.624265677707163236e-01
2.543764633397593844e-01
2.310076944290526679e-01
2.081412900007373334e-01
1.858287578783536786e-01
1.640989322123357352e-01
1.430161812629778262e-01
1.224372801499779562e-01
1.025146298515013932e-01
8.319320284297665458e-02
6.446574869265581098e-02
5.609613810427838132e-02
3.281243143094447756e-02
1.014948236058155207e-02
-1.184794609864664450e-02
-3.315785633319406900e-02
-5.377170706420403290e-02
-7.368987575893454212e-02
-9.291869563975135859e-02
-1.114685104001952864e-01
-1.293523881569903500e-01
-1.379243686983844808e-01
-1.604106765445911520e-01
-1.821899294879361086e-01
-2.032337957913303017e-01
-2.235323414145303778e-01
-2.430863648247350295e-01
-2.619036642638860046e-01
-2.799966031601687222e-01
-2.973805141755226922e-01
-3.140202691810144997e-01
-3.340706458356898501e-01
-3.585429167781003512e-01
-3.816431358600372858e-01
-4.036699162355613657e-01
-4.246749297182123573e-01
-4.447333820133603788e-01
-4.639028696850779898e-01
-4.822294095638911537e-01
-4.997514022053246019e-01
-5.165021800088123172e-01
-5.361673585662409813e-01
-5.602625296925051179e-01
-5.829214130004861660e-01
-6.044847670790772787e-01
-6.250145726036185900e-01
-6.445907470012568474e-01
-6.632395411724746337e-01
-6.811529263099317388e-01
-6.981598943234625931e-01
-7.144389851477457309e-01
-7.334424063539517480e-01
-7.566713974816684507e-01
-8.520667701025708141e-01
-8.892759518231678761e-01
-9.258032838005841869e-01
-9.616618600037353248e-01
-9.968646640438335593e-01
-1.032883652588435286e+00
-1.057241907903392564e+00
-1.081246257171128766e+00
-1.104810211247510665e+00
-1.127877277352018037e+00
-1.150408594208491397e+00
-1.172411548849082052e+00
-1.193768727129149720e+00
-1.214730735286250418e+00
-1.234737755620795241e+00
-1.256181090631809827e+00
-1.265227655314264288e+00
-1.273975089366106817e+00
-1.281942643328925824e+00
-1.289528973264006506e+00
-1.296508824506385826e+00
-1.302850939794839569e+00
-1.308532766973652617e+00
-1.313545452146176906e+00
-1.317845417007908360e+00
-1.323894219186185772e+00
-1.316385992196603905e+00
-1.308612959077350757e+00
-1.300312706683318886e+00
-1.291443440668648801e+00
-1.281983900824485101e+00
-1.271928235321356571e+00
-1.261279991673581513e+00
-1.250049514148158902e+00
-1.238252124345591065e+00
-1.228502818672548402e+00
-1.204978665027016227e+00
-1.181424684701225747e+00
-1.157644204558017753e+00
-1.133634608029798763e+00
-1.109411787403463912e+00
-1.085004011410080071e+00
-1.060447354115036545e+00
-1.035782700258243816e+00
-1.011053755028572976e+00
-9.885964894766698929e-01
-9.530789691859982149e-01
-9.182677206272151782e-01
-8.837510592835883250e-01
-8.496913729213546596e-01
-8.161146448661910080e-01
-7.830560969032158702e-01
-7.505555584757183096e-01
-7.186544319175158790e-01
-6.873937446485236524e-01
-6.584959906369401983e-01
-6.178328483928301473e-01
-5.783906836055572320e-01
-5.401274430669739113e-01
-5.029390584922386331e-01
-4.671571378446743861e-01
-4.324088271948166584e-01
-3.988598021511038927e-01
-3.665210987854436997e-01
-3.354023212117541175e-01
-3.062067538262832622e-01
-2.666687642602582065e-01
-2.288546063032848299e-01
-1.928926873990328694e-01
-1.584903134114463708e-01
-1.256776352365937266e-01
-9.444209937602848770e-02
-6.475644275085562507e-02
-3.659504487060077915e-02
-9.932192989349275525e-03
1.582286151538969676e-02
5.050024764980504122e-02
8.314882024409425698e-02
1.138995835966083447e-01
1.428096760475840443e-01
1.699706096118387411e-01
1.956107230581832224e-01
2.194431453415855993e-01
2.418315437467476459e-01
2.626294534854078377e-01
2.839291335331912136e-01
3.129348583690880203e-01
3.397594573982391508e-01
3.647643598051132918e-01
3.880732280969586001e-01
4.095385134859897414e-01
4.295106307555457970e-01
4.479258756222814775e-01
4.649037945325258936e-01
4.804781565407345578e-01
4.978904273377042222e-01
5.119453850670809825e-01
5.246311567355128602e-01
5.360390690692404814e-01
5.462518666776128295e-01
5.553921456428005943e-01
5.632793021842248393e-01
5.702607978504284914e-01
5.762697592153916970e-01
5.813548657308449386e-01
5.902139608369407764e-01
5.855655707272908739e-01
5.793796799916201001e-01
5.740521156517498502e-01
5.690209472055552942e-01
5.622446664997347021e-01
5.599456531962794248e-01
5.525863720630832532e-01
5.437813036788288201e-01
5.350321377851606774e-01
5.330841371837633513e-01
5.170977349143799362e-01
5.012513442263690777e-01
4.855489652188528238e-01
4.699979791880984914e-01
4.546087577176379790e-01
4.393926066621923199e-01
4.243605706399595778e-01
4.095227705480093960e-01
3.948880677009727336e-01
3.890798315494436443e-01
3.684467315795935116e-01
3.481967832674509045e-01
3.283676325061133383e-01
3.089814137042423137e-01
2.900516235157738487e-01
2.715856328920164264e-01
2.535863796635692835e-01
2.360535239465210156e-01
2.189842477874164861e-01
2.115408175748596520e-01
1.892272226316010775e-01
1.674820697790048163e-01
1.463402427331617628e-01
1.258184991584880841e-01
1.059233943789949506e-01
8.665453613824858348e-02
6.800674147336338571e-02
4.997147913396182695e-02
3.253784389125741194e-02
2.471335701067095547e-02
2.332181185858317463e-03
-1.937320647690987663e-02
-4.037450818750865089e-02
-6.066137285379880062e-02
-8.023354379333558217e-02
-9.909749537897849514e-02
-1.172642144860689406e-01
-1.347477260476429572e-01
-1.515641040679571727e-01
-1.597277129548490271e-01
-1.815678835583789952e-01
-2.026508631954418993e-01
-2.229638380651816354e-01
-2.425077107714162239e-01
-2.612908532845197307e-01
-2.792835007652759716e-01
-2.966325958474211322e-01
-3.132688600334146423e-01
-3.291235621489886909e-01
-3.480303688629455827e-01
-3.718599711411220698e-01
-3.944080735622657596e-01
-4.158242175106517391e-01
-4.362147596080955259e-01
-4.556578054491695617e-01
-4.742131265913490656e-01
-4.919285226210175499e-01
-5.088439028773479311e-01
-5.249939062053873284e-01
-5.438112787520970048e-01
-5.674713063436391813e-01
-5.898248695171539602e-01
-6.110293401901434329e-01
-6.311968476853193621e-01
-6.503674950920586006e-01
-6.687779905645949707e-01
-6.862164500707614856e-01
-7.029039510493615417e-01
-7.188332791767224617e-01
-7.371827533969642632e-01
-7.603687544456638747e-01
-7.823002982878489719e-01
-7.479464792012240348e-01
-7.844137731940433733e-01
-8.201865094178080184e-01
-8.552520217938763825e-01
-8.896105749656917361e-01
-9.232659938227715246e-01
-9.589351460098970437e-01
-9.822380823138923134e-01
-1.004830979885684483e+00
-1.027076189969318820e+00
-1.048773427348460352e+00
-1.069902768977217367e+00
-1.090452369325411119e+00
-1.110414645884311380e+00
-1.129783986709954613e+00
-1.148555355178052073e+00
-1.169561747607887670e+00
-1.177766997385061964e+00
-1.185290728640693514e+00
-1.192494110576955979e+00
-1.199162117208801615e+00
-1.205263916744765185e+00
-1.210778526927426269e+00
-1.215691116879011213e+00
-1.219990805815681423e+00
-1.223669346893088150e+00
-1.229816456481039211e+00
-1.222430485433070535e+00
-1.214624719791463470e+00
-1.206343176970177344e+00
-1.197554598079301202e+00
-1.188244800760044129e+00
-1.178409771302820541e+00
-1.168054092358824292e+00
-1.157194080578067386e+00
-1.145945534544425604e+00
-1.137148856961065935e+00
-1.114781592119110210e+00
-1.092236172485290480e+00
-1.069491092114947639e+00
-1.046547504280389340e+00
-1.023422267794056539e+00
-1.000142244431253102e+00
-9.767405973896833293e-01
-9.532543637542774118e-01
-9.297228388984319913e-01
-9.091000374165043585e-01
-8.752936874994416971e-01
-8.418967241439174742e-01
-8.088122216280995147e-01
-7.763560242107652165e-01
-7.442098680346593831e-01
-7.125441312281339812e-01
-6.813955355424774485e-01
-6.508021285820069224e-01
-6.208016795284200251e-01
-5.936752117640121673e-01
-5.545105382066471966e-01
-5.164558877120466462e-01
-4.794874808017144385e-01
-4.435042844722951183e-01
-4.088115453441072966e-01
-3.750809195813548658e-01
-3.424623064193119681e-01
-3.109680686112294978e-01
-2.806091305006474523e-01
-2.525215380413589616e-01
-2.140123965776657700e-01
-1.770037273618793872e-01
-1.415787498480031714e-01
-1.076836782192204800e-01
-7.531540749157217274e-02
-4.434114071775246968e-02
-1.499160538875488058e-02
1.303620697793383965e-02
3.964111850356999422e-02
6.493739589433988879e-02
9.946041784450654344e-02
1.320707919188032764e-01
1.628797986590531099e-01
1.919708929232529226e-01
2.194094733668114916e-01
2.452502638126722867e-01
2.696037900902049644e-01
2.923250531218851700e-01
3.136501872635631405e-01
3.351420453898306118e-01
3.644061361144751432e-01
3.917741711316671815e-01
4.173231043773855675e-01
4.411701784719250785e-01
4.633826674786885591e-01
4.840423170674733044e-01
5.032870678861798286e-01
5.209455677716801070e-01
5.373145588831957919e-01
5.550605157390424704e-01
5.697904795229649100e-01
5.831769707219565113e-01
5.953012533016623919e-01
6.062223375144797366e-01
6.160840604396279341e-01
6.247146371031382373e-01
6.324067273577138604e-01
6.391116697203712560e-01
6.448742909969782389e-01
6.538893707305990510e-01
6.497512032358692124e-01
6.451479098439016902e-01
6.401569411987912961e-01
6.346081668168785939e-01
6.287385311096738150e-01
6.224865935582182264e-01
6.158781561440459518e-01
6.089384856492772169e-01
6.016918912926918495e-01
6.000689392094080699e-01
5.848881123863112208e-01
5.697378740705130173e-01
5.546381447611401505e-01
5.396054702823903648e-01
5.246553449640528610e-01
5.098019717321666811e-01
4.950663169953768428e-01
4.804803908974730198e-01
4.659838326131368058e-01
4.589554096398888450e-01
4.379398601595747564e-01
4.172779324348417362e-01
3.969935382916199296e-01
3.771012344137110173e-01
3.576107980152054000e-01
3.385284258378592481e-01
3.198575544897636069e-01
3.015994310581361360e-01
2.837535170498544090e-01
2.745167633199281365e-01
2.510436949573393584e-01
2.281259054112653728e-01
2.057887817469993275e-01
1.840443963303516894e-01
1.628975445302226488e-01
1.423479393686801764e-01
1.223916687237081025e-01
1.030221728459893571e-01
8.423090805497196465e-02
7.436868197903778732e-02
5.038541960087355998e-02
2.708248328255630222e-02
4.481024984853698712e-03
-1.741213338283625900e-02
-3.859809919340961848e-02
-5.908335111713902688e-02
-7.887805259780789058e-02
-9.799493029494416030e-02
-1.164485203656490109e-01
-1.266380152826215855e-01
-1.502625606711441575e-01
-1.731191058433866614e-01
-1.952816017309422780e-01
-2.164842680733637670e-01
-2.370373287563870002e-01
-2.568366231075076556e-01
-2.758992868749467475e-01
-2.942634574910926171e-01
-3.119271053964771112e-01
-3.232391928034702433e-01
-3.464448147414221912e-01
-3.687880311447471193e-01
-3.902775090098760113e-01
-4.109603602467644112e-01
-4.309488234663920170e-01
-4.499303942568217418e-01
-4.682976216042614714e-01
-4.859334193013052916e-01
-5.028618319884762267e-01
-5.257292527080251743e-01
-5.513010325093519182e-01
-5.754780023684494816e-01
-5.984535673249726795e-01
-6.203625665634597830e-01
-6.412927570507477304e-01
-6.614330367762818463e-01
-6.805122655622959371e-01
-6.989309827541149156e-01
-7.165915952591449534e-01
-7.398631916587457003e-01
-7.658189383759999025e-01
-7.904632495854327923e-01
-5.647718732788545859e-01
-6.006481003756405368e-01
-6.362041996723972748e-01
-6.712956208285258963e-01
-7.058392798041006611e-01
-7.397903568299971644e-01
-7.731861241448774180e-01
-8.058321391425260494e-01
-8.401526254833531215e-01
-8.627910234648216159e-01
-8.850327343187868179e-01
-9.068174644397219986e-01
-9.281075994792774564e-01
-9.488947199004643673e-01
-9.691115248081907385e-01
-9.888093033381193386e-01
-1.008081703411153773e+00
-1.026519587579627801e+00
-1.047312695938179328e+00
-1.055641043596595274e+00
-1.063584797232362211e+00
-1.071156766907122693e+00
-1.077983802619162379e+00
-1.084426190490468400e+00
-1.090312914068541250e+00
-1.095628139168239867e+00
-1.100362240673059988e+00
-1.104510219284617234e+00
-1.111455179705429286e+00
-1.104860329419126819e+00
-1.097978741978188788e+00
-1.090629500200774205e+00
-1.082789698287899505e+00
-1.074450161862547048e+00
-1.065610905066610936e+00
-1.056278294372028359e+00
-1.046463233201414766e+00
-1.036179990895551351e+00
-1.029030665520622057e+00
-1.008168480267378042e+00
-9.871144249191776687e-01
-9.658587809558711879e-01
-9.444096357979766543e-01
-9.227873781751625426e-01
-9.010202113787852962e-01
-8.791412290189658529e-01
-8.571864855245403536e-01
-8.351937013842485324e-01
-8.166726668111059517e-01
-7.847918801236799524e-01
-7.532730765100430492e-01
-7.221231419883974434e-01
-6.913634582087921920e-01
-6.610246781782185277e-01
-6.311422540376130375e-01
-6.017529939021242225e-01
-5.729008368935859519e-01
-5.445277428279959864e-01
-5.198676468677673190e-01
-4.826895583065811124e-01
-4.465424250118941174e-01
-4.114132541949850896e-01
-3.772999391863978147e-01
-3.442256622908568819e-01
-3.121032234627478807e-01
-2.812294461870906703e-01
-2.513014194855364147e-01
-2.224552103763581534e-01
-1.965904952060062438e-01
-1.597631643106640076e-01
-1.243381044049393647e-01
-9.043470796795172184e-02
-5.795981331045430007e-02
-2.691035748267972538e-02
2.736064859315323616e-03
3.099947007946984856e-02
5.789947334545703095e-02
8.347815658205792744e-02
1.069304196833060772e-01
1.402909278827464967e-01
1.719052988117475422e-01
2.017871072926255560e-01
2.300872714526856488e-01
2.567031594194543187e-01
2.819235260160712908e-01
3.056188562560058219e-01
3.278571569894288551e-01
3.488096846827561381e-01
3.689476905342828350e-01
3.977807585502771137e-01
4.247731728120222039e-01
4.500707633989433631e-01
4.736195322710090028e-01
4.957075428926131511e-01
5.163143017315239280e-01
5.355001101520093787e-01
5.533201918923048579e-01
5.698299050595055926e-01
5.868341582726330774e-01
6.014623851206660765e-01
6.149466353108059558e-01
6.272481478430322888e-01
6.384256015911962123e-01
6.485319590744325069e-01
6.576158727335494891e-01
6.657226579271308120e-01
6.728949443568110755e-01
6.791725170156244218e-01
6.876348969935515143e-01
6.835318147261063570e-01
6.791682315405530579e-01
6.744303339911873474e-01
6.693263414927510535e-01
6.638713567019853823e-01
6.580840459501157147e-01
6.519846471137669131e-01
6.455937622629385197e-01
6.389316406326761566e-01
6.366322115069720233e-01
6.215465289086707923e-01
6.065776131238704849e-01
5.917260100784254018e-01
5.769940060595868392e-01
5.623889485175816993e-01
5.479867316263182797e-01
5.335604912094695784e-01
5.193853359438058703e-01
5.053618755172297750e-01
4.974159820233197138e-01
4.762851526574347627e-01
4.555899735558663344e-01
4.353337048919951324e-01
4.155168774629077744e-01
3.961394310423934084e-01
3.772004005079383493e-01
3.586977859140937364e-01
3.406285287118680505e-01
3.229111476005269155e-01
3.124816886501335933e-01
2.885541793047041170e-01
2.652734516086259764e-01
2.426390940004902741e-01
2.206471636202718134e-01
1.992920991980594025e-01
1.785660435159342474e-01
1.584595228777219700e-01
1.389617642746731052e-01
1.200258699908017812e-01
1.084469840164070664e-01
8.365694834654419099e-02
5.964228314245040297e-02
3.639894619904987527e-02
1.391842935577841667e-02
-7.810828556085946950e-03
-2.880261297997838144e-02
-4.907235664933190522e-02
-6.863672545981858164e-02
-8.751331330074280102e-02
-9.979530834865957267e-02
-1.245901405241349735e-01
-1.484988284890148003e-01
-1.715439935233218638e-01
-1.937449407713587313e-01
-2.151305118360588853e-01
-2.358369700657749757e-01
-2.555122779429882529e-01
-2.745928808262141363e-01
-2.929429885581754101e-01
-3.066475906093832915e-01
-3.313465977336959578e-01
-3.550510591988704778e-01
-3.778167468172471399e-01
-3.996894254001489566e-01
-4.207074369870869024e-01
-4.409043487314043830e-01
-4.603106150243274075e-01
-4.789546140907531835e-01
-4.968632890030728610e-01
-5.213949447670314097e-01
-5.485119331707448698e-01
-5.741395707364937984e-01
-5.986286502265811826e-01
-6.217291046372787067e-01
-6.439970960521368415e-01
-6.653409275016188840e-01
-6.858241310095389842e-01
-7.054979166309807148e-01
-7.244053075845411360e-01
-7.495769526868317767e-01
-7.774921595672413810e-01
-8.039494869868825111e-01
-7.190894657269606416e-01
-7.470892503901065407e-01
-7.746140372131899987e-01
-8.016704264879781494e-01
-8.282596731258198286e-01
-8.539767607186705689e-01
-8.721944433749553305e-01
-8.903466655846654643e-01
-9.082669672582341924e-01
-9.259653333908264283e-01
-9.430522585774645528e-01
-9.599116360927574254e-01
-9.763700639838566175e-01
-9.925372174840447759e-01
-1.008004303656664824e+00
-1.023950676032288065e+00
-1.031377526250636389e+00
-1.038568647333510953e+00
-1.045447571680336640e+00
-1.051963467470400371e+00
-1.058081884114700388e+00
-1.063896789403406817e+00
-1.068999895411794965e+00
-1.073816367789567350e+00
-1.078167418174817094e+00
-1.083799741277844841e+00
-1.079790639100897787e+00
-1.075473015969469204e+00
-1.070793606285811439e+00
-1.065720158426477937e+00
-1.060234578949648787e+00
-1.054328172092157123e+00
-1.047998619690711397e+00
-1.041248063475619823e+00
-1.034081884906532744e+00
-1.028881099437306545e+00
-1.013376914350337721e+00
-9.976620792907108237e-01
-9.817151374254433627e-01
-9.655319430866320385e-01
-9.491202197021009201e-01
-9.324954531298993432e-01
-9.156753613209031029e-01
-8.986891236553506968e-01
-8.815621718296804410e-01
-8.668631981995715829e-01
-8.418589471598134644e-01
-8.170035329708689176e-01
-7.922977245118502099e-01
-7.677559858499352075e-01
-7.434017545031426089e-01
-7.192662344635569749e-01
-6.953759009295962246e-01
-6.717638838122523826e-01
-6.484641370057621090e-01
-6.277671821551743525e-01
-5.973625559672323115e-01
-5.676203853232080210e-01
-5.385369454172217463e-01
-5.101203895377561803e-01
-4.823861608523281053e-01
-4.553531907447153637e-01
-4.290414932765342360e-01
-4.034706548245853841e-01
-3.786588991557748862e-01
-3.561923753459300679e-01
-3.249663786955536704e-01
-2.948627813616984117e-01
-2.658502819386733829e-01
-2.379108441410962838e-01
-2.110372757704541413e-01
-1.851374316610686632e-01
-1.604886188380501011e-01
-1.367590608969289356e-01
-1.140761918347839021e-01
-9.300457713974530360e-02
-6.424154575572160741e-02
-3.688162735277372706e-02
-1.085772231195070159e-02
1.387958475687994797e-02
3.736835026008217264e-02
5.963894935570002165e-02
8.078888040824877548e-02
1.006054535285106355e-01
1.194026681249197308e-01
1.377021275699509828e-01
1.626278208460977814e-01
1.860493946274260901e-01
2.080657329577587089e-01
2.288072595089275518e-01
2.481180369147270026e-01
2.663196166460717884e-01
2.833380040177993497e-01
2.992146609144387126e-01
3.139914056643993145e-01
3.295918586569155373e-01
3.507825123200876694e-01
3.704778918489343709e-01
3.887978864152932257e-01
4.058304897805476430e-01
4.216500989842807412e-01
4.363243760373617386e-01
4.498509921539594614e-01
4.623564947850381524e-01
4.738427440950887526e-01
4.872720333086394406e-01
4.972078289439335053e-01
5.061466175643534182e-01
5.141660890816057705e-01
5.212695678238177255e-01
5.275855506468305478e-01
5.331568435628283309e-01
5.378987940918915633e-01
5.419661076356077078e-01
5.453551300661733103e-01
5.522281126400745421e-01
5.470976307476634881e-01
5.415512965420774538e-01
5.357794104283739589e-01
5.297368077012702958e-01
5.234420199300429122e-01
5.169141473386369423e-01
5.101719743387894690e-01
5.032291555056493948e-01
4.961005376056093485e-01
4.944353236969648013e-01
4.802908567311151566e-01
4.662934867249664550e-01
4.522608826578044527e-01
4.384327058823164758e-01
4.247385907120446169e-01
4.111901262181578143e-01
