-6.350400983583800452e-01
-4.246098274434601527e-01
-3.021080629099454629e-01
-2.058856752365056109e-01
-1.287665702232547171e-01
-6.594621876713220587e-02
-1.404137024903285430e-02
2.729887138981046402e-02
6.196407585830226994e-02
9.099593574000826302e-02
1.151822507607863644e-01
1.351697897777990320e-01
1.514308698647150175e-01
1.643966084074249268e-01
1.744475004686500408e-01
1.818682436507674804e-01
1.870273788125396686e-01
1.873458576213311577e-01
1.864789263584900603e-01
1.843946746616890453e-01
1.814462173384962518e-01
1.771796802116075431e-01
1.722754027504193042e-01
1.666581518196611489e-01
1.606374396432896923e-01
1.537361998172297184e-01
1.472873634990279901e-01
1.374772915941327167e-01
1.278001268244506328e-01
1.184817140252086565e-01
1.089401853469718628e-01
9.976557067885233332e-02
9.078179819075651857e-02
8.200399974976865791e-02
7.344626472026694053e-02
6.512115148866481906e-02
5.801593629701944088e-02
4.806572381869690658e-02
3.836242786887827938e-02
2.944794421971813625e-02
2.108837622289834457e-02
1.325136046881069882e-02
5.909261541710505300e-03
-9.624475161802946432e-04
-7.386187673615672578e-03
-1.338289984266422331e-02
-1.795748693254164974e-02
-2.558699825686631957e-02
-3.247450924485809076e-02
-3.868627662782797572e-02
-4.428026838799099113e-02
-4.930583600098699393e-02
-5.380623332265001973e-02
-5.782024295521789869e-02
-6.138323273513487249e-02
-6.452785076638892225e-02
-6.632725531794189666e-02
-7.127840767837591296e-02
-7.552354674355780950e-02
-7.911731830829352163e-02
-8.236406375629179433e-02
-8.468296903853553270e-02
-8.673999830297893232e-02
-8.837018692525583363e-02
-8.961207535481838238e-02
-9.050099348864502902e-02
-9.014567408883092381e-02
-9.307063465191778295e-02
-9.535273952766329386e-02
-9.706507373445523446e-02
-9.826869575706860538e-02
-9.921650152550724744e-02
-9.935674205883324173e-02
-9.934755405303032083e-02
-9.901379119515081595e-02
-9.839000890309193559e-02
-9.656048761543227499e-02
-9.814404313659838563e-02
-9.929393907436358246e-02
-9.953107760872711984e-02
-9.952668318459792496e-02
-9.911680863088101479e-02
-9.838252456336878116e-02
-9.744978393249635606e-02
-9.585992200737382396e-02
-9.424389154907808486e-02
-9.143421506579510472e-02
-9.218351833514719373e-02
-9.199114093948676518e-02
-9.160916303049557174e-02
-9.084007322043870236e-02
-8.930567948742459961e-02
-8.790033642231118161e-02
-8.565636204821758248e-02
-8.381984237817681482e-02
-8.115099232578323885e-02
-7.735785473588548122e-02
-7.708370308225341583e-02
-7.629785092148733128e-02
-7.507554417060603724e-02
-7.304776530872164608e-02
-7.090642890077682170e-02
-6.842751959212006740e-02
-6.565665821418423254e-02
-6.263051683512074752e-02
-5.944868820737462395e-02
-5.469170225618220221e-02
-5.043500683784679639e-02
-4.603929355079547370e-02
-4.147033208129570492e-02
-3.705435877783064269e-02
-3.235882922775917825e-02
-2.746870836065323090e-02
-2.353393312450909047e-02
-1.843078245216313998e-02
-1.381039732359350125e-02
-7.757642109290946442e-03
5.221001718013484894e-04
8.284591121072729103e-03
1.542877057046512790e-02
2.211520189794376201e-02
2.825290416452397660e-02
2.497553077326401805e-02
3.970801363684169083e-02
4.267122980450066549e-02
3.387005225355129573e-02
4.211159340513714183e-02
5.116315129409942930e-02
5.930954255817287579e-02
6.661589639769452398e-02
7.314197810442230052e-02
7.894125375710198123e-02
8.406261233078907158e-02
8.855145640432374177e-02
9.245039326840025218e-02
9.579967444140638499e-02
1.018726647615756653e-01
1.082007603794332279e-01
1.136062388787186794e-01
1.181534506328940359e-01
1.219070094962896311e-01
1.249284638325886265e-01
1.272763545628844972e-01
1.290062689942755025e-01
1.301708955482813457e-01
1.308200821314371431e-01
1.346795424744084424e-01
1.383361072811651882e-01
1.411348265513140132e-01
1.431454683742596767e-01
1.444378985279451966e-01
1.450786243019778765e-01
1.451306063448985217e-01
1.446531857344667826e-01
1.437020872983241215e-01
1.423294729534493042e-01
1.444494315306454058e-01
1.460607933601828501e-01
1.469288785671933883e-01
1.471229360263107966e-01
1.467117834479555183e-01
1.457605492357849641e-01
1.443304259312566673e-01
1.424785878781721360e-01
1.403089887978960226e-01
1.377119731001520408e-01
1.385759944096947027e-01
1.387663139391324685e-01
1.384759271210181664e-01
1.374775171847212596e-01
1.360449654243469919e-01
1.341824174826636573e-01
1.319459815279985515e-01
1.293875535390676124e-01
1.265549189332298985e-01
1.234919085474027317e-01
1.187042848900258379e-01
1.155247841923996988e-01
1.119691921620159930e-01
1.081594551445560770e-01
1.040002096008322136e-01
9.971871091027768863e-02
9.529956652824664309e-02
9.078306483669071336e-02
8.620415603650881387e-02
8.159338981586163053e-02
7.543220901899659603e-02
7.086446765279576232e-02
6.610977844272704351e-02
6.123106780980578506e-02
5.628081208451486683e-02
5.128637593772190917e-02
4.629110653142651244e-02
4.131237513859664645e-02
3.638372035819222028e-02
3.152331019755851005e-02
2.520088832982957106e-02
2.037300036586124630e-02
1.546082890081702799e-02
2.235839851602435535e-01
2.278441159311786757e-01
2.323973078276906912e-01
2.372059542675435395e-01
2.504180361713524983e-01
2.423889424391582614e-01
2.389365258256531677e-01
2.451752356043712111e-01
2.512041476100569937e-01
2.570410585141228443e-01
2.627502888677475945e-01
2.682533551110781733e-01
2.736357202149095058e-01
2.788643267980098206e-01
2.839405564191289644e-01
2.888636818703364528e-01
2.914263483909292907e-01
2.961049420339411653e-01
3.004366562922645700e-01
3.044406351756958617e-01
3.081339075716732490e-01
3.115308306452848064e-01
3.146438578538814368e-01
3.174840355521709179e-01
3.200613296092116311e-01
3.223848454902324967e-01
3.224296477195432997e-01
3.244246965603825306e-01
3.260061545425357865e-01
3.271903664831056768e-01
3.280335588473805020e-01
3.285606728982093383e-01
3.287170647052827799e-01
3.286120088594173816e-01
3.282262953295818075e-01
3.275785957993312958e-01
3.247328046017927683e-01
3.238650077447481901e-01
3.226042317360862111e-01
3.209854770846369276e-01
3.190414444336797661e-01
3.168017439397102231e-01
3.142935992333617534e-01
3.115423122235985165e-01
3.085715754631299657e-01
3.054036866745089562e-01
3.001171644770859182e-01
2.969774026753075891e-01
2.935256302267802431e-01
2.898131489392659632e-01
2.858433862870343178e-01
2.816513225633643369e-01
2.773390492774930327e-01
2.728441676970778107e-01
2.682299287139998656e-01
2.635177853541585402e-01
2.567092541662580052e-01
2.523020514343972120e-01
2.476812902372399483e-01
2.428857395566292876e-01
2.379508366586513546e-01
2.329077680226825375e-01
2.277843533874326643e-01
2.226056446563683677e-01
2.173943409677591698e-01
2.121710849216857098e-01
2.047484259451781141e-01
2.000223486317913579e-01
1.951186229051830867e-01
1.901664588573646064e-01
1.851121477517727043e-01
1.800214442532210857e-01
1.749161285058024040e-01
1.698165235100923542e-01
1.647411562217062364e-01
1.596942421894844699e-01
1.522298767428452992e-01
1.476933161219349810e-01
1.430571108979817041e-01
1.383600988339430959e-01
1.336307971649638993e-01
1.288937460354658837e-01
1.241700867141717901e-01
1.194781449030450221e-01
1.148134571734357873e-01
1.102482346316490253e-01
1.027993413096917469e-01
9.860567461717453797e-02
9.428066927944149522e-02
8.988662860821684808e-02
8.551803862470323814e-02
8.116770795082434153e-02
7.675069210869274461e-02
7.244678879899618673e-02
6.817633045116462676e-02
6.397208598857102857e-02
5.620034230781315032e-02
5.050157301810376254e-02
4.498839049636367549e-02
3.972458391913610831e-02
3.469194116118753946e-02
2.979111746274834549e-02
2.514615427917843427e-02
2.071333181156675973e-02
1.649098464203178904e-02
1.247693156559212535e-02
4.185617447239220468e-03
-2.971045285616091824e-03
-9.506322596658997592e-03
-1.545748562253917990e-02
-2.086025433478317509e-02
-2.574741514537019771e-02
-3.014946337541652560e-02
-3.409502737489723823e-02
-3.761115214135760110e-02
-4.068446078358442519e-02
-4.863835325642706930e-02
-5.482136706340869081e-02
-6.025643914551791214e-02
-6.492417220907428788e-02
-6.895190562632716458e-02
-7.236161621301678837e-02
-7.519934887511853239e-02
-7.750855327230418701e-02
-7.933025146689126617e-02
-8.070316307125795230e-02
-8.745538503996401480e-02
-9.199913021747666009e-02
-9.575321324977728588e-02
-9.877824976911428467e-02
-1.011341281589444308e-01
-1.028776785225122004e-01
-1.040626034144719048e-01
-1.047394852521537079e-01
-1.049558416593155408e-01
-1.047562103839537462e-01
-1.103989652595104010e-01
-1.134698934006387189e-01
-1.158005317084067481e-01
-1.174539050113847793e-01
-1.184922429013175460e-01
-1.189745733458117960e-01
-1.189564947135125783e-01
-1.184901043585180058e-01
-1.176240244259698503e-01
-1.164034864854626844e-01
-1.212225240820483246e-01
-1.232554098060786030e-01
-1.246248776455652352e-01
-1.253929332422567267e-01
-1.256553436671409008e-01
-1.253592786807093129e-01
-1.246748349869660211e-01
-1.235941984582351189e-01
-1.219237474365991725e-01
-1.201986415301928846e-01
-1.243957138594452977e-01
-1.257859635143425137e-01
-1.265975254318163212e-01
-1.268894796496352895e-01
-1.267189654304496371e-01
-1.261394361542597375e-01
-1.252005484514000788e-01
-1.239481907277672212e-01
-1.224245943870352071e-01
-1.206684924544618037e-01
-1.165812909783806861e-01
-1.139863918845309687e-01
-1.111705277860688540e-01
-1.081825166214499534e-01
-1.050637123547627089e-01
-1.018491291492161221e-01
-9.856884072014349130e-02
-9.527791839746127533e-02
-9.190655150928306316e-02
-8.856357594884936568e-02
-8.309742898375366282e-02
-7.922296485057483961e-02
-7.534330186194040935e-02
-7.148742591271564639e-02
-6.767859396573971953e-02
-6.393531411603478598e-02
-6.026338760715991422e-02
-5.670537141005137227e-02
-5.326026474257655741e-02
-4.987318139187897625e-02
-4.443076043890456517e-02
-4.061049999849732084e-02
-3.690575225274515814e-02
-3.330204578585694436e-02
4.145479805769503728e-03
4.397741949839042638e-03
4.382548530501581899e-03
6.241248159609276772e-03
5.863163798209544697e-03
5.387258274649541628e-03
5.133322964592353099e-03
4.211397049611842816e-03
3.531134819173954373e-03
2.822981904669707651e-03
2.095927785403114973e-03
1.359707182980425880e-03
6.234912050962337221e-04
1.089394217888357136e-03
-3.635215542643899234e-05
-1.058007736134833343e-03
-1.659637544785579760e-03
-2.836969958611842632e-03
-3.609607744715815844e-03
-4.303377902768638213e-03
-4.926304800552689517e-03
-5.484092251478962093e-03
-5.981415948777497882e-03
-5.577695185049592538e-03
-6.631227540670699139e-03
-7.540321160085908941e-03
-8.324135327324039269e-03
-8.998090220639055892e-03
-9.276682452810849216e-03
-1.005454404281347879e-02
-1.050392476160117924e-02
-1.084513016253302840e-02
-1.112468718979895549e-02
-1.066810691792954152e-02
-1.169625607534573349e-02
-1.257213616386300241e-02
-1.331537834146841875e-02
-1.394149553016876472e-02
-1.446295049062776977e-02
-1.488997226486542258e-02
-1.523110357501842108e-02
-1.549357600993732376e-02
-1.568357382670614725e-02
-1.517010441237629653e-02
-1.622377885098921779e-02
-1.709970020611101260e-02
-1.781699845094756457e-02
-1.839072634708378839e-02
-1.883297736681970383e-02
-2.456053950039780234e-02
-2.171828024808100319e-02
-1.856211759251639656e-02
8.880243262589815898e-04
3.311445243780995491e-03
-2.448745285990078951e-04
-3.566138779382801733e-03
-6.472069624905318029e-03
-9.009192076907703364e-03
-1.121345255563969794e-02
-1.311345497411900256e-02
-1.473288309928029796e-02
-1.609205430835905504e-02
-1.720893122779878701e-02
-1.753466500296151087e-02
-1.936826209085936237e-02
-2.082820200388885504e-02
-2.198672835112071983e-02
-2.287035230423618143e-02
-2.349958691432255109e-02
-2.389363114372295913e-02
-2.405445531204837561e-02
-2.406144125120943458e-02
-2.384720941818529311e-02
-2.259071980871354274e-02
-2.308297413432428349e-02
-2.329437495972475763e-02
-2.323541426593008288e-02
-2.298205313586822174e-02
-2.250247905768511247e-02
-2.182819953034430271e-02
-2.103672877522476045e-02
-2.010032960284835121e-02
-1.896683847282971611e-02
-1.653054507253209557e-02
-1.606516599415452884e-02
-1.539068547938921006e-02
-1.454621136207001272e-02
-1.344958393956199698e-02
-1.228619400912626773e-02
-1.097469550574819638e-02
-9.558242202935860604e-03
-8.053264529694821941e-03
-6.474684335405192850e-03
-3.123112575275479967e-03
-6.253276303090230318e-04
1.929452289443160315e-03
4.449182871476633355e-03
6.874418014039746991e-03
9.284425733423981933e-03
1.164169780943958600e-02
1.394067983407423772e-02
1.617670789949064714e-02
1.834584024129611024e-02
2.262336723370405450e-02
2.727146205456994210e-02
3.156922826158466144e-02
3.553319493620870489e-02
3.918074780384947498e-02
4.252834531428405229e-02
4.559165067551218531e-02
4.838565338094829443e-02
5.092478416805884534e-02
5.322293162703700675e-02
5.788235673194606912e-02
6.257807649002344874e-02
6.674606197691397569e-02
7.052364131002221426e-02
7.382685759476759202e-02
7.672480268344190890e-02
7.924552806254021864e-02
8.141593595169084596e-02
8.326171787587798023e-02
8.480733182597706421e-02
8.880967012691956541e-02
9.272592604290877394e-02
9.614396910886129077e-02
9.901169273651613811e-02
1.014559073076876511e-01
1.034801089808966845e-01
1.051187302770465043e-01
1.064046476817853137e-01
1.073690510508058110e-01
1.080149035046902711e-01
1.110248947942101549e-01
1.139857474662224063e-01
1.164528673398976671e-01
1.184612485155729367e-01
1.200483667131451992e-01
1.212833030350903007e-01
1.221004800555120645e-01
1.226400798942681031e-01
1.228963513050082834e-01
1.228992260474226772e-01
1.247602339565110630e-01
1.268394745833739679e-01
1.284881363084691974e-01
1.297393918640354360e-01
1.306286243694875782e-01
1.311905278589433899e-01
1.314583984748801948e-01
1.314637418508005362e-01
1.312360794368301886e-01
1.308028790218445925e-01
1.314401277292064629e-01
1.326906518052021755e-01
1.335879976042569917e-01
1.341623256834698907e-01
1.344452172112408639e-01
1.344672386099466377e-01
1.342574163145730803e-01
1.338429623451178607e-01
1.332491566438102071e-01
1.325272454475748263e-01
1.275073709962028512e-01
1.256713184468884192e-01
1.237385595734777216e-01
1.216808530586084985e-01
1.195522970696770299e-01
1.173760863789782283e-01
1.151706687207238872e-01
1.129510264482805754e-01
1.107295352098503494e-01
1.085165417814247246e-01
1.022384685937760829e-01
9.912362637914137742e-02
9.607297580584353569e-02
9.302841364699523941e-02
9.002846539132391968e-02
8.708560677725012134e-02
8.422576401970503779e-02
8.138755916663396872e-02
7.867063925086499598e-02
7.601780820018463891e-02
6.934854876898208231e-02
6.587798258188229394e-02
7.905170306320315199e-02
8.603212297109749662e-02
9.274508211957147030e-02
9.920664246386327878e-02
1.054307173884174442e-01
1.106219294544784210e-01
1.162068327613741126e-01
1.214853628764859250e-01
1.264782397566829031e-01
1.312039467673090376e-01
1.356648549004634552e-01
1.398089580977457391e-01
1.438974659441523141e-01
1.473569466958228324e-01
1.513005595808586401e-01
1.537815808562061903e-01
1.567014473600655822e-01
1.591667292758436325e-01
1.619556125515236589e-01
1.641857586987731377e-01
1.661845831587460964e-01
1.679682533446059667e-01
1.695497783287557847e-01
1.708805398243561646e-01
1.721446497632547479e-01
1.720374963782583810e-01
1.731659270256052374e-01
1.736847874227570865e-01
1.739716827414888867e-01
1.740318411675595978e-01
1.738904282700742265e-01
1.735621158565249511e-01
1.730596851986767049e-01
1.723951686732619337e-01
1.715799479089643864e-01
1.695795972656005679e-01
1.688610268280624216e-01
1.675642951930506885e-01
1.660674022065139477e-01
1.643878724994280172e-01
1.625439291363575678e-01
1.605521453800006770e-01
1.584277719275893614e-01
1.561849646756399146e-01
1.538369463733054721e-01
1.506313372348672686e-01
1.485360658225216013e-01
1.455892689323091960e-01
1.428457499442255807e-01
1.399701494614229713e-01
1.369822510275588712e-01
1.339000212390374367e-01
1.307398687704773299e-01
1.275168982426587438e-01
1.242450902931997864e-01
1.199910063231930668e-01
1.168019650876784554e-01
1.135089466290527260e-01
1.100220424753367288e-01
1.064938335676858805e-01
1.025785555298029950e-01
9.904085283253892535e-02
9.547961173081331854e-02
9.190770963923373948e-02
8.833846884578135106e-02
8.354696513108821054e-02
8.021316646473512779e-02
7.687889729250207971e-02
7.312598425662825141e-02
6.946755333377474528e-02
6.589522289806758193e-02
6.232801112596964010e-02
5.878023930530834607e-02
5.526467667446176291e-02
5.179270999631846450e-02
4.672315655003391605e-02
4.375371297633168233e-02
4.043536873890034300e-02
3.718743562728778207e-02
3.352240209433553220e-02
2.969596128740022156e-02
2.722545192253433832e-02
2.343799226740909958e-02
2.060293653526640290e-02
1.690028238378794845e-02
1.169341215589222993e-02
8.591613201860484605e-03
5.281749865054752302e-03
2.060842848303684471e-03
-9.108003086527455272e-04
-4.295036424838763467e-03
-7.145683722827270157e-03
-1.045641214520741380e-02
-1.342410945304639558e-02
-1.631186186653739434e-02
-2.155199251572016694e-02
-2.539106302601575049e-02
-2.906123591016857716e-02
-3.255958780764250937e-02
-3.568435907299759985e-02
-3.872476016288094181e-02
-4.205143755270650263e-02
-4.485724440149398140e-02
-4.749452739112296207e-02
-4.996562696837544837e-02
-5.502296993752286980e-02
-5.937214541890165065e-02
-6.260858571778865622e-02
-6.865216129226783814e-02
-6.828811497218806315e-02
-7.402184077483729696e-02
-5.394742778732805610e-02
-5.239404840731587409e-02
-5.666294503024980195e-02
-6.044682082782397436e-02
-6.752827620448302592e-02
-7.302788502968220186e-02
-7.785504376733956566e-02
-8.206005258746001951e-02
-8.569052166556147265e-02
-8.879030464539955370e-02
-9.140005708800630346e-02
-9.355764277353387226e-02
-9.529843727032871747e-02
-9.665556225336616181e-02
-1.017888956522615407e-01
-1.051725384515359574e-01
-1.079475693521965707e-01
-1.101612284849785711e-01
-1.118603695492572103e-01
-1.130894452213934004e-01
-1.138904084017633850e-01
-1.143027039720354021e-01
-1.143633151042074969e-01
-1.141068407385865680e-01
-1.177628556589140896e-01
-1.196277656001649148e-01
-1.209587244185917759e-01
-1.218031044856153072e-01
-1.222077157568448036e-01
-1.222168041072979883e-01
-1.218718944510304020e-01
-1.212117582521370918e-01
-1.202724564247750483e-01
-1.190874260702275145e-01
-1.215954759762278986e-01
-1.224518182912867625e-01
-1.228611514686666906e-01
-1.228681869597321730e-01
-1.225167432548023433e-01
-1.218479334907461020e-01
-1.209000431080251431e-01
-1.197085278689099530e-01
-1.183060832955862701e-01
-1.167227551629036325e-01
-1.181525959744445659e-01
-1.183030318584262497e-01
-1.180989756564415905e-01
-1.175804558205101324e-01
-1.167861582719360719e-01
-1.157519609762040075e-01
-1.145402307724983915e-01
-1.130884589252804523e-01
-1.115166733562000106e-01
-1.098350282396604038e-01
-1.051591551963297760e-01
-1.024107675353947977e-01
-9.957360978920387629e-02
-9.667866368773522789e-02
-9.375156506309591242e-02
-9.081331385034217829e-02
-8.788140849039588476e-02
-8.497060652479854204e-02
-8.209344633259624269e-02
-7.926061516166599263e-02
-7.358320549281079093e-02
-6.993437377007805100e-02
-6.634181995225320316e-02
-6.282258533802480283e-02
-5.938950864616443504e-02
-5.607646706504702816e-02
-5.280738669777346184e-02
-4.968531612643972001e-02
-4.666752137885805951e-02
-4.376238755615965981e-02
-3.806391673034177636e-02
-3.441134013105667799e-02
-3.087536142484973573e-02
1.090788298906402026e-01
1.102362209778803559e-01
1.111711961420731032e-01
1.119007458266223914e-01
1.124431403706813298e-01
1.128357582531700487e-01
1.129573271340614388e-01
1.120556909790276362e-01
1.106397775630343361e-01
1.095543227863272767e-01
1.084956377009054646e-01
1.074598512186669824e-01
1.064460620660031831e-01
1.054546453801077643e-01
1.044864458317799893e-01
1.035423682275018464e-01
1.026363530399487800e-01
1.007925604855214874e-01
9.847938637142997220e-02
9.665536303820228270e-02
9.496475734329305751e-02
9.339154934794521856e-02
9.192354894443555136e-02
9.055074789840913962e-02
8.926451782662021828e-02
8.805718885968415177e-02
8.679855940617084431e-02
8.439085148440726714e-02
8.218517299714571400e-02
8.015763859043524564e-02
7.828880194510998147e-02
7.656263571498217457e-02
7.500147588974258317e-02
7.349032662637251800e-02
7.211335026312976071e-02
7.122600918618167409e-02
6.943826546487848195e-02
6.690770685888745850e-02
6.460309837796750221e-02
6.250229492002319642e-02
6.058637833429039721e-02
5.883980007572617299e-02
5.724947538792047458e-02
5.580417347403796718e-02
5.449409468310151272e-02
5.331057408206494458e-02
5.207372411708640486e-02
4.967654045994450429e-02
4.750002115128328095e-02
4.518927966123229001e-02
4.388407652900637446e-02
4.236987136745835880e-02
4.104212053866179710e-02
3.988975419374232029e-02
3.890196469800626805e-02
3.806853398416412682e-02
3.740999479720180654e-02
3.537884117084429819e-02
3.358363748109002844e-02
3.216463805502445261e-02
3.054269669333100831e-02
2.998458775261769044e-02
2.918147358582377088e-02
2.856240374848749777e-02
2.811595792369562391e-02
2.782990407153702536e-02
2.749234735505244956e-02
2.665256261020465881e-02
2.555230360980212043e-02
2.470544609645949213e-02
2.397868485919856310e-02
2.371419839547193181e-02
2.312567756505264777e-02
2.360083951316318748e-02
2.369068236178180006e-02
2.394612408433385159e-02
2.497755013087749054e-02
2.419851411953664530e-02
2.369848682690953168e-02
2.343997029320268877e-02
2.339326848553863886e-02
2.353341444684767247e-02
2.383880078268279384e-02
2.413785946983697944e-02
2.483737883315816769e-02
2.506860126262744695e-02
2.716420336176051525e-02
2.713552609407462665e-02
2.681280854390732243e-02
2.739020461852463562e-02
2.779786438301806023e-02
2.810006701560840633e-02
2.907330798628866148e-02
2.958834278141896784e-02
3.080943699728757104e-02
3.180403994162556147e-02
3.396666786557702572e-02
3.563251430857368451e-02
3.731823086921729621e-02
3.901032090705090771e-02
4.051365849079040932e-02
4.200710248483945086e-02
4.406539851097251298e-02
4.568809833210418087e-02
4.727889063615815096e-02
4.883291642408260635e-02
5.152575235922204205e-02
5.527905078188674604e-02
5.867179577763814019e-02
6.149827988308458060e-02
6.483086482744614132e-02
6.748475547217253068e-02
6.990197159132745253e-02
7.209759176976647532e-02
7.408494589832817501e-02
7.587632465595729736e-02
7.894765489757435417e-02
8.284558313041986977e-02
8.631444031472598755e-02
8.938411333626467004e-02
9.208348131603948106e-02
9.443965980226023960e-02
9.647817636762115456e-02
9.828915630505466461e-02
1.001410874680515595e-01
1.013227251707297660e-01
1.037506178150960079e-01
1.069913121268722539e-01
1.097782009835546746e-01
1.121452818461853157e-01
1.141262630285373725e-01
1.157533452242135025e-01
1.170570849891381104e-01
1.180663416221462841e-01
1.188082745996128786e-01
1.193083717749124778e-01
1.207437616216000265e-01
1.231691136015642396e-01
1.251702254173022721e-01
1.267811712113837697e-01
1.280361575348626935e-01
1.289680742215988662e-01
1.296081742625436739e-01
1.299859104471426940e-01
1.301288713052102808e-01
1.300627790990624144e-01
1.304647272173080075e-01
1.321125873745691293e-01
1.333902905323433863e-01
1.343296679903364654e-01
1.349628093236220627e-01
1.353205586270221361e-01
1.354321356632001150e-01
1.353249424950594137e-01
1.350244869990242513e-01
1.345543792151647489e-01
1.338381367727687343e-01
1.347414013382926268e-01
1.353059158492681269e-01
1.359061462104476370e-01
1.355694003767066724e-01
1.353972820418208045e-01
1.350284679261963272e-01
1.344870690532963819e-01
1.336051141060356773e-01
1.325991297644635303e-01
1.305414847654678689e-01
1.305649545914686349e-01
1.303447470481210457e-01
1.300417963461203141e-01
1.292651937329117595e-01
1.287538164068721402e-01
1.275055503844498839e-01
1.264574815291377441e-01
1.253034406345395479e-01
1.240598077158557577e-01
1.173057809100375992e-01
1.144568723493460394e-01
1.115189048374073538e-01
1.085344227715887427e-01
1.055339032234643426e-01
1.027055921421210077e-01
9.973712855760863416e-02
9.656084717591266464e-02
9.366781047926679704e-02
9.082099531472935527e-02
8.262149324129633432e-02
7.852921997747044913e-02
7.388464301885912244e-02
1.581200517198252942e-01
1.585071089704206682e-01
1.590695209862874326e-01
1.598118877463088339e-01
1.607321390500865421e-01
1.618239160182072256e-01
1.628477098695618186e-01
1.645161424337054923e-01
1.653470699785741238e-01
1.670446248575948311e-01
1.687251277561622465e-01
1.703917889012430686e-01
1.720461644757546038e-01
1.736031225468821493e-01
1.752980589141656109e-01
1.769164671780598663e-01
1.782085924517833320e-01
1.800831267698427829e-01
1.806966232208056522e-01
1.821422763391083721e-01
1.833955774584684617e-01
1.843167925105023697e-01
1.856334440763723614e-01
1.865447343232858324e-01
1.873148191695224729e-01
1.879687550832667697e-01
1.885136211446152288e-01
1.888806553954994194e-01
1.880750598059932610e-01
1.886096245052841236e-01
1.886234598306822663e-01
1.884358416812713932e-01
1.880623479430031941e-01
1.875166299062301645e-01
1.868109435853644307e-01
1.859564583098154977e-01
1.849634725425444992e-01
1.838415686688125161e-01
1.816703110360823326e-01
1.804060509515874877e-01
1.789147983021777133e-01
1.772197572855316872e-01
1.753414952826804207e-01
1.732985386890444901e-01
1.711078159429936241e-01
1.687849603857541070e-01
1.663445212228805703e-01
1.638001135035793143e-01
1.601485986095402270e-01
1.575879900251487553e-01
1.548347896550288927e-01
1.519156383128460464e-01
1.488542063152718531e-01
1.456718020548283810e-01
1.423878384651225126e-01
1.390978357844582236e-01
1.355736100071341099e-01
1.323780573642724112e-01
1.272926765314682518e-01
1.239166258908740714e-01
1.204024464273746320e-01
1.167783399607884715e-01
1.131463652381425461e-01
1.092910454504630036e-01
1.057899169487566127e-01
1.015690553263235985e-01
9.772121599883981657e-02
9.387766484258980304e-02
8.881237730216073878e-02
8.471771607666320203e-02
8.108226009869752560e-02
7.713233611382488975e-02
7.328949296870372609e-02
6.943484276239469954e-02
6.558642776803942642e-02
6.176035622900678118e-02
5.797099128689656156e-02
5.444735355301801721e-02
4.846097063017973383e-02
4.459717494376795599e-02
4.118094172097173239e-02
3.752047185434925075e-02
3.430100364367419385e-02
3.026628972221592773e-02
2.707654856798194509e-02
2.311300244549575889e-02
1.971008126412797379e-02
1.644694219726386408e-02
1.046331513174568462e-02
7.084135014200104719e-03
3.973568815637026908e-03
5.024030676077095858e-04
-3.069634834592688266e-03
-6.375140334641316020e-03
-9.616901569953012485e-03
-1.278248944816298693e-02
-1.586129991202860079e-02
-1.864198821846974052e-02
-2.429535575075173620e-02
-2.867433136191797904e-02
-3.251175066672622876e-02
-3.614093093512128069e-02
-3.956228336929585448e-02
-4.277711338160065935e-02
-4.578743694860845648e-02
-4.859580011813074280e-02
-5.120514336832725916e-02
-5.351874297553783910e-02
-5.867065767430126866e-02
-6.361815920612910735e-02
-6.763914740145904325e-02
-7.118513684593434643e-02
-7.428855570903991623e-02
-7.697862136725573678e-02
-7.928222121143860268e-02
-8.122441056938389803e-02
-8.282872745000427472e-02
-8.411739960092180779e-02
-8.879833580227013135e-02
-9.226117005616714384e-02
-9.513073626166144992e-02
-9.745479389323112585e-02
-9.926244804362642504e-02
-1.006405098729581948e-01
-1.012132631905931779e-01
-1.021813795646714512e-01
-1.023907947483006231e-01
-1.022793953358711594e-01
-1.057802831392582465e-01
-1.079496797387858587e-01
-1.095461757815194004e-01
-1.106223210006431201e-01
-1.112278617834239203e-01
-1.114090218757233658e-01
-1.112087820372241742e-01
-1.106671061630430941e-01
-1.098211331455161144e-01
-1.090687401776651716e-01
-1.111189049694588232e-01
-1.122992797408002424e-01
-1.129909392859031469e-01
-1.132052966609267547e-01
-1.130250888403616927e-01
-1.124884283251724598e-01
-1.116363646502075979e-01
-1.105073556100312077e-01
-1.091370846927500748e-01
-1.068611153172958489e-01
-1.087820781355673116e-01
-1.093790374376190505e-01
-1.095549235761228424e-01
-1.093562905246817790e-01
-1.088275741087171150e-01
-1.080100945780444882e-01
-1.069419893620990741e-01
-1.056582888776615714e-01
-1.041910544692071922e-01
-1.025695409639199307e-01
-1.035031291522349600e-01
-1.037210543430011345e-01
-1.035949170051305157e-01
-1.031686358499103312e-01
-1.025556976435061385e-01
-1.015628836386108097e-01
-1.008080539647486090e-01
-9.915937831114769729e-02
-9.777291550354130778e-02
-9.627758911428449529e-02
-9.616217629088272267e-02
-9.592034877006795635e-02
-9.542036933490410933e-02
-9.470161529229458031e-02
-9.379860184747598750e-02
-9.274180176999050063e-02
-9.155823576287711041e-02
-9.027191625488889537e-02
-8.890419413317385278e-02
-8.747403981125953520e-02
-8.253938415711618848e-02
-7.997058225711775603e-02
-7.746223374649023607e-02
-7.496883874687068627e-02
-7.201545152893218393e-02
-6.941657877657216036e-02
-6.686052449749063653e-02
-6.435909786646631936e-02
-6.192150049547515828e-02
-5.955485178678822378e-02
-5.377222069467453569e-02
-5.043844239445510053e-02
-4.717074334256203538e-02
7.091312702804260758e-03
7.062587716501645720e-03
6.963560871659973082e-03
6.808804862343502060e-03
6.625243389176331196e-03
7.451754973730410209e-03
6.511549100357388355e-03
5.800755434818631075e-03
5.298288554977641923e-03
5.011359358033821293e-03
4.246361545060604002e-03
3.813781579757747481e-03
3.430756627654937656e-03
3.446705063519414549e-03
2.804138256023241960e-03
3.018290652335774236e-03
2.149318845310341577e-03
1.409956978013735505e-03
7.793244233348468539e-04
2.416797925611915499e-04
-2.152846594293569252e-04
-2.337617593100556953e-04
-9.284780331186800496e-04
-1.210194347554674216e-03
-1.436196904770527423e-03
-1.241953711162838538e-03
-2.146404991542527965e-03
-2.921791307503288429e-03
-3.587225911231552329e-03
-4.158022769790993903e-03
-4.646606393145810351e-03
-5.063326258481014308e-03
-5.416979627415413612e-03
-5.715155139125023542e-03
-5.964464639069521311e-03
-5.824587197497271135e-03
-6.837329397422035882e-03
-7.716029192609515260e-03
-8.477382858390249826e-03
-9.134946097693679226e-03
-9.699763553527350826e-03
-1.018103733590212771e-02
-1.055787342141389397e-02
-1.091730873513984193e-02
-1.119666366803780989e-02
-1.100994464651388477e-02
-1.205188150190661042e-02
-1.293977293980491834e-02
-1.368968554320927622e-02
-1.431475964154195132e-02
-1.482583775774020014e-02
-1.526066886041351801e-02
-1.554691574633180855e-02
-1.576092106201331527e-02
-1.589506861384150371e-02
-1.539770129358024840e-02
-1.624350713202468016e-02
-1.691614999946040865e-02
-1.743265148740092904e-02
-1.780744466605876583e-02
-1.805283662310312037e-02
-1.817962334201465857e-02
-1.819749830034410668e-02
-1.811532561895947552e-02
-1.794132419550156093e-02
-1.688860852508435734e-02
-1.733762465701300590e-02
-1.760872129267665107e-02
-1.772188007072597604e-02
-1.769406341027640259e-02
-1.758116712195743198e-02
-1.768707495431344132e-02
-1.685472544046692778e-02
-1.638744214716609734e-02
-1.584448934874332915e-02
-1.412590461781703874e-02
-1.411048272313697623e-02
-1.393119640935367234e-02
-1.361059999997293012e-02
-1.316760989987868398e-02
-1.261820252030720381e-02
-1.203466521629500442e-02
-1.165679800828311845e-02
-1.040606198732925772e-02
-9.550289732607524992e-03
-7.188085639880806635e-03
-6.753101684163415226e-03
-6.179641240311629577e-03
-5.569840357682350265e-03
-5.120741473060724108e-03
-3.772665664782791015e-03
-2.843068189654743543e-03
-1.868375975687922193e-03
-8.544501625863051841e-04
2.138084240130566638e-04
3.109282268612017716e-03
3.881605718142747304e-03
4.767567853919778970e-03
5.760141347559926892e-03
6.810832501269540804e-03
7.897530209411196545e-03
8.788915123261865567e-03
1.023244878256210355e-02
1.138871556054492189e-02
1.255579629482270025e-02
1.576187146314707993e-02
1.797532029921568991e-02
2.009918604608192105e-02
2.170317636979032100e-02
2.407471304574383686e-02
2.591577663520489364e-02
2.768124023907750711e-02
2.928953454795228326e-02
3.084995880303757765e-02
3.194246873896799260e-02
3.594696810394024111e-02
3.955163722863695719e-02
4.300136501227873331e-02
4.601951432509973627e-02
4.872874825990112374e-02
5.115015698717121501e-02
5.330329581544784867e-02
5.520645891612738915e-02
5.659712561418318855e-02
5.835709461984219665e-02
6.208795766746341704e-02
6.570909163047713997e-02
6.868250969924809268e-02
7.165637203914937414e-02
7.402942539882756412e-02
7.605089425680229553e-02
7.774952168501614302e-02
