4.000000000000000083e-03
5.000000000000000104e-03
6.000000000000000125e-03
7.000000000000000146e-03
8.000000000000000167e-03
9.000000000000001055e-03
1.000000000000000194e-02
1.100000000000000283e-02
1.200000000000000372e-02
1.300000000000000461e-02
1.400000000000000550e-02
1.500000000000000638e-02
1.600000000000000727e-02
1.700000000000000816e-02
1.800000000000000905e-02
1.900000000000000994e-02
2.000000000000001082e-02
2.100000000000001171e-02
2.200000000000001260e-02
2.300000000000001349e-02
2.400000000000001438e-02
2.500000000000001527e-02
2.600000000000001615e-02
2.700000000000001704e-02
2.800000000000001793e-02
2.900000000000001882e-02
3.000000000000001971e-02
3.100000000000002059e-02
3.200000000000002148e-02
3.300000000000002237e-02
3.400000000000002326e-02
3.500000000000002415e-02
3.600000000000002504e-02
3.700000000000002592e-02
3.800000000000002681e-02
3.900000000000002770e-02
4.000000000000002859e-02
4.100000000000002948e-02
4.200000000000003036e-02
4.300000000000003125e-02
4.400000000000003214e-02
4.500000000000003303e-02
4.600000000000003392e-02
4.700000000000003481e-02
4.800000000000003569e-02
4.900000000000003658e-02
5.000000000000003747e-02
5.100000000000003836e-02
5.200000000000003925e-02
5.300000000000004013e-02
5.400000000000004102e-02
5.500000000000004191e-02
5.600000000000004280e-02
5.700000000000004369e-02
5.800000000000004458e-02
5.900000000000004546e-02
6.000000000000004635e-02
6.100000000000004724e-02
6.200000000000004813e-02
6.300000000000004208e-02
6.400000000000004297e-02
6.500000000000004385e-02
6.600000000000004474e-02
6.700000000000004563e-02
6.800000000000004652e-02
6.900000000000004741e-02
7.000000000000004829e-02
7.100000000000004918e-02
7.200000000000005007e-02
7.300000000000005096e-02
7.400000000000005185e-02
7.500000000000005274e-02
7.600000000000005362e-02
7.700000000000005451e-02
7.800000000000005540e-02
7.900000000000005629e-02
8.000000000000005718e-02
8.100000000000005806e-02
8.200000000000005895e-02
8.300000000000005984e-02
8.400000000000006073e-02
8.500000000000006162e-02
8.600000000000006251e-02
8.700000000000006339e-02
8.800000000000006428e-02
8.900000000000006517e-02
9.000000000000006606e-02
9.100000000000006695e-02
9.200000000000006783e-02
9.300000000000006872e-02
9.400000000000006961e-02
9.500000000000007050e-02
9.600000000000007139e-02
9.700000000000007228e-02
9.800000000000007316e-02
9.900000000000007405e-02
1.000000000000000749e-01
1.010000000000000758e-01
1.020000000000000767e-01
1.030000000000000776e-01
1.040000000000000785e-01
1.050000000000000794e-01
1.060000000000000803e-01
1.070000000000000812e-01
1.080000000000000820e-01
1.090000000000000829e-01
1.100000000000000838e-01
1.110000000000000847e-01
1.120000000000000856e-01
1.130000000000000865e-01
1.140000000000000874e-01
1.150000000000000883e-01
1.160000000000000892e-01
1.170000000000000900e-01
1.180000000000000909e-01
1.190000000000000918e-01
1.200000000000000927e-01
1.210000000000000936e-01
1.220000000000000945e-01
1.230000000000000954e-01
1.240000000000000963e-01
1.250000000000000833e-01
1.260000000000000842e-01
1.270000000000000850e-01
1.280000000000000859e-01
1.290000000000000868e-01
1.300000000000000877e-01
1.310000000000000886e-01
1.320000000000000895e-01
1.330000000000000904e-01
1.340000000000000913e-01
1.350000000000000921e-01
1.360000000000000930e-01
1.370000000000000939e-01
1.380000000000000948e-01
1.390000000000000957e-01
1.400000000000000966e-01
1.410000000000000975e-01
1.420000000000000984e-01
1.430000000000000993e-01
1.440000000000001001e-01
1.450000000000001010e-01
1.460000000000001019e-01
1.470000000000001028e-01
1.480000000000001037e-01
1.490000000000001046e-01
1.500000000000001055e-01
1.510000000000001064e-01
1.520000000000001072e-01
1.530000000000001081e-01
1.540000000000001090e-01
1.550000000000001099e-01
1.560000000000001108e-01
1.570000000000001117e-01
1.580000000000001126e-01
1.590000000000001135e-01
1.600000000000001144e-01
1.610000000000001152e-01
1.620000000000001161e-01
1.630000000000001170e-01
1.640000000000001179e-01
1.650000000000001188e-01
1.660000000000001197e-01
1.670000000000001206e-01
1.680000000000001215e-01
1.690000000000001223e-01
1.700000000000001232e-01
1.710000000000001241e-01
1.720000000000001250e-01
1.730000000000001259e-01
1.740000000000001268e-01
1.750000000000001277e-01
1.760000000000001286e-01
1.770000000000001295e-01
1.780000000000001303e-01
1.790000000000001312e-01
1.800000000000001321e-01
1.810000000000001330e-01
1.820000000000001339e-01
1.830000000000001348e-01
1.840000000000001357e-01
1.850000000000001366e-01
1.860000000000001374e-01
1.870000000000001383e-01
1.880000000000001392e-01
1.890000000000001401e-01
1.900000000000001410e-01
1.910000000000001419e-01
1.920000000000001428e-01
1.930000000000001437e-01
1.940000000000001446e-01
1.950000000000001454e-01
1.960000000000001463e-01
1.970000000000001472e-01
1.980000000000001481e-01
1.990000000000001490e-01
2.000000000000001499e-01
2.010000000000001508e-01
2.020000000000001517e-01
1.400000000000001243e-02
1.500000000000001332e-02
1.600000000000001421e-02
1.700000000000001510e-02
1.800000000000001599e-02
1.900000000000001688e-02
2.000000000000001776e-02
2.100000000000001865e-02
2.200000000000001954e-02
2.300000000000002043e-02
2.399999999999999356e-02
2.499999999999999445e-02
2.599999999999999534e-02
2.699999999999999623e-02
2.799999999999999711e-02
2.899999999999999800e-02
2.999999999999999889e-02
3.099999999999999978e-02
3.200000000000000067e-02
3.300000000000000155e-02
3.400000000000000244e-02
3.500000000000000333e-02
3.600000000000000422e-02
3.700000000000000511e-02
3.800000000000000600e-02
3.900000000000000688e-02
4.000000000000000777e-02
4.100000000000000866e-02
4.200000000000000955e-02
4.300000000000001044e-02
4.400000000000001132e-02
4.500000000000001221e-02
4.600000000000001310e-02
4.700000000000001399e-02
4.800000000000001488e-02
4.900000000000001577e-02
5.000000000000001665e-02
5.100000000000001754e-02
5.200000000000001843e-02
5.300000000000001932e-02
5.400000000000002021e-02
5.500000000000002109e-02
5.600000000000002198e-02
5.700000000000002287e-02
5.800000000000002376e-02
5.900000000000002465e-02
6.000000000000002554e-02
6.100000000000002642e-02
6.200000000000002731e-02
6.300000000000002820e-02
6.400000000000002909e-02
6.500000000000002998e-02
6.600000000000003086e-02
6.700000000000003175e-02
6.800000000000003264e-02
6.900000000000003353e-02
7.000000000000003442e-02
7.100000000000003531e-02
7.200000000000003619e-02
7.300000000000003708e-02
7.400000000000003797e-02
7.500000000000003886e-02
7.600000000000003975e-02
7.700000000000004063e-02
7.800000000000004152e-02
7.900000000000004241e-02
8.000000000000004330e-02
8.100000000000004419e-02
8.200000000000004508e-02
8.300000000000004596e-02
8.400000000000004685e-02
8.500000000000004774e-02
8.600000000000004863e-02
8.700000000000004952e-02
8.800000000000005040e-02
8.900000000000005129e-02
9.000000000000005218e-02
9.100000000000005307e-02
9.200000000000005396e-02
9.300000000000005485e-02
9.400000000000005573e-02
9.500000000000005662e-02
9.600000000000005751e-02
9.700000000000005840e-02
9.800000000000005929e-02
9.900000000000006017e-02
1.000000000000000611e-01
1.010000000000000620e-01
1.020000000000000628e-01
1.030000000000000637e-01
1.040000000000000646e-01
1.050000000000000655e-01
1.060000000000000664e-01
1.070000000000000673e-01
1.080000000000000682e-01
1.090000000000000691e-01
1.100000000000000699e-01
1.110000000000000708e-01
1.120000000000000717e-01
1.130000000000000726e-01
1.140000000000000735e-01
1.150000000000000744e-01
1.160000000000000753e-01
1.170000000000000762e-01
1.180000000000000770e-01
1.190000000000000779e-01
1.200000000000000788e-01
1.210000000000000797e-01
1.220000000000000806e-01
1.230000000000000815e-01
1.240000000000000824e-01
1.250000000000000833e-01
1.260000000000000842e-01
1.270000000000000850e-01
1.280000000000000859e-01
1.290000000000000868e-01
1.300000000000000877e-01
1.310000000000000886e-01
1.320000000000000895e-01
1.330000000000000904e-01
1.340000000000000913e-01
1.350000000000000921e-01
1.360000000000000930e-01
1.370000000000000939e-01
1.380000000000000948e-01
1.390000000000000957e-01
1.400000000000000966e-01
1.410000000000000975e-01
1.420000000000000984e-01
1.430000000000000993e-01
1.440000000000001001e-01
1.450000000000001010e-01
1.460000000000001019e-01
1.470000000000001028e-01
1.480000000000001037e-01
1.490000000000001046e-01
1.500000000000001055e-01
1.510000000000001064e-01
1.520000000000001072e-01
1.530000000000001081e-01
1.540000000000001090e-01
1.550000000000001099e-01
1.560000000000001108e-01
1.570000000000001117e-01
1.580000000000001126e-01
1.590000000000001135e-01
1.600000000000001144e-01
1.610000000000001152e-01
1.620000000000001161e-01
1.630000000000001170e-01
1.640000000000001179e-01
1.650000000000001188e-01
1.660000000000001197e-01
1.670000000000001206e-01
1.680000000000001215e-01
1.690000000000001223e-01
1.700000000000001232e-01
1.710000000000001241e-01
1.720000000000001250e-01
1.730000000000001259e-01
1.740000000000001268e-01
1.750000000000001277e-01
1.760000000000001286e-01
1.770000000000001295e-01
1.780000000000001303e-01
1.790000000000001312e-01
1.800000000000001321e-01
1.810000000000001330e-01
1.820000000000001339e-01
1.830000000000001348e-01
1.840000000000001357e-01
1.850000000000001366e-01
1.860000000000001374e-01
1.870000000000001383e-01
1.880000000000001392e-01
1.890000000000001401e-01
1.900000000000001410e-01
1.910000000000001419e-01
1.920000000000001428e-01
1.930000000000001437e-01
1.940000000000001446e-01
1.950000000000001454e-01
1.960000000000001463e-01
1.970000000000001472e-01
1.980000000000001481e-01
1.990000000000001490e-01
2.000000000000001499e-01
2.010000000000001508e-01
2.020000000000001517e-01
2.030000000000001525e-01
1.700000000000001510e-02
1.800000000000001599e-02
1.900000000000001688e-02
2.000000000000001776e-02
2.100000000000001865e-02
2.200000000000001954e-02
2.300000000000002043e-02
2.400000000000002132e-02
2.500000000000002220e-02
2.600000000000002309e-02
2.700000000000002398e-02
2.800000000000002487e-02
2.900000000000002576e-02
3.000000000000002665e-02
3.100000000000002753e-02
3.200000000000002842e-02
3.300000000000002931e-02
3.400000000000003020e-02
3.500000000000003109e-02
3.600000000000003197e-02
3.700000000000003286e-02
3.800000000000003375e-02
3.900000000000003464e-02
4.000000000000003553e-02
4.100000000000003642e-02
4.200000000000003730e-02
4.300000000000003819e-02
4.400000000000003908e-02
4.500000000000003997e-02
4.600000000000004086e-02
4.700000000000004174e-02
4.800000000000004263e-02
4.899999999999998801e-02
4.999999999999998890e-02
5.099999999999998979e-02
5.199999999999999067e-02
5.299999999999999156e-02
5.399999999999999245e-02
5.499999999999999334e-02
5.599999999999999423e-02
5.699999999999999512e-02
5.799999999999999600e-02
5.899999999999999689e-02
5.999999999999999778e-02
6.099999999999999867e-02
6.199999999999999956e-02
6.300000000000000044e-02
6.400000000000000133e-02
6.500000000000000222e-02
6.600000000000000311e-02
6.700000000000000400e-02
6.800000000000000488e-02
6.900000000000000577e-02
7.000000000000000666e-02
7.100000000000000755e-02
7.200000000000000844e-02
7.300000000000000933e-02
7.400000000000001021e-02
7.500000000000001110e-02
7.600000000000001199e-02
7.700000000000001288e-02
7.800000000000001377e-02
7.900000000000001465e-02
8.000000000000001554e-02
8.100000000000001643e-02
8.200000000000001732e-02
8.300000000000001821e-02
8.400000000000001910e-02
8.500000000000001998e-02
8.600000000000002087e-02
8.700000000000002176e-02
8.800000000000002265e-02
8.900000000000002354e-02
9.000000000000002442e-02
9.100000000000002531e-02
9.200000000000002620e-02
9.300000000000002709e-02
9.400000000000002798e-02
9.500000000000002887e-02
9.600000000000002975e-02
9.700000000000003064e-02
9.800000000000003153e-02
9.900000000000003242e-02
1.000000000000000333e-01
1.010000000000000342e-01
1.020000000000000351e-01
1.030000000000000360e-01
1.040000000000000369e-01
1.050000000000000377e-01
1.060000000000000386e-01
1.070000000000000395e-01
1.080000000000000404e-01
1.090000000000000413e-01
1.100000000000000422e-01
1.110000000000000431e-01
1.120000000000000440e-01
1.130000000000000449e-01
1.140000000000000457e-01
1.150000000000000466e-01
1.160000000000000475e-01
1.170000000000000484e-01
1.180000000000000493e-01
1.190000000000000502e-01
1.200000000000000511e-01
1.210000000000000520e-01
1.220000000000000528e-01
1.230000000000000537e-01
1.240000000000000546e-01
1.250000000000000555e-01
1.260000000000000564e-01
1.270000000000000573e-01
1.280000000000000582e-01
1.290000000000000591e-01
1.300000000000000600e-01
1.310000000000000608e-01
1.320000000000000617e-01
1.330000000000000626e-01
1.340000000000000635e-01
1.350000000000000644e-01
1.360000000000000653e-01
1.370000000000000662e-01
1.380000000000000671e-01
1.390000000000000679e-01
1.400000000000000688e-01
1.410000000000000697e-01
1.420000000000000706e-01
1.430000000000000715e-01
1.440000000000000724e-01
1.450000000000000733e-01
1.460000000000000742e-01
1.470000000000000751e-01
1.480000000000000759e-01
1.490000000000000768e-01
1.500000000000000777e-01
1.510000000000000786e-01
1.520000000000000795e-01
1.530000000000000804e-01
1.540000000000000813e-01
1.550000000000000822e-01
1.560000000000000830e-01
1.570000000000000839e-01
1.580000000000000848e-01
1.590000000000000857e-01
1.600000000000000866e-01
1.610000000000000875e-01
1.620000000000000884e-01
1.630000000000000893e-01
1.640000000000000902e-01
1.650000000000000910e-01
1.660000000000000919e-01
1.670000000000000928e-01
1.680000000000000937e-01
1.690000000000000946e-01
1.700000000000000955e-01
1.710000000000000964e-01
1.720000000000000973e-01
1.730000000000000981e-01
1.740000000000000990e-01
1.750000000000000999e-01
1.760000000000001008e-01
1.770000000000001017e-01
1.780000000000001026e-01
1.790000000000001035e-01
1.800000000000001044e-01
1.810000000000001052e-01
1.820000000000001061e-01
1.830000000000001070e-01
1.840000000000001079e-01
1.850000000000001088e-01
1.860000000000001097e-01
1.870000000000001106e-01
1.880000000000001115e-01
1.890000000000001124e-01
1.900000000000001132e-01
1.910000000000001141e-01
1.920000000000001150e-01
1.930000000000001159e-01
1.940000000000001168e-01
1.950000000000001177e-01
1.960000000000001186e-01
1.970000000000001195e-01
1.980000000000001203e-01
1.990000000000001212e-01
2.000000000000001221e-01
2.010000000000001230e-01
1.500000000000001332e-02
1.600000000000001421e-02
1.700000000000001510e-02
1.800000000000001599e-02
1.900000000000001688e-02
2.000000000000001776e-02
2.100000000000001865e-02
2.200000000000001954e-02
2.300000000000002043e-02
2.400000000000002132e-02
2.500000000000002220e-02
2.600000000000002309e-02
2.700000000000002398e-02
2.800000000000002487e-02
2.900000000000002576e-02
3.000000000000002665e-02
3.100000000000002753e-02
3.200000000000002842e-02
3.300000000000002931e-02
3.400000000000003020e-02
3.500000000000003109e-02
3.600000000000003197e-02
3.700000000000003286e-02
3.800000000000003375e-02
3.900000000000003464e-02
4.000000000000003553e-02
4.100000000000003642e-02
4.200000000000003730e-02
4.300000000000003819e-02
4.400000000000003908e-02
4.500000000000003997e-02
4.600000000000004086e-02
4.700000000000004174e-02
4.800000000000004263e-02
4.900000000000004352e-02
5.000000000000004441e-02
5.100000000000004530e-02
5.200000000000004619e-02
5.300000000000004707e-02
5.400000000000004796e-02
5.500000000000004885e-02
5.600000000000004974e-02
5.700000000000005063e-02
5.800000000000005151e-02
5.900000000000005240e-02
6.000000000000005329e-02
6.100000000000005418e-02
6.200000000000005507e-02
6.300000000000005596e-02
6.400000000000005684e-02
6.500000000000005773e-02
6.600000000000005862e-02
6.700000000000005951e-02
6.800000000000006040e-02
6.900000000000006128e-02
7.000000000000006217e-02
7.100000000000006306e-02
7.200000000000006395e-02
7.300000000000006484e-02
7.400000000000006573e-02
7.500000000000006661e-02
7.600000000000006750e-02
7.700000000000006839e-02
7.800000000000006928e-02
7.900000000000007017e-02
8.000000000000007105e-02
8.100000000000007194e-02
8.200000000000007283e-02
8.300000000000007372e-02
8.400000000000007461e-02
8.500000000000007550e-02
8.600000000000007638e-02
8.700000000000007727e-02
8.800000000000007816e-02
8.900000000000007905e-02
9.000000000000007994e-02
9.100000000000008082e-02
9.200000000000008171e-02
9.300000000000008260e-02
9.400000000000008349e-02
9.500000000000008438e-02
9.600000000000008527e-02
9.700000000000008615e-02
9.800000000000008704e-02
9.900000000000008793e-02
1.000000000000000888e-01
1.010000000000000897e-01
1.020000000000000906e-01
1.030000000000000915e-01
1.040000000000000924e-01
1.050000000000000933e-01
1.060000000000000941e-01
1.070000000000000950e-01
1.080000000000000959e-01
1.090000000000000968e-01
1.100000000000000977e-01
1.110000000000000986e-01
1.120000000000000995e-01
1.130000000000001004e-01
1.140000000000001013e-01
1.150000000000001021e-01
1.160000000000001030e-01
1.170000000000001039e-01
1.180000000000001048e-01
1.190000000000001057e-01
1.200000000000001066e-01
1.210000000000001075e-01
1.220000000000001084e-01
1.230000000000001092e-01
1.240000000000001101e-01
1.250000000000001110e-01
1.260000000000001119e-01
1.270000000000001128e-01
1.280000000000001137e-01
1.290000000000001146e-01
1.300000000000001155e-01
1.310000000000001164e-01
1.320000000000001172e-01
1.330000000000001181e-01
1.340000000000001190e-01
1.350000000000001199e-01
1.360000000000001208e-01
1.370000000000001217e-01
1.380000000000001226e-01
1.390000000000001235e-01
1.400000000000001243e-01
1.410000000000001252e-01
1.420000000000001261e-01
1.430000000000001270e-01
1.440000000000001279e-01
1.450000000000001288e-01
1.460000000000001297e-01
1.470000000000001306e-01
1.480000000000001315e-01
1.490000000000001323e-01
1.500000000000001332e-01
1.510000000000001341e-01
1.520000000000001350e-01
1.530000000000001359e-01
1.540000000000001368e-01
1.550000000000001377e-01
1.560000000000001386e-01
1.570000000000001394e-01
1.580000000000001403e-01
1.590000000000001412e-01
1.600000000000001421e-01
1.610000000000001430e-01
1.620000000000001439e-01
1.630000000000001448e-01
1.640000000000001457e-01
1.650000000000001465e-01
1.660000000000001474e-01
1.670000000000001483e-01
1.680000000000001492e-01
1.690000000000001501e-01
1.700000000000001510e-01
1.710000000000001519e-01
1.720000000000001528e-01
1.730000000000001537e-01
1.740000000000001545e-01
1.750000000000001554e-01
1.760000000000001563e-01
1.770000000000001572e-01
1.780000000000001581e-01
1.790000000000001590e-01
1.800000000000001599e-01
1.810000000000001608e-01
1.820000000000001616e-01
1.830000000000001625e-01
1.840000000000001634e-01
1.850000000000001643e-01
1.860000000000001652e-01
1.870000000000001661e-01
1.880000000000001670e-01
1.890000000000001679e-01
1.900000000000001688e-01
1.910000000000001696e-01
1.920000000000001705e-01
1.930000000000001714e-01
1.940000000000001723e-01
1.950000000000001732e-01
1.960000000000001741e-01
1.970000000000001750e-01
1.980000000000001759e-01
1.990000000000001767e-01
2.000000000000001776e-01
2.010000000000001785e-01
2.020000000000001794e-01
1.400000000000001243e-02
1.500000000000001332e-02
1.600000000000001421e-02
1.700000000000001510e-02
1.800000000000001599e-02
1.900000000000001688e-02
2.000000000000001776e-02
2.100000000000001865e-02
2.200000000000001954e-02
2.300000000000002043e-02
2.400000000000002132e-02
2.500000000000002220e-02
2.600000000000002309e-02
2.700000000000002398e-02
2.800000000000002487e-02
2.900000000000002576e-02
3.000000000000002665e-02
3.100000000000002753e-02
3.200000000000002842e-02
3.300000000000002931e-02
3.400000000000003020e-02
3.500000000000003109e-02
3.600000000000003197e-02
3.700000000000003286e-02
3.800000000000003375e-02
3.900000000000003464e-02
4.000000000000003553e-02
4.100000000000003642e-02
4.200000000000003730e-02
4.300000000000003819e-02
4.400000000000003908e-02
4.500000000000003997e-02
4.600000000000004086e-02
4.700000000000004174e-02
4.800000000000004263e-02
4.900000000000004352e-02
5.000000000000004441e-02
5.100000000000004530e-02
5.200000000000004619e-02
5.300000000000004707e-02
5.400000000000004796e-02
5.500000000000004885e-02
5.600000000000004974e-02
5.700000000000005063e-02
5.800000000000005151e-02
5.900000000000005240e-02
6.000000000000005329e-02
6.100000000000005418e-02
6.200000000000005507e-02
6.300000000000005596e-02
6.400000000000005684e-02
6.500000000000005773e-02
6.600000000000005862e-02
6.700000000000005951e-02
6.800000000000006040e-02
6.900000000000006128e-02
7.000000000000006217e-02
7.100000000000006306e-02
7.200000000000006395e-02
7.300000000000006484e-02
7.400000000000006573e-02
7.500000000000006661e-02
7.600000000000006750e-02
7.700000000000006839e-02
7.800000000000006928e-02
7.900000000000007017e-02
8.000000000000007105e-02
8.100000000000007194e-02
8.200000000000007283e-02
8.300000000000007372e-02
8.400000000000007461e-02
8.500000000000007550e-02
8.600000000000007638e-02
8.700000000000007727e-02
8.800000000000007816e-02
8.900000000000007905e-02
9.000000000000007994e-02
9.100000000000008082e-02
9.200000000000008171e-02
9.300000000000008260e-02
9.400000000000008349e-02
9.500000000000008438e-02
9.600000000000008527e-02
9.700000000000008615e-02
9.800000000000008704e-02
9.899999999999997691e-02
9.999999999999986677e-02
1.009999999999997566e-01
1.019999999999996465e-01
1.029999999999995364e-01
1.039999999999994262e-01
1.049999999999993161e-01
1.059999999999992060e-01
1.069999999999990958e-01
1.079999999999989857e-01
1.089999999999988756e-01
1.099999999999987654e-01
1.109999999999986553e-01
1.119999999999985452e-01
1.129999999999984350e-01
1.139999999999983249e-01
1.149999999999982148e-01
1.159999999999981046e-01
1.169999999999979945e-01
1.179999999999978844e-01
1.189999999999977742e-01
1.199999999999976641e-01
1.209999999999975540e-01
1.219999999999974438e-01
1.229999999999973337e-01
1.239999999999972236e-01
1.249999999999971134e-01
1.259999999999970033e-01
1.269999999999968932e-01
1.279999999999967830e-01
1.289999999999966729e-01
1.299999999999965627e-01
1.309999999999964526e-01
1.319999999999963425e-01
1.329999999999962323e-01
1.339999999999961222e-01
1.349999999999960121e-01
1.359999999999959019e-01
1.369999999999957918e-01
1.379999999999956817e-01
1.389999999999955715e-01
1.399999999999954614e-01
1.409999999999953513e-01
1.419999999999952411e-01
1.429999999999951310e-01
1.439999999999950209e-01
1.449999999999949107e-01
1.459999999999948006e-01
1.469999999999946905e-01
1.479999999999945803e-01
1.489999999999944702e-01
1.499999999999943601e-01
1.509999999999942499e-01
1.519999999999941398e-01
1.529999999999940297e-01
1.539999999999939195e-01
1.549999999999938094e-01
1.559999999999936993e-01
1.569999999999935891e-01
1.579999999999934790e-01
1.589999999999933689e-01
1.599999999999932587e-01
1.609999999999931486e-01
1.619999999999930385e-01
1.629999999999929283e-01
1.639999999999928182e-01
1.649999999999927081e-01
1.659999999999925979e-01
1.669999999999924878e-01
1.679999999999923777e-01
1.689999999999922675e-01
1.699999999999921574e-01
1.709999999999920473e-01
1.719999999999919371e-01
1.729999999999918270e-01
1.739999999999917168e-01
1.749999999999916067e-01
1.759999999999914966e-01
1.769999999999913864e-01
1.779999999999912763e-01
1.789999999999911662e-01
1.799999999999910560e-01
1.809999999999909459e-01
1.819999999999908358e-01
1.829999999999907256e-01
1.839999999999906155e-01
1.849999999999905054e-01
1.859999999999903952e-01
1.869999999999902851e-01
1.879999999999901750e-01
1.889999999999900648e-01
1.899999999999899547e-01
1.909999999999898446e-01
1.919999999999897344e-01
1.929999999999896243e-01
1.939999999999895142e-01
1.949999999999894040e-01
1.959999999999892939e-01
1.969999999999891838e-01
1.979999999999890736e-01
1.989999999999889635e-01
1.999999999999888534e-01
2.009999999999887432e-01
2.019999999999886331e-01
1.199999999999867839e-02
1.299999999999856826e-02
1.399999999999845812e-02
1.499999999999834799e-02
1.599999999999823785e-02
1.699999999999812772e-02
1.799999999999801759e-02
1.899999999999790745e-02
1.999999999999779732e-02
2.099999999999768718e-02
2.199999999999757705e-02
2.299999999999746692e-02
2.399999999999735678e-02
2.499999999999724665e-02
2.599999999999713651e-02
2.699999999999702638e-02
2.799999999999691624e-02
2.899999999999680611e-02
2.999999999999669598e-02
3.099999999999658584e-02
3.199999999999647571e-02
3.299999999999636557e-02
3.399999999999625544e-02
3.499999999999614531e-02
3.599999999999603517e-02
3.699999999999592504e-02
3.799999999999581490e-02
3.899999999999570477e-02
3.999999999999559464e-02
4.099999999999548450e-02
4.199999999999537437e-02
4.299999999999526423e-02
4.399999999999515410e-02
4.499999999999504396e-02
4.599999999999493383e-02
4.699999999999482370e-02
4.799999999999471356e-02
4.899999999999460343e-02
4.999999999999449329e-02
5.099999999999438316e-02
5.199999999999427303e-02
5.299999999999416289e-02
5.399999999999405276e-02
5.499999999999394262e-02
5.599999999999383249e-02
5.699999999999372235e-02
5.799999999999361222e-02
5.899999999999350209e-02
5.999999999999339195e-02
6.099999999999328182e-02
6.199999999999317168e-02
6.299999999999306155e-02
6.399999999999295142e-02
6.499999999999284128e-02
6.599999999999273115e-02
6.699999999999262101e-02
6.799999999999251088e-02
6.899999999999240075e-02
6.999999999999229061e-02
7.099999999999218048e-02
7.199999999999207034e-02
7.299999999999196021e-02
7.399999999999185007e-02
7.499999999999173994e-02
7.599999999999162981e-02
7.699999999999151967e-02
7.799999999999140954e-02
7.899999999999129940e-02
7.999999999999118927e-02
8.099999999999107914e-02
8.199999999999096900e-02
8.299999999999085887e-02
8.399999999999074873e-02
8.499999999999063860e-02
8.599999999999052847e-02
8.699999999999041833e-02
8.799999999999030820e-02
8.899999999999019806e-02
8.999999999999008793e-02
9.099999999998997779e-02
9.199999999998986766e-02
9.299999999998975753e-02
9.399999999998964739e-02
9.499999999998953726e-02
9.599999999998942712e-02
9.699999999998931699e-02
9.799999999998920686e-02
9.899999999998909672e-02
9.999999999998898659e-02
1.009999999999888765e-01
1.019999999999887663e-01
1.029999999999886562e-01
1.039999999999885461e-01
1.049999999999884359e-01
1.059999999999883258e-01
1.069999999999882156e-01
1.079999999999881055e-01
1.089999999999879954e-01
1.099999999999878852e-01
1.109999999999877751e-01
1.119999999999876650e-01
1.129999999999875548e-01
1.139999999999874447e-01
1.149999999999873346e-01
1.159999999999872244e-01
1.169999999999871143e-01
1.179999999999870042e-01
1.189999999999868940e-01
1.199999999999867839e-01
1.209999999999866738e-01
1.219999999999865636e-01
1.229999999999864535e-01
1.239999999999863434e-01
1.249999999999862332e-01
1.259999999999861231e-01
1.269999999999860130e-01
1.279999999999859028e-01
1.289999999999857927e-01
1.299999999999856826e-01
1.309999999999855724e-01
1.319999999999854623e-01
1.329999999999853522e-01
1.339999999999852420e-01
1.349999999999851319e-01
1.359999999999850218e-01
1.369999999999849116e-01
1.379999999999848015e-01
1.389999999999846914e-01
1.399999999999845812e-01
1.409999999999844711e-01
1.419999999999843610e-01
1.429999999999842508e-01
1.439999999999841407e-01
1.449999999999840306e-01
1.459999999999839204e-01
1.469999999999838103e-01
1.479999999999837001e-01
1.489999999999835900e-01
1.499999999999834799e-01
1.509999999999833697e-01
1.519999999999832596e-01
1.529999999999831495e-01
1.539999999999830393e-01
1.549999999999829292e-01
1.559999999999828191e-01
1.569999999999827089e-01
1.579999999999825988e-01
1.589999999999824887e-01
1.599999999999823785e-01
1.609999999999822684e-01
1.619999999999821583e-01
1.629999999999820481e-01
1.639999999999819380e-01
1.649999999999818279e-01
1.659999999999817177e-01
1.669999999999816076e-01
1.679999999999814975e-01
1.689999999999813873e-01
1.699999999999812772e-01
1.709999999999811671e-01
1.719999999999810569e-01
1.729999999999809468e-01
1.739999999999808367e-01
1.749999999999807265e-01
1.759999999999806164e-01
1.769999999999805063e-01
1.779999999999803961e-01
1.789999999999802860e-01
1.799999999999801759e-01
1.809999999999800657e-01
1.819999999999799556e-01
1.829999999999798455e-01
1.839999999999797353e-01
1.849999999999796252e-01
1.859999999999795151e-01
1.869999999999794049e-01
1.879999999999792948e-01
1.889999999999791847e-01
1.899999999999790745e-01
1.909999999999789644e-01
1.919999999999788542e-01
1.929999999999787441e-01
1.939999999999786340e-01
1.949999999999785238e-01
1.959999999999784137e-01
1.969999999999783036e-01
1.979999999999781934e-01
1.989999999999780833e-01
1.999999999999779732e-01
2.009999999999778630e-01
2.019999999999777529e-01
1.499999999999834799e-02
1.599999999999823785e-02
1.699999999999812772e-02
1.799999999999801759e-02
1.899999999999790745e-02
1.999999999999779732e-02
2.099999999999768718e-02
2.199999999999757705e-02
2.299999999999746692e-02
2.399999999999735678e-02
2.499999999999724665e-02
2.599999999999713651e-02
2.699999999999702638e-02
2.799999999999691624e-02
2.899999999999680611e-02
2.999999999999669598e-02
3.099999999999658584e-02
3.199999999999647571e-02
3.299999999999636557e-02
3.399999999999625544e-02
3.499999999999614531e-02
3.599999999999603517e-02
3.699999999999592504e-02
3.799999999999581490e-02
3.899999999999570477e-02
3.999999999999559464e-02
4.099999999999548450e-02
4.199999999999537437e-02
4.299999999999526423e-02
4.399999999999515410e-02
4.499999999999504396e-02
4.599999999999493383e-02
4.699999999999482370e-02
4.799999999999471356e-02
4.899999999999460343e-02
4.999999999999449329e-02
5.099999999999438316e-02
5.199999999999427303e-02
5.299999999999416289e-02
5.399999999999405276e-02
5.499999999999394262e-02
5.599999999999383249e-02
5.699999999999372235e-02
5.799999999999361222e-02
5.899999999999350209e-02
5.999999999999339195e-02
6.099999999999328182e-02
6.199999999999317168e-02
6.299999999999306155e-02
6.399999999999295142e-02
6.499999999999284128e-02
6.599999999999273115e-02
6.699999999999262101e-02
6.799999999999251088e-02
6.899999999999240075e-02
6.999999999999229061e-02
7.099999999999218048e-02
7.199999999999207034e-02
7.299999999999196021e-02
7.399999999999185007e-02
7.499999999999173994e-02
7.599999999999162981e-02
7.699999999999151967e-02
7.799999999999140954e-02
7.899999999999129940e-02
7.999999999999118927e-02
8.099999999999107914e-02
8.199999999999096900e-02
8.299999999999085887e-02
8.399999999999074873e-02
8.499999999999063860e-02
8.599999999999052847e-02
8.699999999999041833e-02
8.799999999999030820e-02
8.899999999999019806e-02
8.999999999999008793e-02
9.099999999998997779e-02
9.199999999998986766e-02
9.299999999998975753e-02
9.399999999998964739e-02
9.499999999998953726e-02
9.599999999998942712e-02
9.699999999998931699e-02
9.799999999998920686e-02
9.899999999998909672e-02
9.999999999998898659e-02
1.009999999999888765e-01
1.019999999999887663e-01
1.029999999999886562e-01
1.039999999999885461e-01
1.049999999999884359e-01
1.059999999999883258e-01
1.069999999999882156e-01
1.079999999999881055e-01
1.089999999999879954e-01
1.099999999999878852e-01
1.109999999999877751e-01
1.119999999999876650e-01
1.129999999999875548e-01
1.139999999999874447e-01
1.149999999999873346e-01
1.159999999999872244e-01
1.169999999999871143e-01
1.179999999999870042e-01
1.189999999999868940e-01
1.199999999999867839e-01
1.209999999999866738e-01
1.219999999999865636e-01
1.229999999999864535e-01
1.239999999999863434e-01
1.249999999999862332e-01
1.259999999999861231e-01
1.269999999999860130e-01
1.279999999999859028e-01
1.289999999999857927e-01
1.299999999999856826e-01
1.309999999999855724e-01
1.319999999999854623e-01
1.329999999999853522e-01
1.339999999999852420e-01
1.349999999999851319e-01
1.359999999999850218e-01
1.369999999999849116e-01
1.379999999999848015e-01
1.389999999999846914e-01
1.399999999999845812e-01
1.409999999999844711e-01
1.419999999999843610e-01
1.429999999999842508e-01
1.439999999999841407e-01
1.449999999999840306e-01
1.459999999999839204e-01
