8.790476513857302387e-02
8.804450274679491428e-02
8.813061437921820840e-02
8.818140352263328929e-02
8.819484512482500538e-02
8.819317052908970389e-02
8.817578043814718047e-02
8.814033322766275103e-02
8.808515395114954738e-02
8.800918441205625442e-02
8.792143676008074005e-02
8.782671441228397102e-02
8.772086494030682802e-02
8.760127982318520468e-02
8.746633826633345987e-02
8.731506488793064347e-02
8.714689967344527166e-02
8.696156311766396751e-02
8.675895961211446683e-02
8.653912203410542292e-02
8.630898386708427128e-02
8.607240414395199435e-02
8.582688591512119269e-02
8.557093914123410638e-02
8.530372851074165264e-02
8.502483393407463119e-02
8.473410608608382411e-02
8.443157490091311723e-02
8.411739005467115671e-02
8.379178145393624544e-02
8.346171441624082588e-02
8.313101849111222130e-02
8.279724962153414691e-02
8.245897690474747466e-02
8.211541153666541970e-02
8.176617383244412507e-02
8.141114459539457171e-02
8.105036981680703578e-02
8.068400445230582141e-02
8.031227086152728512e-02
7.994177912797410801e-02
7.957608011157488170e-02
7.921274250030170549e-02
7.885031720618955464e-02
7.848797513206175192e-02
7.812527819573213128e-02
7.776203454140835636e-02
7.739820690992882390e-02
7.703385459787225054e-02
7.666909664929823232e-02
7.630999713816530305e-02
7.595971883220144216e-02
7.561583625674646314e-02
7.527685720465296382e-02
7.494187792017870109e-02
7.461036496158135467e-02
7.428201832208296274e-02
7.395668189633385070e-02
7.363429093984294460e-02
7.331483707597097332e-02
7.300379330924211541e-02
7.270393458033674872e-02
7.241286792498118075e-02
7.212907848392162424e-02
7.185160528056516727e-02
7.157983774071322025e-02
7.131338440989958005e-02
7.105199352268283530e-02
7.079550080385260680e-02
7.054379600626467517e-02
7.030182004199694856e-02
7.007202028111811365e-02
6.985208130986383934e-02
6.964050757080712806e-02
6.943632326533875909e-02
6.923888251648600833e-02
6.904774847417843864e-02
6.886261709334769165e-02
6.868326882905984032e-02
6.850953801202133708e-02
6.834593179760969917e-02
6.819465745154459912e-02
6.805351410541390922e-02
6.792106618109525207e-02
6.779636489915116804e-02
6.767877191495584588e-02
6.756784779763971849e-02
6.746327942479075912e-02
6.736483518491377664e-02
6.727233689099686165e-02
6.718996396519129333e-02
6.711976525697534168e-02
6.705967821656932948e-02
6.700835665216792192e-02
6.696491219730699163e-02
6.692875013768495585e-02
6.689946407929343863e-02
6.687676907434879359e-02
6.686045936059133166e-02
6.685038118621296210e-02
6.685048624792987171e-02
6.686274120106425189e-02
6.688524012021523912e-02
6.691675120938364585e-02
6.695647513480826318e-02
6.700389100505618756e-02
6.705865773589748946e-02
6.712055186748575042e-02
6.718942773432061422e-02
6.726519197719242615e-02
6.734553710145511907e-02
6.742926889961689541e-02
6.751736119049804585e-02
6.761044348446071384e-02
6.770892731745214999e-02
6.781308731779339682e-02
6.792311282717930498e-02
6.803914089730662973e-02
6.816127740474223207e-02
6.828961058458433986e-02
6.841898349701455717e-02
6.854673697268699739e-02
6.867521050345122557e-02
6.880592118727499318e-02
6.893986031111137835e-02
6.907768390509586021e-02
6.921983474392895408e-02
6.936662046842485829e-02
6.951826363229368644e-02
6.967493379104101880e-02
6.983463663663908028e-02
6.999636407302682606e-02
7.016113022193842808e-02
7.032961339610881157e-02
7.050227817746443360e-02
7.067945374052646279e-02
7.086138408359649032e-02
7.104826019385146463e-02
7.124024049573944584e-02
7.143746521781359216e-02
7.163784777501769341e-02
7.184032919250983584e-02
7.204596111734282160e-02
7.225545736236717309e-02
7.246931679197791965e-02
7.268790280811839033e-02
7.291149364828067303e-02
7.314031491280996444e-02
7.337456057502166062e-02
7.361440655897608099e-02
7.385769033547066875e-02
7.410331578710453726e-02
7.435240217672843543e-02
7.460572086636137190e-02
7.486382185091576547e-02
7.512711535711369404e-02
7.539592433088893042e-02
7.567051824421493211e-02
7.595113491837220121e-02
7.623799466225193722e-02
7.652883301600398036e-02
7.682250326887624103e-02
7.712021165301506664e-02
7.742280212181749943e-02
7.773088835213827485e-02
7.804493899385123168e-02
7.836533259539903151e-02
7.869239304964882609e-02
7.902641253102603291e-02
7.936766640403673800e-02
7.971376028994921203e-02
8.006348300091056802e-02
8.041815020343250076e-02
8.077869697543799132e-02
8.114581685575834868e-02
8.152005178833857113e-02
8.190185017979231819e-02
8.229160445130095924e-02
8.268967541013544365e-02
8.309640815492357058e-02
8.350998343929279255e-02
8.392951407300006106e-02
8.435615526007812781e-02
8.479076680341382510e-02
8.523402271136033825e-02
8.568648233531959979e-02
8.614863645750507615e-02
8.662093725960190449e-02
8.710381792667189205e-02
8.759770559410788582e-02
8.810067729269877024e-02
8.861180485517046457e-02
8.913238271991448525e-02
8.966339792898511685e-02
9.020564543470098451e-02
9.075980312725898114e-02
9.132648060732437290e-02
9.190625104824635960e-02
9.249967217789788199e-02
9.310730027121473518e-02
9.372709398735964981e-02
9.435808639042048140e-02
9.500176693094844471e-02
9.565930087421085914e-02
9.633165281796021717e-02
9.701966730787858761e-02
9.772412146208360462e-02
9.844575955197069905e-02
9.918531596830279518e-02
9.994353072781032854e-02
1.007182243802289545e-01
1.015083967453102726e-01
1.023158101276701176e-01
1.031418817348426220e-01
1.039878181308924038e-01
1.048547033187718774e-01
1.057435565426494695e-01
1.066553705568890897e-01
1.075911373191749953e-01
1.085518656129386694e-01
1.095448787048150519e-01
1.105753655793329238e-01
1.116428600618659117e-01
1.127476653671046491e-01
1.138906194009296768e-01
1.150729454137986718e-01
