5.621633093832824057e-01
5.627652436030695648e-01
5.632119262601933407e-01
5.634405824377584082e-01
5.634522312865583027e-01
5.632688317390326382e-01
5.629229908246413672e-01
5.624472918105598573e-01
5.618632072220504092e-01
5.611894285367593493e-01
5.604422434243980788e-01
5.596357734490672309e-01
5.587825375409359863e-01
5.578934961238422030e-01
5.569781962244784168e-01
5.560451112905908655e-01
5.550499580251905263e-01
5.540606919336723557e-01
5.530792813526037577e-01
5.521079706155768152e-01
5.511478756691171599e-01
5.502016647007483829e-01
5.492697308277854074e-01
5.483527291246949043e-01
5.474503704551547667e-01
5.465637372623535217e-01
5.455967697515651249e-01
5.446518081705497005e-01
5.437260753025545679e-01
5.428165784049980847e-01
5.419220484812465877e-01
5.410399281801144822e-01
5.401682732361063888e-01
5.393052356230707556e-01
5.384490510426928056e-01
5.375980331161347436e-01
5.366259959072777752e-01
5.356638497094461382e-01
5.347096038131404772e-01
5.337606219512468497e-01
5.328151108421923521e-01
5.318716035330084413e-01
5.309288892510342084e-01
5.299859654283491928e-01
5.290420040524548284e-01
5.280963272220643434e-01
5.270151295953119375e-01
5.259418808286843161e-01
5.248753887613737401e-01
5.238149727304589609e-01
5.227603203043122981e-01
5.217113734917587786e-01
5.206682527626365076e-01
5.196312053346565651e-01
5.186005691619229863e-01
5.175767471961991717e-01
5.164391767036912162e-01
5.153229106952810223e-01
5.142277990497713391e-01
5.131540118586336297e-01
5.121024130315007250e-01
5.110727728754459465e-01
5.100660803860628256e-01
5.090829455384983104e-01
5.081239656183876852e-01
5.071897078512963564e-01
5.061890847814494165e-01
5.052303041152024221e-01
5.043131947538489479e-01
5.034378147793234781e-01
5.026043298447472329e-01
5.018133815611829363e-01
5.010642872199537745e-01
5.003576340097730668e-01
4.996935012723390246e-01
4.990719040294794295e-01
4.984427394917299581e-01
4.978738438749855666e-01
4.973648604491917036e-01
4.969142747684083261e-01
4.965220699078513045e-01
4.961877449884354307e-01
4.959108852288031111e-01
4.956912506824114883e-01
4.955273045646820251e-01
4.954189700634275551e-01
4.953653464863378986e-01
4.953851873122853133e-01
4.954763668469435167e-01
4.956388650513057215e-01
4.958716519313573490e-01
4.961728691236841904e-01
4.965430596170942179e-01
4.969797276933247687e-01
4.974842312696966529e-01
4.980540420935837265e-01
4.987442699361296361e-01
4.995184621760432320e-01
5.003761838005763574e-01
5.013171573217296562e-01
5.023397193500462876e-01
5.034444543950092887e-01
5.046312000757904315e-01
5.058999532070711513e-01
5.072508597244006490e-01
5.086845575764994409e-01
5.101959200042681664e-01
5.117885193683863188e-01
5.134633221786258916e-01
5.152211547491712951e-01
5.170643713819311760e-01
5.189935386217467972e-01
5.210094331884688179e-01
5.231187273547063254e-01
5.253184843721571129e-01
5.276130260714498865e-01
5.298104678489362618e-01
5.320831395865548430e-01
5.344334799052783413e-01
5.368645073088975650e-01
5.393798871772101933e-01
5.419833347360457632e-01
5.447222812820760041e-01
5.475107831402474812e-01
5.504051784437177242e-01
5.534654496700206483e-01
5.563745212500930126e-01
5.593672478947427917e-01
5.624466568694060919e-01
5.656161350964327150e-01
5.688793607937756569e-01
5.722402318053784187e-01
5.757028211539585438e-01
5.792713508693042579e-01
5.829501782209310923e-01
5.867437904817505157e-01
5.903376068352199635e-01
5.940225515861159433e-01
5.978025395018775612e-01
6.016814538877144347e-01
6.056632051645008952e-01
6.097517393583100631e-01
6.139510490904133144e-01
6.182651863966356354e-01
6.226982769223681213e-01
6.272545351773510802e-01
6.315677863761594013e-01
6.359752873416477659e-01
6.404805895159750850e-01
6.450871048295283572e-01
6.497982130688071400e-01
6.546172988091402134e-01
6.595477817148167610e-01
6.645931424640483254e-01
6.697569457716020525e-01
6.750428614697006058e-01
6.800428642468129281e-01
6.851303948407996280e-01
6.903084248346411655e-01
6.955797386353514966e-01
7.009470712915469859e-01
7.064131613367479190e-01
7.119807898991287187e-01
7.176528107178132831e-01
7.234320212266498462e-01
7.293218013880531370e-01
7.348872541451996199e-01
7.405235526111688671e-01
7.462325240445385477e-01
7.520164623864025177e-01
7.578771873099690026e-01
7.638166434622457590e-01
7.698368130666323195e-01
7.759397419442218835e-01
7.821275554379654160e-01
7.884024701247543954e-01
7.943904507670694892e-01
8.004329256529709724e-01
8.065267898042562944e-01
8.126702675924623032e-01
8.188625510899965043e-01
8.251032722111750761e-01
8.313924881810903500e-01
8.377305140141261264e-01
8.441178489437664023e-01
8.505551234780627246e-01
8.566667259764966236e-01
8.627881659350022936e-01
8.689150888791672411e-01
8.750443722183989248e-01
8.811737102175257741e-01
8.873010963704034415e-01
8.934253477412369415e-01
8.995449323665475339e-01
9.056586274132489844e-01
9.117652246550889128e-01
9.175060639313126210e-01
9.231944840232242377e-01
9.288247798387809784e-01
9.047724762719038250e-01
9.052088201046494254e-01
9.055034476022354450e-01
9.056564285728329056e-01
9.056759904247594362e-01
9.055453823974408678e-01
9.052671948568272731e-01
9.048623453581184917e-01
9.043326419378225900e-01
9.036803209851560492e-01
9.029076214980045201e-01
9.020178103320064533e-01
9.010137110464381260e-01
8.998986430243866019e-01
8.986761033030037371e-01
8.973497367775018496e-01
8.958370279267879877e-01
8.942294036160212123e-01
8.925291228021441370e-01
8.907385405991263827e-01
8.888600684761158721e-01
8.868961385380496054e-01
8.848491761185153237e-01
8.827215783825999029e-01
8.805156973565739786e-01
8.782338263158976366e-01
8.756996043445107736e-01
8.730889306896145730e-01
8.704029639494814674e-01
8.676430486378138296e-01
8.648106057087954213e-01
8.619071191715030889e-01
8.589342747873391914e-01
8.558936554690136367e-01
8.527869135760772767e-01
8.496157399775297048e-01
8.461322979832681668e-01
8.425823096420403946e-01
8.389677581970416131e-01
8.352909936766201859e-01
8.315546599291478991e-01
8.277616281327733194e-01
8.239149513928702984e-01
8.200178326240306070e-01
8.160736006796110997e-01
8.120856914927451209e-01
8.077731349806588357e-01
8.034226775144004407e-01
7.990390234739173092e-01
7.946272475952953496e-01
7.901926197356012871e-01
7.857405415812710459e-01
7.812765973960760224e-01
7.768061938690591361e-01
7.723347951155423718e-01
7.678677718294077970e-01
7.631323813356571950e-01
7.584174619922159355e-01
7.537293173838834903e-01
7.490743507370138943e-01
7.444589244302265429e-01
7.398892421629308380e-01
7.353712707277392235e-01
7.309106881274129996e-01
7.265128495479773463e-01
7.221827657203401252e-01
7.176902153178301713e-01
7.132875253789487946e-01
7.089797131882038528e-01
7.047719393390476927e-01
7.006689011240860854e-01
6.966750906409215904e-01
6.927945955574816850e-01
6.890310834611788060e-01
6.853877984265357437e-01
6.818675287077162750e-01
6.783073899105851456e-01
6.748942301270377531e-01
6.716307040409487117e-01
6.685194232883042709e-01
6.655628083758005076e-01
6.627630164821165515e-01
6.601219087383372042e-01
6.576410430456112177e-01
6.553215955755310462e-01
6.531646990091289906e-01
6.510916235791954776e-01
6.492071734235682623e-01
6.475125601000764064e-01
6.460092001150219421e-01
6.446988030793752156e-01
6.435829365640401978e-01
6.426626125827398228e-01
6.419394849348234455e-01
6.414147727324145398e-01
6.410897497219441021e-01
6.409587851792950541e-01
6.410263582572744978e-01
6.412937637849240868e-01
6.417627460057611088e-01
6.424351483261685480e-01
6.433124498645742539e-01
6.443969106295539540e-01
6.456908081451078196e-01
6.471966482147909483e-01
6.489171863274376673e-01
6.507201152918622444e-01
6.527014865103913932e-01
6.548630303051662382e-01
6.572067947226950535e-01
6.597351573374249378e-01
6.624508252484684334e-01
6.653568365224640235e-01
6.684565635042896137e-01
6.717537181434418692e-01
6.752525971779821390e-01
6.787257115818052799e-01
6.823604512891867646e-01
6.861599073215161049e-01
6.901278876930474482e-01
6.942681627734714755e-01
6.985849128326239166e-01
7.030826381072246001e-01
7.077661596105099262e-01
7.126406262441877804e-01
7.177115248933921832e-01
7.226672551212596218e-01
7.277751629190836180e-01
7.330399758620427253e-01
7.384665856521076543e-01
7.440601097420740384e-01
7.498259127706150551e-01
7.557696259472090894e-01
7.618971657647857221e-01
7.682147529299944155e-01
7.747289320917237765e-01
7.810565918706118271e-01
7.875312383176487074e-01
7.941586769400441614e-01
8.009447207675924885e-01
8.078953085828031178e-01
8.150165591205597027e-01
8.223148125392836238e-01
8.297966641404936894e-01
8.374689935746797431e-01
8.453389916469914445e-01
8.529694401839078566e-01
8.607422588312670930e-01
8.686637306958721050e-01
8.767400184693094900e-01
8.849772304737033579e-01
8.933817764520866067e-01
9.019601459980324254e-01
9.107189899911687370e-01
9.196660966115028923e-01
9.288084636447165865e-01
9.376768049465351584e-01
9.466785102168320254e-01
9.558192990144124268e-01
9.651046835611037933e-01
9.745401239473188149e-01
9.841310990219982457e-01
9.938831532754863751e-01
1.003801928457883408e+00
1.013893185550701181e+00
1.024162820684265007e+00
1.034208863704801473e+00
1.044380869051626082e+00
1.054678661921931937e+00
1.065103068936455122e+00
1.075655567324699025e+00
1.086338033171601491e+00
1.097152576444265115e+00
1.108101569835505673e+00
1.119186902840693776e+00
1.130410911443102684e+00
1.141373872276588486e+00
1.152411064366773985e+00
1.163518233562666149e+00
1.174691874598425390e+00
1.185928857996509933e+00
1.197226162180100584e+00
1.208580399385797755e+00
1.219989016756113820e+00
1.231448164904711984e+00
1.242953485218418752e+00
1.254126895571975098e+00
1.265268155065639055e+00
1.276367647214830647e+00
1.287413981408775054e+00
1.185687360837435422e+00
1.183450490837009372e+00
1.181007897093232284e+00
1.178262134542681139e+00
1.175335714180647084e+00
1.172235254309891506e+00
1.168967512368906059e+00
1.165540460761299357e+00
1.161961392570833640e+00
1.158238072273231722e+00
1.154378416920636585e+00
1.150390427870011667e+00
1.146282133454136654e+00
1.141852108501083318e+00
1.137310887246386626e+00
1.132663161220532011e+00
1.127914048173788819e+00
1.123068446831972489e+00
1.118131333130003346e+00
1.113107587370723461e+00
1.108001917443657725e+00
1.102818798337930284e+00
1.097562433961749351e+00
1.091922623076493126e+00
1.086201031933275329e+00
1.080398936658945930e+00
1.074518041767283938e+00
1.068560320183186363e+00
1.062528472919268774e+00
1.056423703839829198e+00
1.050248713213471463e+00
1.044005671460520368e+00
1.037696919032410126e+00
1.030930835143483160e+00
1.024086689760017599e+00
1.017166703124009475e+00
1.010174011552164242e+00
1.003112468193839923e+00
9.959864821071635621e-01
9.888009097424659277e-01
9.815609788505025302e-01
9.742722320436751904e-01
9.669404819004021601e-01
9.591443912697992236e-01
9.513068638973649627e-01
9.434354428609789123e-01
9.355385462212750802e-01
9.276251839890153894e-01
9.197047197278460651e-01
9.117822717835910584e-01
9.038649151930090442e-01
8.959739021574684159e-01
8.881524975981922587e-01
8.799857256003428274e-01
8.718716999974046589e-01
8.638160183714478357e-01
8.558257399383857322e-01
8.479092937686172338e-01
8.400758597245157056e-01
8.323348341944805107e-01
8.246954842267051333e-01
8.171667231380705942e-01
8.097569656264413940e-01
8.021307331806563079e-01
7.946475880229706412e-01
7.873151502029559490e-01
7.801412704178150026e-01
7.731333896764811531e-01
7.662983191432051200e-01
7.596421538895903325e-01
7.531701296253972000e-01
7.468870849701580994e-01
7.407965816237384038e-01
7.346521286038172338e-01
7.287222490586917623e-01
7.230096571969953922e-01
7.175169239937071453e-01
7.122465065072440815e-01
7.072001573848764044e-01
7.023792185261852339e-01
6.977846836112768791e-01
6.934168380893143135e-01
6.892753226952348378e-01
6.852162358003405229e-01
6.814041804851596051e-01
6.778388846731595585e-01
6.745202577837432489e-01
6.714479391714538448e-01
6.686219262686859954e-01
6.660417038177817162e-01
6.637066961512974039e-01
6.616161758939242965e-01
6.597692941764479180e-01
6.581623670134647552e-01
6.567945182509713486e-01
6.556644797675404979e-01
6.547713268632071593e-01
6.541144509996537071e-01
6.536931105179428769e-01
6.535068184763916932e-01
6.535552590502882175e-01
6.538383104044632743e-01
6.543560692087410091e-01
6.550255897501765512e-01
6.558944368841500561e-01
6.569616082008238322e-01
6.582263950768064698e-01
6.596884031233523071e-01
6.613475616244547384e-01
6.632041320842325671e-01
6.652587162331093928e-01
6.675122637616084376e-01
6.699660802320648312e-01
6.724413178151064097e-01
6.750795024180337167e-01
6.778813817339173209e-01
6.808477553728382592e-01
6.839799201190591704e-01
6.872794201475400655e-01
6.907481162449465861e-01
6.943881929988577895e-01
6.982021661519969280e-01
7.021928901614954421e-01
7.061008393515900705e-01
7.101459120951520987e-01
7.143304376014980583e-01
7.186569772852891003e-01
7.231281296395636327e-01
7.277467265191035484e-01
7.325158425259867823e-01
7.374388126041390157e-01
7.425192495413447391e-01
7.477610933569320828e-01
7.528399899696416320e-01
7.580371081353903806e-01
7.633559593965282275e-01
7.687999283156636832e-01
7.743724337599214858e-01
7.800770081658914279e-01
7.859172997888232981e-01
7.918972386286968757e-01
7.980209310437403891e-01
8.042927288642255368e-01
8.103420356895096877e-01
8.164921018528158436e-01
8.227467687262981499e-01
8.291096209469835943e-01
8.355841768644314271e-01
8.421739810595980646e-01
8.488826656805874560e-01
8.557139917433455034e-01
8.626718776382966691e-01
8.697604195392649729e-01
8.765852115176445691e-01
8.834890244732591658e-01
8.904749900644709504e-01
8.975459456725212171e-01
9.047046077289668808e-01
9.119536507368646294e-01
9.192957570533214495e-01
9.267336479331833576e-01
9.342701025988575658e-01
9.419081535390169124e-01
9.493135651328589164e-01
9.567741053264253726e-01
9.642880838556252554e-01
9.718541316455640011e-01
9.794717727379536054e-01
9.871409189022872788e-01
9.948617175194961471e-01
1.002634446539528934e+00
1.010459443404741364e+00
1.018337055775913047e+00
1.025939017268888032e+00
1.033539260362296375e+00
1.041134200579778124e+00
1.048719953995468801e+00
1.056293429557744634e+00
1.063851769522241364e+00
1.071392413204380611e+00
1.078911875471439075e+00
1.086407965531370978e+00
1.093877384066249236e+00
1.101016884717959998e+00
1.108070323113918620e+00
9.663713028896983026e-01
9.647016950672996360e-01
9.629459729410756452e-01
9.611064435350457069e-01
9.591860528974613942e-01
9.570607473780397001e-01
9.548640589822137148e-01
9.525974188565017320e-01
9.502628550433865895e-01
9.478628197083719398e-01
9.454000370054934654e-01
9.428775011950151219e-01
9.402981680771709261e-01
9.376654306209588619e-01
9.349818314955942178e-01
9.320336031488398731e-01
9.290336902471353353e-01
9.259825581674265838e-01
9.228802904702837484e-01
9.197278935988848492e-01
9.165263890497303834e-01
9.132768533292410229e-01
9.099803595360125286e-01
9.066379581303894986e-01
9.032506248633641599e-01
8.995225202114729424e-01
8.957405218391484292e-01
8.919040606079539080e-01
8.880131300714623199e-01
8.840682365797124520e-01
8.800702616038341697e-01
8.760203614062926913e-01
8.719199064946573374e-01
8.677704455409136486e-01
8.635736819795823971e-01
8.589830209942354022e-01
8.543405514912540966e-01
8.496481662045446415e-01
8.449085650778449530e-01
8.401250975171277169e-01
8.353015659924400982e-01
8.304420944037755881e-01
8.255510349175154694e-01
8.206328995202875065e-01
8.156923075657139810e-01
8.103740673717203524e-01
8.050409474812041388e-01
7.996984440657681770e-01
7.943523359647062243e-01
7.890087992930868710e-01
7.836741913826652528e-01
7.783548971958451634e-01
7.730572218831244236e-01
7.677873150873557595e-01
7.625511167213271380e-01
7.570239088870474031e-01
7.515478366587193815e-01
7.461286112087990308e-01
7.407720811414604256e-01
7.354839280449755323e-01
7.302704320526225423e-01
7.251372827477003957e-01
7.200896480390828192e-01
7.151322857903936736e-01
7.102695222260464458e-01
7.052357621104701213e-01
7.003173533429263298e-01
6.955176378850506103e-01
6.908401836895491366e-01
6.862884621958490472e-01
6.818657081650437712e-01
6.775747241538244703e-01
6.734179179650880975e-01
6.693972836990733644e-01
6.655144024799601876e-01
6.615816818273945188e-01
6.578079997021106795e-01
6.541938155781561459e-01
6.507400841774880762e-01
6.474473449939758263e-01
6.443162452493211845e-01
6.413483332482072807e-01
6.385426901578091785e-01
6.359001463040279134e-01
6.334196115395267501e-01
6.310041038150576709e-01
6.287731801190750147e-01
6.267264615027821062e-01
6.248639490700419463e-01
6.231859213236146111e-01
6.216921446476129098e-01
6.203831842651528206e-01
6.192585032100907938e-01
6.183184255465073997e-01
6.175629417895450723e-01
6.169880695338618715e-01
6.165952366926664707e-01
6.163845023466096862e-01
6.163560818581336198e-01
6.165106094213372856e-01
6.168484386259963648e-01
6.173697219970820660e-01
6.180756379837901715e-01
6.189671781220226210e-01
6.200455339187833648e-01
6.212029205578649682e-01
6.225152038800946253e-01
6.239847804790996655e-01
6.256072179075037321e-01
6.273922362739140501e-01
6.293320237462516342e-01
6.314678565124564047e-01
6.337794731943426907e-01
6.362598782292920863e-01
6.389104230340996171e-01
6.415324054354544225e-01
6.442886464040735728e-01
6.471804107371972314e-01
6.502092850194229889e-01
6.533771765402507370e-01
6.566862925501719683e-01
6.601391271433211250e-01
6.637384538171917647e-01
6.674873223490749297e-01
6.713890590426929705e-01
6.751670492415910996e-01
6.790599234903612613e-01
6.830705674211513534e-01
6.872019045826424088e-01
6.914569827403614921e-01
6.958390045559093018e-01
7.003513500485138987e-01
7.049975940249858519e-01
7.097815205744278932e-01
7.147071360080817781e-01
7.194361969193446837e-01
7.242653763231438058e-01
7.291982250423164613e-01
7.342381744967423352e-01
7.393886731953063229e-01
7.446532446963146645e-01
7.500355278926854607e-01
7.555393060554762563e-01
7.611685288229809165e-01
7.669273298608928480e-01
7.724332889311062988e-01
7.780231235881762686e-01
7.837003802815636355e-01
7.894683898048000525e-01
7.953304282388335977e-01
8.012897865810908460e-01
8.073498171559121417e-01
8.135139651790272985e-01
8.197857908863224186e-01
8.261689857186709229e-01
8.322584118521811902e-01
8.384095492568921504e-01
8.446250884440399398e-01
8.509074994617740195e-01
8.572591708865933136e-01
8.636824630261373814e-01
8.701798602648139758e-01
8.767534671172386718e-01
8.834057493036815423e-01
8.901395111299499341e-01
8.966094260256904924e-01
9.031174087297421105e-01
9.096611707802007007e-01
9.162394423807477262e-01
9.228516211309012451e-01
9.294975173635839916e-01
9.361771885796951187e-01
9.428908307493006902e-01
9.496387059548118126e-01
9.564210932913603802e-01
9.628985333009039138e-01
9.693606039065673086e-01
9.758031308419192751e-01
9.822228688301066768e-01
9.886171364691416219e-01
9.949838089381942696e-01
1.001319833222907629e+00
1.007623891668272043e+00
1.013893406357537774e+00
1.020126045855497487e+00
1.026008633505516521e+00
1.031800709884765688e+00
1.037496344338463938e+00
9.499083470103480975e-01
9.486360579494856893e-01
9.472885231301777509e-01
9.458661746948144877e-01
9.443702624966389125e-01
9.428026652339567271e-01
9.410545940448247215e-01
9.392419196502626022e-01
9.373659895586091695e-01
9.354277005545555967e-01
9.334287376565659766e-01
9.313710750448295217e-01
9.292568814552140122e-01
9.270884482237318203e-01
9.248681314741329373e-01
9.225983038654137491e-01
9.200793624956797867e-01
9.175083363246638868e-01
9.148849686227327194e-01
9.122094004271283918e-01
9.094821001114072878e-01
9.067036727047586009e-01
9.038747866650775897e-01
9.009961286548279213e-01
8.980683756149637764e-01
8.950921780840783715e-01
8.917843044926454521e-01
8.884177925049172586e-01
8.849919291149664913e-01
8.815065925274688796e-01
8.779621146880475235e-01
8.743591664076448833e-01
8.706986911696685816e-01
8.669818532008465306e-01
8.632099693676402730e-01
8.593852768352354676e-01
8.551695263946941239e-01
8.508939670335202710e-01
8.465604679350218209e-01
8.421716616397771915e-01
8.377307539906789779e-01
8.332413667707239124e-01
8.287074275211474550e-01
8.241330897708069037e-01
8.195226729597809845e-01
8.148806152284671089e-01
8.098567906167981612e-01
8.048068677077832023e-01
7.997361089812555779e-01
7.946494151886720481e-01
7.895546169274911819e-01
7.844573903137889159e-01
7.793640581790738375e-01
7.742808824274498569e-01
7.692139958924910648e-01
7.641693509374802851e-01
7.588217669552148603e-01
7.535117839921434690e-01
7.482453687155049549e-01
7.430289835993210135e-01
7.378678669471194773e-01
7.327700760299271643e-01
7.277406350552833025e-01
7.227849960858359069e-01
7.179082191150840675e-01
7.131149487223055194e-01
7.081325864281347027e-01
7.032542376049277788e-01
6.984829584464751218e-01
6.938228524541121267e-01
6.892776368544145660e-01
6.848515098290126613e-01
6.805466319651611862e-01
6.763679393096879711e-01
6.723168977495769250e-01
6.683955792779039395e-01
6.644062403681914031e-01
6.605668561972625197e-01
6.568789079084456084e-01
6.533439929107326405e-01
6.499636445122236594e-01
6.467392073753669424e-01
6.436717747834028724e-01
6.407617320346368217e-01
6.380103552953808599e-01
6.354165639419451228e-01
6.328708066886161721e-01
6.305063017880228049e-01
6.283221420177048655e-01
6.263203145463566157e-01
6.245008512795746647e-01
6.228638014223595309e-01
6.214108791186485625e-01
6.201413344564534746e-01
6.190571003264002670e-01
6.181578829768179517e-01
6.174430768307451745e-01
6.169130629330594751e-01
6.165681998878330683e-01
6.164089774976786451e-01
6.164355825301109926e-01
6.166486272237119426e-01
6.170504644098717684e-01
6.176411563522483661e-01
6.184218738250216729e-01
6.193939757920077227e-01
6.204759014277745344e-01
6.217210489020124076e-01
6.231294939244624853e-01
6.247009415642678087e-01
6.264379861801836480e-01
6.283405431068782576e-01
6.304098256260832756e-01
6.326473278627980923e-01
6.350548300070089081e-01
6.376344053314341176e-01
6.402205987969099565e-01
6.429487831050407776e-01
6.458200134583170771e-01
6.488356030792634677e-01
6.519971470481283893e-01
6.553065226332940307e-01
6.587658912576073167e-01
6.623777615233557015e-01
6.661457181028266339e-01
6.700719134977072278e-01
6.739180156296760149e-01
6.778896383055484920e-01
6.819888025868601211e-01
6.862176943401969709e-01
6.905787222467348885e-01
6.950745334143109133e-01
6.997080259435065619e-01
7.044823597922551528e-01
7.094009668319253281e-01
7.144675606971253590e-01
7.193825185979292325e-01
7.244089321535992498e-01
7.295494864439094895e-01
7.348069148840279396e-01
7.401840983925394024e-01
7.456841019947701987e-01
7.513102007327353560e-01
7.570658988516184573e-01
7.629549448602763739e-01
7.689813441777868519e-01
7.747986633475925089e-01
7.807122863183242334e-01
7.867250887283262495e-01
7.928399015951530515e-01
7.990596351697085709e-01
8.053873268890923143e-01
8.118261730405875731e-01
8.183795500872295126e-01
8.250510295085713430e-01
8.318443886605140225e-01
8.383850080919248438e-01
8.450017529113960091e-01
8.516967587911100646e-01
8.584735749438443531e-01
8.653314856556887369e-01
8.722745696160580930e-01
8.793052101891145611e-01
8.864258990355859957e-01
8.936382058013642160e-01
9.009457362819357495e-01
9.079692314503274853e-01
9.150373346475357828e-01
9.221505845648200195e-01
9.293103927872802261e-01
9.365154102406931802e-01
9.437686835069603042e-01
9.510677434894525550e-01
9.584148676970110081e-01
9.658105930535565431e-01
9.732554355815270508e-01
9.804309010565426252e-01
9.876037338501384433e-01
9.947691031932472949e-01
1.001923342722515153e+00
1.009063492072339807e+00
1.016188410432279587e+00
1.023293822617445947e+00
1.030376457693919390e+00
1.037435411458183854e+00
1.044468185060792420e+00
1.051179462161354827e+00
1.057809308923925107e+00
1.064344741801122263e+00
9.770927735256400570e-01
9.760852368251234923e-01
9.749976492643968040e-01
9.738282872226239339e-01
9.725764394843579019e-01
9.712422615326748998e-01
9.698265396240247638e-01
9.683311263801502866e-01
9.666485777698068382e-01
9.648871235679074010e-01
9.630479281701976868e-01
9.611325665579389943e-01
9.591429247255907065e-01
9.570810539395451233e-01
9.549493322678381801e-01
9.527500805736212053e-01
9.504856987111721667e-01
9.481587512292538600e-01
9.455735643579203931e-01
9.429188690637388959e-01
9.401955579958132247e-01
9.374048182370726678e-01
9.345479876620826909e-01
9.316262897841980362e-01
9.286410889669076685e-01
9.255937711466070139e-01
9.224856974058206482e-01
9.193181105239500717e-01
9.158133982677941765e-01
9.122372549989098411e-01
9.085903259104181062e-01
9.048739061354563740e-01
9.010896042281990592e-01
8.972392587186847068e-01
8.933248854585091880e-01
8.893486436331270450e-01
8.853128136268839654e-01
8.812197822900396105e-01
8.767379520788297631e-01
8.721920129321022452e-01
8.675854390575510333e-01
8.629222164872445422e-01
8.582067111456778141e-01
8.534435487384406382e-01
8.486375297531988382e-01
8.437935671373089086e-01
8.389166387229620714e-01
8.340117493549505934e-01
8.287322205684335419e-01
8.234296105382645781e-01
8.181102918760709830e-01
8.127809128929690541e-01
8.074482408046537163e-01
8.021190210628403872e-01
7.967998799003993549e-01
7.914973624137348063e-01
7.862174112928630443e-01
7.809664266566915813e-01
7.754180920793408704e-01
7.699127611836192875e-01
7.644568417384941528e-01
7.590567163926742467e-01
7.537187011005549442e-01
7.484484317029185263e-01
7.432519928565333167e-01
7.381334481150524374e-01
7.330980500704360470e-01
7.281499110328768509e-01
7.230125940302916110e-01
7.179798909133414675e-01
7.130565968332458482e-01
7.082459580965929646e-01
7.035516990419057315e-01
6.989769086632072748e-01
6.945242708201573301e-01
6.901960401609101847e-01
6.859940399359925056e-01
6.819200768353249620e-01
6.777639748924644270e-01
6.737543271278675361e-01
6.698930385638841578e-01
6.661806112301364990e-01
6.626188213513990455e-01
6.592066437661424638e-01
6.559462504558561946e-01
6.528361150701428306e-01
6.498772187759823682e-01
6.470694420323777063e-01
6.442837339556833909e-01
6.416707323684616160e-01
6.392308611632242510e-01
6.369633806501733275e-01
6.348680716190516771e-01
6.329456340004016024e-01
6.311962309663557980e-01
6.296200108850170674e-01
6.282171136933131228e-01
6.269881883134919009e-01
6.259305858626655894e-01
6.250446750027510712e-01
6.243315565496322384e-01
6.237916394853350033e-01
6.234254917830563958e-01
6.232338459317123824e-01
6.232176093055130650e-01
6.233778774729687999e-01
6.237159489290365899e-01
6.242336179758793957e-01
6.248771182210225428e-01
6.256684129336473887e-01
6.266093619564061523e-01
6.277009072285765212e-01
6.289442247475338643e-01
6.303407397949370994e-01
6.318921363283840353e-01
6.336003634267973750e-01
6.354676404935218903e-01
6.374964622003176373e-01
6.395544437728170051e-01
6.417415912131430034e-01
6.440594917057061997e-01
6.465099800265621255e-01
6.490951967049144455e-01
6.518174107565688491e-01
6.546805227601085742e-01
6.576848977228045845e-01
6.608348069708110950e-01
6.641336068986840591e-01
6.673798508345889502e-01
6.707395976670562643e-01
6.742150751039909240e-01
6.778087077292845875e-01
6.815231414489305584e-01
6.853612401267584753e-01
6.893260853856284509e-01
6.934209789061404061e-01
6.976494467504437136e-01
7.020138816610697052e-01
7.062564194930727179e-01
7.105969222572749988e-01
7.150378035566341550e-01
7.195817319737201068e-01
7.242314841289341221e-01
7.289900433307935357e-01
7.338605879667765564e-01
7.388464955611260265e-01
7.439513478228405585e-01
7.491806763041373163e-01
7.542254148688269932e-01
7.593489202687950801e-01
7.645534949134304981e-01
7.698415869713752802e-01
7.752157892221678281e-01
7.806788447617005744e-01
7.862336508800287227e-01
7.918832620131605049e-01
7.976308923215129632e-01
8.034799182385716776e-01
8.090954371357172992e-01
8.147643459454561032e-01
8.204881472390459507e-01
8.262684580982100346e-01
8.321068311136456952e-01
8.380054854401517428e-01
8.439647047139975378e-01
8.499895571120832383e-01
8.560808148518727068e-01
8.622406872569263747e-01
8.681280138599505314e-01
8.740319661261177764e-01
8.799522839254316775e-01
8.858889095358042365e-01
8.918419375122809134e-01
8.978115479377759556e-01
9.037979598672695181e-01
9.098013978784408318e-01
9.158220671986837536e-01
9.218601345029034944e-01
9.276216783670457877e-01
9.333485200099141954e-01
9.390359447809832893e-01
9.446794469289294671e-01
9.502789610868709325e-01
9.558307394749403496e-01
9.613324974324379824e-01
9.667820005851019971e-01
9.721769872719641103e-01
9.775151165046077617e-01
9.825251947567023025e-01
9.874226621903466894e-01
9.922016448178527792e-01
9.899172697697802281e-01
9.891966625432548899e-01
9.883661486337385060e-01
9.874282809522095805e-01
9.863857505529505243e-01
9.851813099946905572e-01
9.838806438030970325e-01
9.824850773846786067e-01
9.809961407968241787e-01
9.794159777656595844e-01
9.777475919515894454e-01
9.759930005559396271e-01
9.741547286311893483e-01
9.722349437429809171e-01
9.702371821299387022e-01
9.680410482931185445e-01
9.657668049427928780e-01
9.634154566474073533e-01
9.609883132310594878e-01
9.584868798127798017e-01
9.559127749028324406e-01
9.532675031227900719e-01
9.505532413136907888e-01
9.477713774224376664e-01
9.449235718991573219e-01
9.418277840440161253e-01
9.386604108121093804e-01
9.354222239820960683e-01
9.321143776793594515e-01
9.287383058018503501e-01
9.252956410396605547e-01
9.217881626310044929e-01
9.182177627117951157e-01
9.145864246717689827e-01
9.108962092234346164e-01
9.069193243642050817e-01
9.028787240259730229e-01
8.987767941064224164e-01
8.946163729422854649e-01
8.904006415459730928e-01
8.861330281810946286e-01
8.818171420279670158e-01
8.774566964739627384e-01
8.730556036652237228e-01
8.686177385240565485e-01
8.638953098416526366e-01
8.591380356178499600e-01
8.543507595037391766e-01
8.495386434207559123e-01
8.447070442261750411e-01
8.398614032020639275e-01
8.350071818567270654e-01
8.301497314204611122e-01
8.252943821090230614e-01
8.204463198905734833e-01
8.153641891551568488e-01
8.102982749993659084e-01
8.052543526948108266e-01
8.002382588154421938e-01
7.952557691528083783e-01
7.903124927704806568e-01
7.854138024690315856e-01
7.805647894463090264e-01
7.757702343042668369e-01
7.710345893335149858e-01
7.661443631925628495e-01
7.613253560213213422e-01
7.565820175391140268e-01
7.519187102638575926e-01
7.473395954786891116e-01
7.428485345840298848e-01
7.384487403928192695e-01
7.341438829212330042e-01
7.299366252447468950e-01
7.258293543105639456e-01
7.216517012112473317e-01
7.175869162088939213e-01
7.136371294506596019e-01
7.098044205906133275e-01
7.060907071731493678e-01
7.024976649068124246e-01
6.990266652737704423e-01
6.956785746853751951e-01
6.924546398916694434e-01
6.893552522269664751e-01
6.862633233500339269e-01
6.833093620302206350e-01
6.804938040588620618e-01
6.778171269484574157e-01
6.752796213890577270e-01
6.728820842000828861e-01
6.706245963888390893e-01
6.685072232711820606e-01
6.665298867142597228e-01
6.646923824726280738e-01
6.629377667251818984e-01
6.613389801311621019e-01
6.598963205661506626e-01
6.586102883638290661e-01
6.574814779689295285e-01
6.565105150769813269e-01
6.556979472508390749e-01
6.550446384142527556e-01
6.545511634939626955e-01
6.542182197680901368e-01
6.540438944796814758e-01
6.540285819639738429e-01
6.541730784057164794e-01
6.544781578434821778e-01
6.549452631980196005e-01
6.555754673196710902e-01
6.563701419685781246e-01
6.573308809150258947e-01
6.584594243145770465e-01
6.597575607992907099e-01
6.611367083312499338e-01
6.626598417671732966e-01
6.643279815611411454e-01
6.661421500888262681e-01
6.681036794177706017e-01
6.702141451901757474e-01
6.724753700133445644e-01
6.748894289779435729e-01
6.774585200114904282e-01
6.801855760093015180e-01
6.829127025869736745e-01
6.857691359680214704e-01
6.887564024254584361e-01
6.918765893434718484e-01
6.951316257414515976e-01
6.985238388746308758e-01
7.020558056791630364e-01
