5.804633588555686785e+00
2.587837077507171735e+00
1.794028358173418436e+00
1.273163794940023852e+00
9.264710190474888529e-01
6.911126600092485361e-01
4.163828262732649499e-01
3.166102527758056784e-01
2.422912844754940842e-01
1.845459769612360912e-01
1.377648552972776663e-01
9.840341179363676360e-02
6.422175697683885076e-02
3.380622614001471682e-02
6.268960304882664758e-03
-1.895847066657507796e-02
-2.019576354196865875e-01
-2.137885321427157592e-01
-2.258137242749580498e-01
-2.375129199131453817e-01
-2.485478563475032043e-01
-2.587462094992829531e-01
-2.680444387450953148e-01
-2.763580353453245486e-01
-2.836552003556040980e-01
-2.899536005825475993e-01
-4.628419646585895109e-01
-4.583093092775205601e-01
-4.544178386630060018e-01
-4.506660417704591026e-01
-4.467577362306369704e-01
-4.425603454745798970e-01
-4.379419199036195254e-01
-4.328637344746510962e-01
-4.273175696475557395e-01
-4.213137412277150329e-01
-5.895565660511554729e-01
-5.743688322284624670e-01
-5.601790715921490804e-01
-5.465962116972302720e-01
-5.333031848649614215e-01
-5.201417321699060015e-01
-5.070259020487413171e-01
-4.939145509595944672e-01
-4.807937622561819779e-01
-4.676657866085840443e-01
-6.347072267809429347e-01
-6.136422329870481196e-01
-5.939040705735277870e-01
-5.750821821500629039e-01
-5.569054967749139662e-01
-5.392136449876258064e-01
-5.219151244376578624e-01
-5.049608544971586621e-01
-4.883274995304107691e-01
-4.720069917611452448e-01
-6.396201097730674912e-01
-6.160347926767124616e-01
-5.940392580028801550e-01
-5.732149540097735141e-01
-5.533062677691416020e-01
-5.341238263148931908e-01
-5.155344136631399010e-01
-4.975159541541322450e-01
-4.800326711394451995e-01
-4.630651161722298959e-01
-6.316061908422836435e-01
-6.075449114883372248e-01
-5.852798656574775826e-01
-5.643721337577001229e-01
-5.445223003480146318e-01
-5.255641484924589157e-01
-5.073646094638593063e-01
-4.898224358589702843e-01
-4.729310038338370159e-01
-4.566603960453017863e-01
-6.253977053506457606e-01
-6.017926889473598218e-01
-5.801543728149255452e-01
-5.599934291696492261e-01
-5.409529706274476268e-01
-5.228668277947594589e-01
-5.056087834201162812e-01
-4.890996305160447699e-01
-4.732768192554571707e-01
-4.580688731868289287e-01
-6.254163982412217493e-01
-6.023199643056682540e-01
-5.812953014653988726e-01
-5.618248365786834286e-01
-5.434992694897925469e-01
-5.261847275843892779e-01
-5.096772913978271369e-01
-4.938895103344150828e-01
-4.787914235828578668e-01
-4.643502216933821369e-01
-6.279721829033939606e-01
-6.047298531349358797e-01
-5.836618903710054651e-01
-5.642075695884221087e-01
-5.459491273782349774e-01
-5.286269674723886869e-01
-5.121174040305156439e-01
-4.963148505042767056e-01
-4.811480539794168454e-01
-4.665879451686207879e-01
-4.459504927557538245e-01
-4.302704014208584837e-01
-4.155985533156647538e-01
-4.017346107014687639e-01
-3.885954655753356413e-01
-3.760557724324158357e-01
-3.639892176465604479e-01
-3.526007251517861985e-01
-3.416178403801359842e-01
-3.310273147799891458e-01
-1.349954410316180908e-01
-1.308723779848706137e-01
-1.267071708261833241e-01
-1.225940318902334347e-01
-1.188239039803482555e-01
-1.152944484962930005e-01
-1.126011041648025124e-01
-1.088401828852563202e-01
-1.053672785244492704e-01
-1.033574829225283320e-01
8.236858369609478814e-02
7.806952172130898759e-02
7.425912328913863991e-02
7.069572856283234952e-02
6.721935255169242396e-02
6.374417578744229207e-02
6.022979367649505811e-02
5.666310267928154065e-02
5.304694502754991881e-02
4.939304515497444648e-02
2.310224347211072837e-01
2.236210283483721639e-01
2.159782938098722127e-01
2.081926497212170935e-01
2.003202743858036872e-01
1.924112845550363105e-01
1.845099039181251621e-01
1.766548456125461852e-01
1.688797851227755720e-01
1.612138593591280200e-01
3.342406367202197526e-01
3.234407115460188331e-01
3.123757912008462423e-01
3.012092259839534991e-01
2.900380604280643482e-01
2.789362328592697171e-01
2.679608501863828263e-01
2.571564849226585237e-01
2.465581598151685983e-01
2.361934603185710246e-01
3.987827588796409861e-01
3.853654801322707879e-01
3.717169358134870816e-01
3.580280831409727305e-01
3.444127609877169482e-01
3.309528267820934788e-01
3.177077088896849699e-01
3.047208003724988234e-01
2.920654200558918112e-01
2.796391659226554749e-01
4.285498347012204334e-01
4.124014638616079198e-01
3.963430493227031448e-01
3.802228290589173554e-01
3.643027814128055875e-01
3.486231112368253227e-01
3.332334502397253928e-01
3.181674668589272170e-01
3.034483209450791752e-01
2.890913884499990982e-01
3.809489245574279037e-01
3.537695721998543874e-01
3.287727714073793162e-01
3.054263392966125035e-01
2.832510941748058730e-01
2.620757864889968758e-01
2.417069143053218183e-01
2.220373507956945325e-01
2.029942612780226141e-01
1.845275851202866635e-01
2.616784054751244426e-01
2.303353810055857043e-01
2.013221587233269272e-01
1.740263095413835392e-01
1.480485056344444939e-01
1.230706475551377466e-01
9.904341774349023630e-02
7.575196358881219894e-02
5.314998475213672524e-02
3.118767169791192284e-02
9.424870516690186939e-02
5.922128998899478525e-02
2.657416301654469404e-02
-6.248426266501050375e-02
-9.583664910673928006e-02
-1.291309485356677556e-01
-1.622230851377171046e-01
-1.952148367052080058e-01
-2.284141447461260910e-01
-3.716190510600724251e-01
-3.883006391707661820e-01
-4.067685776672910203e-01
-4.260969481505114675e-01
-4.457853537978676561e-01
-4.652256984659570715e-01
-4.843714885762442357e-01
-5.029923076905814527e-01
-5.209761531032465198e-01
-5.382493778731459733e-01
-6.716494140168999261e-01
-6.777803142923939372e-01
-6.837393261612422224e-01
-6.893288377382353893e-01
-6.944178525972448668e-01
-6.989246525971047896e-01
-7.027987344166499728e-01
-7.060093557824593802e-01
-7.085382933317769805e-01
-7.103752832665358730e-01
-8.346750330635248627e-01
-8.260357769553864360e-01
-8.173273932000836295e-01
-8.083630470614057151e-01
-7.990823995637400534e-01
-7.894633490335848380e-01
-7.792753205832815278e-01
-7.687102821913064377e-01
-7.577047657953949189e-01
-7.462634619722698925e-01
-8.653516331511212911e-01
-8.444979936833404421e-01
-8.238764603883996784e-01
-8.033437970323271671e-01
-7.828135275682479577e-01
-7.622443041495564620e-01
-7.416231475844473620e-01
-7.209547799936685264e-01
-7.002548309900226142e-01
-6.795455056370488522e-01
-7.974316067306679301e-01
-7.684994727936180769e-01
-7.402934150823820003e-01
-7.126870892198927665e-01
-6.855411294680866519e-01
-6.587849800591220051e-01
-6.325889254258250105e-01
-6.067644873788204940e-01
-5.813838808551679005e-01
-5.564697441886867768e-01
-6.766441489881220850e-01
-6.444065881878568991e-01
-6.134442926652879935e-01
-5.835654585601707245e-01
-5.546455678138670908e-01
-5.266141462454868583e-01
-4.994338192972488932e-01
-4.730870285960795951e-01
-4.475676352567863336e-01
-4.228756375260144251e-01
-5.470699835256673804e-01
-5.153097024672435023e-01
-4.852027714755411947e-01
-4.566908931521446724e-01
-4.293991617760933299e-01
-4.032726024610622240e-01
-3.782445314642295386e-01
-3.542700273061902827e-01
-3.313178679291129969e-01
-3.093216657450063023e-01
-4.369427392611426875e-01
-4.074048582403899665e-01
-3.799092294757803190e-01
-3.541053608809205944e-01
-3.297489966168778430e-01
-3.066783351074793273e-01
-2.847842700132132698e-01
-2.639909539261633409e-01
-2.442195128652249192e-01
-2.254952780036334481e-01
-3.537032267388118267e-01
-3.262865812529442966e-01
-3.010594747590298326e-01
-2.775898794732845065e-01
-2.557129317042823313e-01
-2.351175419898010599e-01
-2.155053110385101167e-01
-1.970554746596144824e-01
-1.795241093130379717e-01
-1.628894678221601833e-01
-1.411496199801884899e-01
-1.240823363909731025e-01
-1.081809861623126423e-01
-9.343593898802171616e-02
-7.964312298395226364e-02
-6.657147507468574865e-02
-5.431129861799455227e-02
-4.276093496736765864e-02
-3.187013829628670969e-02
-2.159450410156393829e-02
1.454265761832418402e-01
1.480009137670739161e-01
1.503905832446821300e-01
1.525173041997629486e-01
1.543339761433444313e-01
1.558277270738268605e-01
1.570060944394404689e-01
1.578883566387272452e-01
1.585001332416757780e-01
1.588071070182150990e-01
3.188331881587309624e-01
3.132848959091103502e-01
3.075790995548077777e-01
3.015741113689529573e-01
2.954819658786564940e-01
2.892938452676538930e-01
2.830440359942600903e-01
2.767677021732499743e-01
2.704977779153054929e-01
2.642645266394560988e-01
4.171144504976418421e-01
4.062487387718130005e-01
3.951093892030737020e-01
3.838519159475795028e-01
3.725745490274575689e-01
3.613519864581919983e-01
3.502419743478827341e-01
3.392897554251386172e-01
3.285311201663603242e-01
3.179945356012574553e-01
4.620313496637997730e-01
4.474816595826486276e-01
4.326185152778001530e-01
4.176644662312412049e-01
4.027581932200392512e-01
3.879966771509673062e-01
3.734483799457091191e-01
3.591619174900324563e-01
3.451718144313951075e-01
3.315023619796844123e-01
4.635757262540270984e-01
4.457543247556545740e-01
4.276311724858193886e-01
4.094505473040935817e-01
3.914360616549056315e-01
3.734798596439184992e-01
3.558439341094539188e-01
3.384463721433306205e-01
3.212363945609294502e-01
3.048493238439687336e-01
4.204296869746400045e-01
3.987286522878804029e-01
3.768369623680986602e-01
3.549702922553340523e-01
3.332607361138359425e-01
3.117954537909853885e-01
2.906315160330479319e-01
2.698056065567495665e-01
2.493404039522050530e-01
2.292488166606092281e-01
2.878027225829461466e-01
2.539251551244316452e-01
2.220244618747379828e-01
1.915804288812981981e-01
1.622528674990375841e-01
1.338216197234233240e-01
1.061429888984642966e-01
7.920310287306309149e-02
5.270163990955556432e-02
2.673778830887085789e-02
6.805243650662340382e-02
2.829758741208421302e-02
-9.425423519937803363e-03
-4.563053363960400954e-02
-8.065137510169462232e-02
-1.147023688180603962e-01
-1.480079058270026282e-01
-1.804002900355617944e-01
-2.121189669759393492e-01
-2.433318941792657064e-01
-2.184767947107034702e-01
-2.636823665433666308e-01
-3.065480491684742237e-01
-3.480313595439590291e-01
-4.242998798018396966e-01
-4.701425903520622951e-01
-5.152251082583867436e-01
-6.387972230767656745e-01
-6.694451963763340396e-01
-7.001082342730242658e-01
-7.306519855473025959e-01
-7.600426573068741476e-01
-7.890744277137871077e-01
-8.172221397657895015e-01
-8.443889257316361530e-01
-8.704998087415289909e-01
-8.954926887120999712e-01
-1.006049136671589128e+00
-1.016502339339319549e+00
-1.026652539277666865e+00
-1.036370500960340335e+00
-1.044689984803703453e+00
-1.052397328869906890e+00
-1.058997413053762271e+00
-1.064424239126547267e+00
-1.068634799416713355e+00
-1.071600722216019541e+00
-1.170814896851972264e+00
-1.159935271225795539e+00
-1.148732534253486204e+00
-1.136937811885766036e+00
-1.124385409856084372e+00
-1.111141704332103464e+00
-1.096552670438941890e+00
-1.081389214297227230e+00
-1.065317687589558693e+00
-1.048356648809298575e+00
-1.140417821385932617e+00
-1.111338381540359466e+00
-1.082444156646240607e+00
-1.053525214055793136e+00
-1.024465659063393375e+00
-9.952177543720263087e-01
-9.657768343504028463e-01
-9.361652165829602579e-01
-9.064218461682033157e-01
-8.765955966009838507e-01
-9.685095679398181279e-01
-9.288515441794660266e-01
-8.902502500373509209e-01
-8.524948608180488163e-01
-8.154640001638050473e-01
-7.791022867769072935e-01
-7.447733239743634659e-01
-7.114169603270287245e-01
-6.780528339675667704e-01
-6.485592578797166885e-01
-7.408568951546363746e-01
-6.927104260789177514e-01
-6.490117945983140402e-01
-6.084681625814548633e-01
-5.703637353833233004e-01
-5.342079995859634334e-01
-4.996984737291167433e-01
-4.666502223217080525e-01
-4.349511984903312034e-01
-4.045339665657417538e-01
-5.122805624265385216e-01
-4.745313437203438900e-01
-4.390842283634315280e-01
-4.056407037022699003e-01
-3.739597779942085420e-01
-3.438851281275400185e-01
-3.153110662072436954e-01
-2.881121465453871933e-01
-2.624123782871963240e-01
-2.379802236068935262e-01
-3.526913810646423730e-01
-3.199943049635226577e-01
-2.899954434103964029e-01
-2.621684716121853720e-01
-2.362984467372393205e-01
-2.120237483532565470e-01
-1.892007445138161881e-01
-1.678488070701464885e-01
-1.478226143821004257e-01
-1.288812923915481079e-01
-2.466863658630085165e-01
-2.181411859637696349e-01
-1.924736310955024177e-01
-1.691089761213957487e-01
-1.474137713364893632e-01
-1.274274812500262311e-01
-1.087628357713765759e-01
-9.132329373342207290e-02
-7.501065500455483814e-02
-5.974667063905747533e-02
-3.333805976423698247e-02
-1.709242725629134263e-02
-2.397960322562786573e-03
1.096195328837401561e-02
2.304690817068077990e-02
3.419377024719305602e-02
4.446658958138871576e-02
5.394762563090682583e-02
6.270499650872252140e-02
7.079561624273789100e-02
2.381437239623138691e-01
2.389292186666014395e-01
2.392128051507980135e-01
2.390573247261629231e-01
2.384996659489975190e-01
2.375778221523794365e-01
2.363293646631625666e-01
2.347905093352269379e-01
2.329956884678636708e-01
2.309776350796504119e-01
3.915595332697745512e-01
3.842389291523882200e-01
3.763521396863958035e-01
3.682872919544142309e-01
3.599709512198836503e-01
3.515415936508756722e-01
3.430640293412559050e-01
3.345890178927903857e-01
3.261571228042663417e-01
3.178015310644437541e-01
4.716307862516229132e-01
4.593353829523647569e-01
4.466027923967890167e-01
4.335015452859907192e-01
4.204037377228855288e-01
4.073724738747177554e-01
3.944861630612253034e-01
3.818021717473373267e-01
3.693617484829321285e-01
3.571221221714473426e-01
5.026294196027912831e-01
4.871424031008817490e-01
4.711545335713347438e-01
4.550015686862377562e-01
4.388858576103270570e-01
4.230116768028127083e-01
4.072624174552339493e-01
3.918918117963383629e-01
3.768819896368875710e-01
3.622580697787501913e-01
4.962227208848948301e-01
4.780636634970819587e-01
4.595007444028810228e-01
4.408625288933647468e-01
4.223470459038757285e-01
4.040824781072011040e-01
3.861513812559907999e-01
3.686063106636946474e-01
3.514799298545933093e-01
3.347915738040475597e-01
4.528416779394626723e-01
4.315197191789155173e-01
4.100321729219770228e-01
3.886366470316517385e-01
3.674856708731132349e-01
3.466761472816473622e-01
3.262687451599632915e-01
3.063004041516578235e-01
2.867924188388057960e-01
2.678305605409019297e-01
3.255327775361727127e-01
2.923164302521767954e-01
2.615792311771273360e-01
2.325198097587833357e-01
2.047993140660160361e-01
1.781612636011868922e-01
1.524351140952625583e-01
1.275067328697619407e-01
1.032982539738348526e-01
7.975518524111246954e-02
1.235249691150758222e-01
8.578617098920515716e-02
5.063359578815940232e-02
1.721667142000105066e-02
-1.480267147021963048e-02
-4.567869155782511292e-02
-7.552596752086526699e-02
-1.046667489438695142e-01
-1.328704165703226137e-01
-1.603843312181499892e-01
-1.297804948942322678e-01
-1.714255234926609361e-01
-1.431569534520736875e-01
-1.857598234201122134e-01
-2.268031808001664817e-01
-2.663036632119946123e-01
-3.042815333650533693e-01
-4.391862485553050810e-01
-4.620716289555217848e-01
-4.847719436479469568e-01
-5.069133487915603586e-01
-5.282559076145033616e-01
-5.486488392548338755e-01
-5.680386903231582352e-01
-5.862366238070825242e-01
-6.035818731249760205e-01
-6.192828401640759761e-01
-7.406190310795748299e-01
-7.428906987774472892e-01
-7.453588581169511285e-01
-7.471548555109069900e-01
-7.487571597320180627e-01
-7.496990641765282071e-01
-7.498962481901843002e-01
-7.493038498574824402e-01
-7.479082165409945970e-01
-7.456593062430046936e-01
-8.596632148243820160e-01
-8.448425920334046157e-01
-8.307677636800795407e-01
-8.167716440151415735e-01
-8.026489621471841751e-01
-7.882799810196536860e-01
-7.736050477308271667e-01
-7.585997228408036808e-01
-7.432616135824849923e-01
-7.276024176261388643e-01
-8.395852132228633913e-01
-8.130618691752801164e-01
-7.877400701822823148e-01
-7.630193917248819790e-01
-7.387127416445753436e-01
-7.147161756629057949e-01
-6.909780328457664211e-01
-6.674791599450702329e-01
-6.442203236376266018e-01
-6.212141954039175351e-01
-7.360696605041375795e-01
-7.038275069502675230e-01
-6.734151546176572189e-01
-6.439167592179436683e-01
-6.153986057550238087e-01
-5.877343375857694285e-01
-5.608519553196842367e-01
-5.347134304380294356e-01
-5.093012635001100685e-01
-4.846099741384448656e-01
-6.055601329627247065e-01
-5.726055657728597037e-01
-5.416303807692023353e-01
-5.122535869011617393e-01
-4.841278035844938099e-01
-4.575394176788359912e-01
-4.317859985993871552e-01
-4.070939227285851336e-01
-3.834187588519946122e-01
-3.607288410121303190e-01
-4.881606591493457548e-01
-4.572612280845160804e-01
-4.286134440884471486e-01
-4.020314280362105031e-01
-3.768642364433425485e-01
-3.530428201534397958e-01
-3.304789130963138311e-01
-3.090793119816851453e-01
-2.887784224264567934e-01
-2.695275994099045613e-01
-4.015101391467507108e-01
-3.734581294290562070e-01
-3.478809065255887845e-01
-3.242760492675861306e-01
-3.023575604992528865e-01
-2.817889859781339545e-01
-2.622849096901931354e-01
-2.442730856332810951e-01
-2.270894187985117441e-01
-2.110108074164089853e-01
-3.440989025676854940e-01
-3.179404233982885408e-01
-2.946058220408300787e-01
-2.731957986455999521e-01
-2.533135074517258722e-01
-2.350302483999908709e-01
-2.177543452367132204e-01
-2.015715217990672325e-01
-1.862563633649427786e-01
-1.718284936882406022e-01
-1.491936783902860775e-01
-1.339311982515840604e-01
-1.200395890047689651e-01
-1.072700287044467959e-01
-9.545686744465231577e-02
-8.440702312352432735e-02
-7.432887427032452976e-02
-6.470513429736457489e-02
-5.570879921974847271e-02
-4.728994809421283030e-02
1.263719372487090986e-01
1.268418903327910296e-01
1.251384169226823495e-01
1.251532107503825486e-01
1.264816371364290148e-01
1.253423612634796402e-01
1.300670033066120279e-01
1.247258192422970868e-01
1.184910076494170017e-01
1.140524162254770157e-01
2.806370922828600456e-01
2.724831402904794864e-01
2.645291458925509431e-01
2.566989550476657111e-01
2.489399749569294329e-01
2.412335419306455009e-01
2.335807007731816043e-01
2.259933719888449488e-01
2.184889299491021841e-01
2.110869322228543510e-01
3.745265318434624069e-01
3.630412135009282171e-01
3.511947288479897455e-01
3.392199706704250861e-01
3.272554779049180462e-01
3.153981911769258017e-01
3.037169276395731421e-01
2.922612082823204949e-01
2.810670843222647930e-01
2.701610177362527843e-01
4.249451866343764150e-01
4.104531581594327294e-01
3.956448373601239021e-01
3.807912325609733584e-01
3.660527023851596340e-01
3.515363532772604049e-01
3.373139172005691355e-01
3.234333743218343882e-01
3.099265494103062846e-01
2.968141091288180045e-01
4.402491527691232420e-01
4.233094506234480470e-01
4.061535889062617422e-01
3.890437595579462338e-01
3.721335836287671395e-01
3.555230219088032495e-01
3.392766127949168320e-01
3.234353032370209102e-01
3.080241591675212387e-01
2.930574205088675721e-01
4.210933640466426042e-01
4.012550998117629941e-01
3.814312988901564783e-01
3.618149456476406067e-01
3.425154075200188553e-01
3.236022152969555421e-01
3.051783856075787615e-01
2.870949431450882106e-01
2.694724303748973204e-01
2.524418715434731952e-01
3.226483540058877608e-01
2.917309144606850535e-01
2.632353681685828395e-01
2.365286653144579310e-01
2.111920244440489147e-01
1.869523647552565615e-01
1.636297692842200169e-01
1.411039396287665504e-01
1.192927784953152770e-01
9.813871485287811725e-02
1.548057474678394829e-01
1.198425731847284625e-01
8.735576802209621405e-02
5.670964536521982957e-02
2.748618821838855197e-02
-5.257555099830168999e-04
-2.774620486151213594e-02
-5.393955020342089401e-02
-7.941538635697975579e-02
-1.041775463659249112e-01
-6.015624074030756496e-02
-9.882147472079350070e-02
-1.349789471679945230e-01
-7.528803496176461607e-03
-4.694136865147813253e-02
-8.536890298143218203e-02
-1.226561711465711246e-01
-1.587130970992863821e-01
-1.934844257303551807e-01
-3.301544293221220228e-01
-3.514220714652555033e-01
-3.719467956765210026e-01
-3.921642543012608950e-01
-4.115690496194077674e-01
-4.300509142365043225e-01
-4.475455334763229764e-01
-4.640161885484317406e-01
-4.794428508014161316e-01
-4.938155803441355296e-01
-6.165239275653187079e-01
-6.183230968803299366e-01
-6.196559022586045629e-01
-6.209856214906457339e-01
-6.217956258879450138e-01
-6.219776133602374912e-01
-6.214710228945106163e-01
-6.202447032728796161e-01
-6.182859351018501481e-01
-6.155937138609367532e-01
-7.305366549846872282e-01
-7.164216195413926069e-01
-7.025980939929062918e-01
-6.888073983488626206e-01
-6.748864144227780804e-01
-6.607434065477840734e-01
-6.463299067797578790e-01
-6.316193467346709056e-01
-6.166388551612552726e-01
-6.015181609623202474e-01
-7.139559394375459833e-01
-6.888323065642186771e-01
-6.644667660813174948e-01
-6.406194518724555031e-01
-6.171408644976710267e-01
-5.939493734170249173e-01
-5.710058942344983235e-01
-5.482977571355868163e-01
-5.258284300221091057e-01
-5.036109720442348836e-01
-6.188839249792229547e-01
-5.880876545835189706e-01
-5.585977647204176666e-01
-5.300576141799249186e-01
-5.027420027793476631e-01
-4.759356065761088939e-01
-4.498715725479798255e-01
-4.245176099340505216e-01
-3.998582457413302205e-01
-3.758884086168399197e-01
-4.966986913144804117e-01
-4.648957860451338187e-01
-4.348839537586901560e-01
-4.063615484566963088e-01
-3.789758748580904779e-01
-3.530503107380394967e-01
-3.278894746537757698e-01
-3.037340678998291521e-01
-2.805466664314695269e-01
-2.583003676691224548e-01
-3.850189008248537381e-01
-3.552186373007545361e-01
-3.272192566654026913e-01
-3.009728730778288286e-01
-2.762066683689075042e-01
-2.527988811848187467e-01
-2.304452581127736099e-01
-2.094843452354501201e-01
-1.893124192074513434e-01
-1.701854883960532971e-01
-3.012710720495395122e-01
-2.737205443041730302e-01
-2.485208889104131291e-01
-2.252031643314857945e-01
-2.034419409684646851e-01
-1.830220611184403268e-01
-1.637982970003271088e-01
-1.455843741344222675e-01
-1.285967496441942082e-01
-1.124726780682561156e-01
-2.447021862883849153e-01
-2.191616885043823348e-01
-1.959977604514315797e-01
-1.748342897627539472e-01
-1.551442199168941993e-01
-1.367960960779943669e-01
-1.196318390836113021e-01
-1.033235375994572269e-01
-8.822387128574615822e-02
-7.380384180913046599e-02
-5.297361494182428743e-02
-3.812359178462765286e-02
-2.454988315747752559e-02
-1.203410415745986839e-02
-4.438743785670773434e-04
1.042182491378529363e-02
2.033758648742178821e-02
2.981025556940575250e-02
3.865673537044389541e-02
4.692308581388382471e-02
2.168131768974759233e-01
2.168296869292112294e-01
2.167834186575059441e-01
2.166741739785704723e-01
2.161425704362598399e-01
2.156097590310788181e-01
2.148440279943151232e-01
2.138547982905354417e-01
2.126582704855459749e-01
2.112738239377305316e-01
3.746094328480398250e-01
3.667814473628667749e-01
3.588864746019280183e-01
3.509645201444060447e-01
3.430306256678044008e-01
3.351037471997253547e-01
3.272043861092448491e-01
3.193661355939867441e-01
3.116119422164709274e-01
3.038986082390240373e-01
4.610671896276219428e-01
4.482579273066671366e-01
4.353523745232766862e-01
4.224850354497662330e-01
4.097294634947069580e-01
3.971392777204759694e-01
3.847543523489009853e-01
3.726048889665575237e-01
3.607141248331937611e-01
3.491001551662786806e-01
4.990430827113039314e-01
4.830438882110367205e-01
4.669374990281889293e-01
4.509177503563088774e-01
4.350945028516586266e-01
4.195416981701779457e-01
4.043093528102120748e-01
3.894313467311353305e-01
3.749305088873622349e-01
3.608219590249738262e-01
5.010236974162778356e-01
4.825387906855876929e-01
4.640025031904758679e-01
4.456198053154826200e-01
4.275066512502294636e-01
4.097382134739864235e-01
3.923627795565578502e-01
3.754107429695204834e-01
3.589004452330495920e-01
3.428419917963868579e-01
4.694171884602769129e-01
4.481782937632442509e-01
4.270749246833388524e-01
4.061554782970998589e-01
3.858980801714200215e-01
3.658171687656608939e-01
3.462077995350436588e-01
3.270828543505619468e-01
3.084157170982783081e-01
2.902071347370205334e-01
3.977262374362778852e-01
3.726443887026544832e-01
3.480913452876358560e-01
3.241096180147333694e-01
3.006891375443813130e-01
2.776489523813050475e-01
2.555231012293540660e-01
2.336777746999065819e-01
2.123870501841531588e-01
1.916390302353837560e-01
2.402098323253507584e-01
2.033352789061950716e-01
1.694666595846753276e-01
1.377755160388097755e-01
1.077213442329758575e-01
7.897043386174362745e-02
5.117067844593448100e-02
2.456346981851131872e-02
-1.479319104426557452e-03
-2.676679601308451506e-02
8.923728056825397381e-03
-3.238091679607091322e-02
-7.063788232823697832e-02
2.508573105463148822e-01
2.092174923879521753e-01
1.671412502565016167e-01
1.253551504892206347e-01
8.430880870052870346e-02
4.427760111359724249e-02
5.357160541902494799e-03
-3.207202022202526592e-02
-1.620558944130714440e-01
-1.857773817101837643e-01
-2.090685299867407476e-01
-2.316521813154309717e-01
-2.533512982347737585e-01
-2.740741770386840859e-01
-2.936757738345638913e-01
-3.122368831916426668e-01
-3.298429113504552923e-01
-3.459008508002268112e-01
-4.625638417490113286e-01
-4.662291806556093654e-01
-4.696746921842006595e-01
-4.727527777805451414e-01
-4.748597276585755367e-01
-4.765347298268001186e-01
-4.774461183791289809e-01
-4.775654888269940113e-01
-4.768893285127139281e-01
-4.754228967970550723e-01
-5.848860614856630225e-01
-5.720987618365622751e-01
-5.596386423010355493e-01
-5.470493716855250321e-01
-5.342167204930414748e-01
-5.210813371709714925e-01
-5.076181898386961100e-01
-4.938239569342957047e-01
-4.797089888165555482e-01
-4.652921758947137221e-01
-5.730566402832737438e-01
-5.492535407450098717e-01
-5.259996813963161433e-01
-5.031294096094741652e-01
-4.805410322150082125e-01
-4.581836628604356587e-01
-4.360380023781250669e-01
-4.141041067667758924e-01
-3.923936016793589943e-01
-3.709247293524285949e-01
-4.820779240813301003e-01
-4.526994588426171973e-01
-4.244008014346193347e-01
-3.970053769970028901e-01
-3.703977393967953224e-01
-3.445132084207832568e-01
-3.193183195925693996e-01
-2.948037969969362626e-01
-2.709728472675306810e-01
-2.477003057918475415e-01
-3.654834181710103214e-01
-3.351723355948489358e-01
-3.064065479434370798e-01
-2.789579557265460252e-01
-2.526707278326724149e-01
-2.274624714736031283e-01
-2.031387170635031714e-01
-1.800467761432681946e-01
-1.576587448883899900e-01
-1.362010005674597624e-01
-2.606514173894771691e-01
-2.323416970428404671e-01
-2.056412806357622580e-01
-1.805685660731463082e-01
-1.568062475570022318e-01
-1.342764785710437447e-01
-1.128826275610574914e-01
-9.255772483380964033e-02
-7.325312179174359173e-02
-5.491763810455341233e-02
-1.848189238681309243e-01
-1.587928016939748055e-01
-1.347694028056725113e-01
-1.125387868522624846e-01
-9.171357993469153591e-02
-7.233066588360004268e-02
-5.387303198011794692e-02
-3.655862199284110048e-02
-2.021673320814820762e-02
-4.701585689534271140e-03
-1.368476552172173122e-01
-1.126916314907169259e-01
-9.077536360728299947e-02
-7.061149920722020745e-02
-5.203664008013242359e-02
-3.454594767693697221e-02
-1.815267211425619642e-02
-2.750688281205171393e-03
1.173910002837219579e-02
2.536753030644978146e-02
4.152650315411232640e-02
5.484659755604703868e-02
6.731158030931827518e-02
7.884546032031947149e-02
8.954995496204332106e-02
9.950304968732948119e-02
1.087658161941018609e-01
1.173880133137212844e-01
1.254117333362994025e-01
1.328660327659170193e-01
2.957800428673800219e-01
2.942933562051419649e-01
2.931991534858038317e-01
2.920973273312295060e-01
2.908825791753928414e-01
2.895011818856594310e-01
2.879305187799308108e-01
2.861668582004512906e-01
2.842176816051995569e-01
2.820968893077433481e-01
4.396930313994120709e-01
4.305168587697805194e-01
4.215331883462176688e-01
4.126869753665298735e-01
4.039327253024731501e-01
3.952540978078382672e-01
3.867322197147434748e-01
3.780343924579478987e-01
3.696495220080073807e-01
3.613604729090008627e-01
5.141858603653637338e-01
5.000599916140975321e-01
4.861351584605017040e-01
4.724401305464233092e-01
4.589828373713500387e-01
4.457759541046329987e-01
4.328338839202375832e-01
4.201710049880433839e-01
4.078007025564120980e-01
3.956467091932492908e-01
5.428229538024640366e-01
5.255139056922241148e-01
5.084643533454696884e-01
4.917406174524613371e-01
4.753677735745316379e-01
4.593720223919581791e-01
4.437729070841434087e-01
4.285847589454522266e-01
4.138179423562873271e-01
3.993972049435572380e-01
5.380794428672736052e-01
5.185299886277152659e-01
4.993146371061718547e-01
4.804870307355497694e-01
4.620880561273742471e-01
4.441453838674945809e-01
4.266773414743383341e-01
4.096954501968217421e-01
3.932061411637005621e-01
3.772119513041844452e-01
5.039604429198496494e-01
4.817638356225393825e-01
4.601615360053465942e-01
4.391521479950112328e-01
4.187281094060401054e-01
3.988808967906224412e-01
3.794355386122940654e-01
3.609265982502404269e-01
3.426751794003232154e-01
3.249801716211306313e-01
4.345008362683088765e-01
4.087726882055223721e-01
3.841061165899491425e-01
3.603460023054001482e-01
3.373795735804180351e-01
3.151331486332841214e-01
2.935574544378847239e-01
2.726183582087872148e-01
2.522910374193871874e-01
2.325563312941161254e-01
2.880690945279780757e-01
2.516800990462463306e-01
2.187367576368067779e-01
1.881262909866336930e-01
1.597170835313050929e-01
1.324320049104484864e-01
1.063192862205376565e-01
8.119850003546014161e-02
5.694872682275964326e-02
3.348804095800439473e-02
7.890685360911375845e-02
3.883690444707177392e-02
2.315673453330391318e-03
-9.366447408900169247e-02
-1.284222888828817633e-01
-1.622433254962374338e-01
-1.951185080329815857e-01
-2.270296025756297631e-01
-3.206348619416206081e-01
-3.396791280087494425e-01
-3.591756520553747167e-01
-3.785539704993057253e-01
-3.976117302156357836e-01
-4.156363055321117272e-01
-4.332579741204394264e-01
-4.500875938503743345e-01
-4.662549503660489147e-01
-4.810658451756985032e-01
-5.662560148238279245e-01
-5.700693695836019925e-01
-5.739695221864991037e-01
-5.776523739359002985e-01
-5.809233916684555243e-01
-5.836623870978288053e-01
-5.859630512368489974e-01
-5.871414683870370688e-01
-5.879945972339968296e-01
-5.881610132159436066e-01
-6.677505857267646006e-01
-6.579906120791173540e-01
-6.483770160855292231e-01
-6.386898303710060176e-01
-6.287916634611594446e-01
-6.186040468623892341e-01
-6.080861102350244574e-01
-5.972210115190749180e-01
-5.860072889422619502e-01
-5.744533392561242957e-01
-6.517199003870590701e-01
-6.317740199726514794e-01
-6.122478505654367353e-01
-5.929760469605858120e-01
-5.738573070149368682e-01
-5.548386060789385343e-01
-5.358973103485840106e-01
-5.170252243400885739e-01
-4.982311857686605450e-01
-4.795432023371590802e-01
-5.580628875769597652e-01
-5.323561901038007527e-01
-5.074653858092296188e-01
-4.832405607636269806e-01
-4.595865413425886947e-01
-4.364515825776004165e-01
-4.138151043022859632e-01
-3.916677251184680353e-01
-3.699984896894633613e-01
-3.488204121996224538e-01
-4.313238260294049997e-01
-4.040173749280616677e-01
-3.779210005581228327e-01
-3.528606081746459289e-01
-3.287181884406700227e-01
-3.054216419386591164e-01
-2.829273582866848602e-01
-2.612091388967568983e-01
-2.402511716546874565e-01
-2.200435914897429235e-01
-3.075654926994538241e-01
-2.814717464273649994e-01
-2.568968612811841634e-01
-2.336148115799644431e-01
-2.114673989149307154e-01
-1.903563154358137166e-01
-1.701066200050656563e-01
-1.511069223043140508e-01
-1.326982071766674709e-01
-1.151579897276604481e-01
-2.069171124399922235e-01
-1.831604393905119643e-01
-1.611497172624337670e-01
-1.405885368877092256e-01
-1.212683819557553999e-01
-1.030499368915692715e-01
-8.584106109787992267e-02
-6.948949492903533365e-02
-5.432415460959316711e-02
-3.973530309079387202e-02
-1.337376659293406655e-01
-1.121641214681436960e-01
-9.249948866967683259e-02
-7.437120544652398024e-02
-5.745388177461840939e-02
-4.191711441255052684e-02
-2.708455357997219259e-02
-1.316281677165109798e-02
-8.720819027052684191e-05
1.219913618185963777e-02
-8.137686022367573990e-02
-6.107682909307143859e-02
-4.280559304626851969e-02
-2.611291112646418888e-02
-1.068937235689348952e-02
3.675389082148594611e-03
1.712885843261835461e-02
2.965977636395611405e-02
4.156595294620624159e-02
5.276435084432318234e-02
8.064915464865873851e-02
9.210123190359298384e-02
1.024770154476695172e-01
1.119795195635462370e-01
1.206037314407566452e-01
1.287396912556664219e-01
1.363509690626352189e-01
1.433069060698022312e-01
1.498228859043713168e-01
1.558942634164086627e-01
3.005853084526899366e-01
2.994957750180287093e-01
2.980990437685002714e-01
2.966752312243732259e-01
2.950905711007736354e-01
2.933395745703177848e-01
2.914298078480290766e-01
2.893744975808278941e-01
2.871779293068048577e-01
2.848141868258384779e-01
4.236025476691113179e-01
4.155313315737865221e-01
4.074393042052566472e-01
3.990641842822113539e-01
3.908593155600215141e-01
3.826814998775938115e-01
3.745586464044965425e-01
