-3.774779778854998047e-01
-3.775317405353551536e-01
-3.776905398745757925e-01
-3.778444573848965260e-01
-3.779619158375540078e-01
-3.780414154735594057e-01
-3.780759026255225419e-01
-3.780879876311441512e-01
-3.780889810215569691e-01
-3.780883933584902046e-01
-3.780938685235191721e-01
-3.781111240631770398e-01
-3.781445287416558831e-01
-3.781970132469681389e-01
-3.782702250289102786e-01
-3.783649798935637687e-01
-3.784203677917870601e-01
-3.784922923851345433e-01
-3.785774443127790656e-01
-3.786732913012296198e-01
-3.787762679948776245e-01
-3.788853479730023843e-01
-3.789970358071825807e-01
-3.791086769485624286e-01
-3.792169273609941049e-01
-3.793205974545144077e-01
-3.793225869280791862e-01
-3.793124201891244773e-01
-3.792875172469910017e-01
-3.792451942630045703e-01
-3.791847959506203236e-01
-3.791044132314445037e-01
-3.790029523017696689e-01
-3.788795626345927148e-01
-3.787336083448281099e-01
-3.785646454206232914e-01
-3.782563312454605420e-01
-3.779260113043526603e-01
-3.775742478300210814e-01
-3.772010616081910572e-01
-3.768071270647478932e-01
-3.763933431646069305e-01
-3.759607680167047494e-01
-3.755105722106846233e-01
-3.750440048028183537e-01
-3.745623678805957146e-01
-3.739453544620923719e-01
-3.733223001762359106e-01
-3.726945464643212635e-01
-3.720636861153699959e-01
-3.714314486320791087e-01
-3.707996107665378349e-01
-3.701699387099030014e-01
-3.695441508064655767e-01
-3.689238936887458409e-01
-3.683107272743325611e-01
-3.675976710093091238e-01
-3.669056098545087075e-01
-3.662357115294236354e-01
-3.655892475564335165e-01
-3.649676010388626102e-01
-3.643717464094085590e-01
-3.638028841877994912e-01
-3.632619538444819551e-01
-3.627497468257971924e-01
-3.622669035945794702e-01
-3.617368185971902017e-01
-3.612521283839394415e-01
-3.608127629414957793e-01
-3.604186822392210776e-01
-3.600697917069563547e-01
-3.597660677698492626e-01
-3.595067933127201742e-01
-3.592916545006263895e-01
-3.591200033406168335e-01
-3.589910521862212933e-01
-3.588733493530669727e-01
-3.588143860103251148e-01
-3.588127555851758355e-01
-3.588662601572465416e-01
-3.589734530850351435e-01
-3.591325136699646814e-01
-3.593415638925591682e-01
-3.595988358023307629e-01
-3.599014988108101831e-01
-3.602476930854654480e-01
-3.606620575748176183e-01
-3.611344376174078774e-01
-3.616608695801681872e-01
-3.622387109782645997e-01
-3.628651633354952888e-01
-3.635358808183908330e-01
-3.642486205393387078e-01
-3.649985961211270058e-01
-3.657840787211761868e-01
-3.665999650385871056e-01
-3.675331403701230237e-01
-3.685074698385958913e-01
-3.695188658177834262e-01
-3.705632067140055552e-01
-3.716347643009102475e-01
-3.727298350255213721e-01
-3.738439010444617461e-01
-3.749724777234471063e-01
-3.761111309106960898e-01
-3.772557748509254294e-01
-3.783980101861124101e-01
-3.795358157371626628e-01
-3.806652083250897656e-01
-3.817819764120924386e-01
-3.828834011611564891e-01
-3.839648935092390136e-01
-3.850221140682578702e-01
-3.860566324354319234e-01
-3.870598819462423568e-01
-3.880310831194958565e-01
-3.887504944473870183e-01
-3.894247957903871904e-01
-3.900528916071600016e-01
-3.906347038832323482e-01
-3.911701532517049551e-01
-3.916598436075300893e-01
-3.921551749305440260e-01
-3.925527835544276867e-01
-3.929159444845534699e-01
-3.933179481985574766e-01
-3.934232976935435055e-01
-3.934863733427932941e-01
-3.935087431977557504e-01
-3.934923874089392704e-01
-3.934395746055130982e-01
-3.933527466676308704e-01
-3.932344411563595266e-01
-3.930872388479363377e-01
-3.929137281471122289e-01
-3.927164809566376924e-01
-3.922217537326943004e-01
-3.917105219326309506e-01
-3.911866613743569809e-01
-3.906537938724995440e-01
-3.901153342879705166e-01
-3.895744912000134730e-01
-3.890342710635252832e-01
-3.884974848498561339e-01
-3.879667564485828057e-01
-3.874445322917401402e-01
-3.866562409039980830e-01
-3.858872880578031461e-01
-3.851410008251323069e-01
-3.844202278029503761e-01
-3.837274478575812275e-01
-3.830648168463320902e-01
-3.824342062892612248e-01
-3.818372364643292105e-01
-3.812753054893793792e-01
-3.807496153772241820e-01
-3.799983867786510539e-01
-3.792953366759609923e-01
-3.786422425255774327e-01
-3.780403586267563343e-01
-3.774905578882781221e-01
-3.769934042914653838e-01
-3.765492094493499420e-01
-3.761580780961553128e-01
-3.758196308912385430e-01
-3.755343142310988425e-01
-3.750655970671782358e-01
-3.746625222142495049e-01
-3.743239510773033740e-01
-3.740503733114269314e-01
-3.738407999284691918e-01
-3.736942896284741744e-01
-3.736097421225380577e-01
-3.735859419177220975e-01
-3.736215916581771546e-01
-3.737153393272722446e-01
-3.737251723204176312e-01
-3.738155962587433878e-01
-3.739813283992617365e-01
-3.742177032483751109e-01
-3.745212296024505449e-01
-3.748882357925066855e-01
-3.753155333246184777e-01
-3.758001329241871247e-01
-3.763392008279490830e-01
-3.769300314922596207e-01
-3.774522437480736792e-01
-3.780436194243551595e-01
-3.786977305450638376e-01
-3.794091303051146391e-01
-3.801730383217559739e-01
-3.809852444733973220e-01
-3.818417004854607333e-01
-3.827387786518732238e-01
-3.836730070693175620e-01
-3.846410945953295246e-01
-3.855447859608897576e-01
-3.864951229862791937e-01
-3.874854613677998771e-01
-4.473016403576339783e-01
-4.477692839302459538e-01
-4.482302089168334058e-01
-4.486817024563845013e-01
-4.491313434461790544e-01
-4.495508316660359882e-01
-4.499242962973912796e-01
-4.502686441025639530e-01
-4.505827133334412427e-01
-4.508653126068147277e-01
-4.511150203390415503e-01
-4.513309423594256131e-01
-4.515117523036053515e-01
-4.516563633895392949e-01
-4.517637382500515053e-01
-4.518328895521242505e-01
-4.518102596818639460e-01
-4.517380929966995362e-01
-4.516160279999896776e-01
-4.514437461428144616e-01
-4.512209692109342418e-01
-4.509474547298414904e-01
-4.506229922816005207e-01
-4.502474008710594111e-01
-4.498205273360448286e-01
-4.493422457360633504e-01
-4.487208006111546577e-01
-4.480394956140136831e-01
-4.472990829194784523e-01
-4.465004804188377197e-01
-4.456445631323544543e-01
-4.447321916417610321e-01
-4.437648995377331262e-01
-4.427436414134598430e-01
-4.416696840626344045e-01
-4.405443605116574068e-01
-4.392456075871478127e-01
-4.378935897128412025e-01
-4.364910205901886275e-01
-4.350407748542676201e-01
-4.335458530227837004e-01
-4.320093489463336378e-01
-4.304344256748611208e-01
-4.288242966657331845e-01
-4.271822103311919694e-01
-4.255114366358614952e-01
-4.236753923738422745e-01
-4.218183872269360979e-01
-4.199450537683671603e-01
-4.180599890500653060e-01
-4.161679575707596390e-01
-4.142737346361405892e-01
-4.123812665967050983e-01
-4.104951573905418760e-01
-4.086195388944160456e-01
-4.067583614989316865e-01
-4.047806593560491217e-01
-4.028331902999837122e-01
-4.009204443861195677e-01
-3.990467204035971771e-01
-3.972160566057112430e-01
-3.954321783650596167e-01
-3.936984671751246889e-01
-3.920179441396541842e-01
-3.903932634888150344e-01
-3.888267131869544979e-01
-3.872132606946481204e-01
-3.856768095119786910e-01
-3.842194737190089970e-01
-3.828422962270646157e-01
-3.815467381371248634e-01
-3.803335749432015245e-01
-3.792031969204786579e-01
-3.781556117866855526e-01
-3.771904594195182314e-01
-3.763071702388917084e-01
-3.754435701689503024e-01
-3.746796116283127032e-01
-3.740135544973745563e-01
-3.734434417899521463e-01
-3.729670903849206520e-01
-3.725820679792649637e-01
-3.722856959911299835e-01
-3.720750673998517999e-01
-3.719470937650133924e-01
-3.718984257211606637e-01
-3.719221754028872451e-01
-3.720400620825369820e-01
-3.722477640159664869e-01
-3.725408399495103162e-01
-3.729146119278448079e-01
-3.733646429322474147e-01
-3.738864440141836387e-01
-3.744752555348145329e-01
-3.751265644535320964e-01
-3.758358143312813815e-01
-3.765990384987301098e-01
-3.774106846527423009e-01
-3.782661393660408100e-01
-3.791609527804585822e-01
-3.800910135664358203e-01
-3.810521777443192093e-01
-3.820406738581472728e-01
-3.830529142117256591e-01
-3.840855384472244838e-01
-3.851354187972341192e-01
-3.860847475599979428e-01
-3.870297264354463640e-01
-3.879686987543239929e-01
-3.889003653413028450e-01
-3.898237562881267104e-01
-3.907381945842676174e-01
-3.916432654155685977e-01
-3.925387900019730592e-01
-3.934248030935724727e-01
-3.943017544119051254e-01
-3.950103608182145565e-01
-3.956992116933443770e-01
-3.963697967872644723e-01
-3.970242688170169121e-01
-3.976644012342543943e-01
-3.982921894718534639e-01
-3.989096900384699329e-01
-3.995189995249107118e-01
-4.001222397810217934e-01
-4.007215463463986715e-01
-4.011312348905791136e-01
-4.015338946811387033e-01
-4.019327505210923968e-01
-4.023308501634870193e-01
-4.027311019372193934e-01
-4.031362832988348299e-01
-4.035490475772615659e-01
-4.039719300126193291e-01
-4.044073537020531628e-01
-4.048576357659933733e-01
-4.051245948032176636e-01
-4.054068648830022603e-01
-4.057075686214269838e-01
-4.060294503956647927e-01
-4.063749685888528029e-01
-4.067463429705680533e-01
-4.071455901498198804e-01
-4.075745513091013073e-01
-4.080349148751047927e-01
-4.085282357982360502e-01
-4.088581389763499274e-01
-4.092228552025010124e-01
-4.096245017839618696e-01
-4.100647565945556572e-01
-4.105447078753207135e-01
-4.110659919518959149e-01
-4.116292835226341706e-01
-4.122355414556445052e-01
-4.128861012652692564e-01
-4.135799193009359609e-01
-4.141364684494667769e-01
-4.147391865353629581e-01
-4.153888063059650859e-01
-4.160856805186974872e-01
-4.168298991112473484e-01
-4.176213563791300598e-01
-4.184597989597901302e-01
-4.193448610321124370e-01
-4.202760908515258409e-01
-4.212529712739963572e-01
-4.221585566374368437e-01
-4.231174244855973043e-01
-4.241261679262261497e-01
-4.251819741104329031e-01
-4.262824080343384781e-01
-4.274252710373780961e-01
-4.286085137441156823e-01
-4.298300391892498351e-01
-4.310882259126587179e-01
-4.323812091070898811e-01
-4.336079768312416372e-01
-4.348726818754806711e-01
-4.361708701667765808e-01
-4.374987024147671821e-01
-4.388527455034069158e-01
-4.402298364395496599e-01
-4.416270562242530229e-01
-4.430414654180427347e-01
-4.444702822804130760e-01
-4.459109689453942815e-01
-4.472802337598594802e-01
-4.486610175120436805e-01
-4.500483917929024580e-01
-4.514381121873172198e-01
-4.798884941044984642e-01
-4.800276818962577741e-01
-4.801309171281080146e-01
-4.801546083861704672e-01
-4.801376922914757372e-01
-4.800801465233568988e-01
-4.799815546650588183e-01
-4.798423788836608250e-01
-4.796620567042362837e-01
-4.794402464536491326e-01
-4.791765467417289370e-01
-4.788704916852336568e-01
-4.785215498239410170e-01
-4.780521604356843812e-01
-4.775322060633999111e-01
-4.769608648643304250e-01
-4.763372914659847468e-01
-4.756611563258439368e-01
-4.749316398416091878e-01
-4.741481626395036009e-01
-4.733101805446755517e-01
-4.724171786476116797e-01
-4.714686719667946502e-01
-4.703499072533151582e-01
-4.691689279448634231e-01
-4.679256219331534017e-01
-4.666201915934081734e-01
-4.652531060716781353e-01
-4.638251766771679940e-01
-4.623372068061394891e-01
-4.607902644859392938e-01
-4.591856376137271600e-01
-4.575248143089806763e-01
-4.556615372173547507e-01
-4.537433014385840457e-01
-4.517728430156471298e-01
-4.497533541719531125e-01
-4.476883923045942848e-01
-4.455818021234977944e-01
-4.434376569077181918e-01
-4.412602117518460987e-01
-4.390538642542305414e-01
-4.368231197883555295e-01
-4.344053000230219674e-01
-4.319766363881488713e-01
-4.295426643798020971e-01
-4.271091485486261385e-01
-4.246819450399165197e-01
-4.222668857476966631e-01
-4.198613762038118091e-01
-4.174800692983316464e-01
-4.151301262728765984e-01
-4.128354967436038137e-01
-4.104262486331370918e-01
-4.080776756985223241e-01
-4.057906834876051083e-01
-4.035678288464608632e-01
-4.014120768791086258e-01
-3.993265065708089812e-01
-3.973140678159524652e-01
-3.953774304258685368e-01
-3.935188934359228341e-01
-3.917403344022756806e-01
-3.899059956211516353e-01
-3.881728222565114517e-01
-3.865412986154583841e-01
-3.850114683578406138e-01
-3.835830336380489092e-01
-3.822553017199608605e-01
-3.810271595029598446e-01
-3.798972121561619009e-01
-3.788631761330040204e-01
-3.779229695451228888e-01
-3.769830823709132139e-01
-3.761545636479405874e-01
-3.754329508457976416e-01
-3.748139783478379172e-01
-3.742930226069379196e-01
-3.738657243744675784e-01
-3.735275316422378422e-01
-3.732734738124727780e-01
-3.730987084326662928e-01
-3.729987023861675022e-01
-3.729325295772471516e-01
-3.729542852871208791e-01
-3.730570966645158082e-01
-3.732344422726491251e-01
-3.734804751746012008e-01
-3.737889107214554252e-01
-3.741540418584587968e-01
-3.745702279990997807e-01
-3.750320034154388527e-01
-3.755340925960139464e-01
-3.760733616230601539e-01
-3.766426187027705486e-01
-3.772370089379921687e-01
-3.778518929205711419e-01
-3.784828905847241187e-01
-3.791260686655026912e-01
-3.797777504267888515e-01
-3.804345600283001172e-01
-3.810934196152278575e-01
-3.817515469848037912e-01
-3.823333036167703147e-01
-3.828951904672157069e-01
-3.834365507726959499e-01
-3.839569767243318221e-01
-3.844563008075331800e-01
-3.849345778160697673e-01
-3.853920678464879956e-01
-3.858292202706919416e-01
-3.862466587160607312e-01
-3.866451671164586323e-01
-3.869092944812050905e-01
-3.871469314590795796e-01
-3.873606745686251629e-01
-3.875527086910233732e-01
-3.877255812850160521e-01
-3.878817046393209789e-01
-3.880234732597427905e-01
-3.881532601752261114e-01
-3.882734135204872761e-01
-3.883862534254146626e-01
-3.883485672573112057e-01
-3.883024946563428115e-01
-3.882513615451524958e-01
-3.881987637477928299e-01
-3.881474759063353597e-01
-3.881002563819789253e-01
-3.880596897675254175e-01
-3.880282040387350584e-01
-3.880080859868809129e-01
-3.880017091764603188e-01
-3.878506023828415250e-01
-3.877146136591903547e-01
-3.875968140171298648e-01
-3.874997962591565925e-01
-3.874258021421679299e-01
-3.873765796961498586e-01
-3.873542948885850268e-01
-3.873602704569181210e-01
-3.873958823844950161e-01
-3.874623681298264288e-01
-3.874004197960267959e-01
-3.873719192304211356e-01
-3.873787780748937926e-01
-3.874224134318013379e-01
-3.875038935204696555e-01
-3.876240226020948310e-01
-3.877834011533296543e-01
-3.879824696912675397e-01
-3.882215416751352843e-01
-3.885008289901564216e-01
-3.886729064484166773e-01
-3.888883786409048082e-01
-3.891477510588800537e-01
-3.894511444824216295e-01
-3.897984208868306988e-01
-3.901892564132167229e-01
-3.906231925085422718e-01
-3.910996726238591403e-01
-3.916180692299333632e-01
-3.921775447833054651e-01
-3.926930159496339612e-01
-3.932597886369758045e-01
-3.938740492953146100e-01
-3.945330369590086539e-01
-3.952342472564546738e-01
-3.959754380959007447e-01
-3.967545469590698648e-01
-3.975696383613899210e-01
-3.984188715382244173e-01
-3.993004807494413000e-01
-4.001403723409414082e-01
-4.010188918568751149e-01
-4.019315024202991804e-01
-4.028746858009848997e-01
-4.038452776373838704e-01
-4.048404206607810751e-01
-4.058574332145126751e-01
-4.068940046363439533e-01
-4.079476650225433709e-01
-4.090162589254784375e-01
-4.100393985635195637e-01
-4.110807901113937013e-01
-4.417841476727586980e-01
-4.419426804318098978e-01
-4.420868135787301423e-01
-4.422138412458711532e-01
-4.423212033991317238e-01
-4.423484717602599314e-01
-4.423473566350153985e-01
-4.423157147288193647e-01
-4.422516315175256674e-01
-4.421533773770479070e-01
-4.420193617467124136e-01
-4.418481060753362000e-01
-4.416383165634147900e-01
-4.413885460178111342e-01
-4.410979084917575621e-01
-4.406764468097219556e-01
-4.402089636828942498e-01
-4.396945084512225987e-01
-4.391328384143942110e-01
-4.385233426313556171e-01
-4.378658083599903383e-01
-4.371601568450518283e-01
-4.364064224547563042e-01
-4.356047066680033275e-01
-4.347553110614438276e-01
-4.337392348781831108e-01
-4.326768597221380408e-01
-4.315686452422977104e-01
-4.304157894253813899e-01
-4.292197563596460430e-01
-4.279822200970708757e-01
-4.267050137773238383e-01
-4.253900986434413500e-01
-4.240395423492373528e-01
-4.226555024428169105e-01
-4.210980273731856904e-01
-4.195175490969526022e-01
-4.179163593148857991e-01
-4.162975592586780071e-01
-4.146644440210077165e-01
-4.130204112756400425e-01
-4.113688960542030704e-01
-4.097133238288334645e-01
-4.080570757207935828e-01
-4.064034618778681884e-01
-4.046061635028000425e-01
-4.028303435835380863e-01
-4.010781415974782882e-01
-3.993534457440661711e-01
-3.976595149538412755e-01
-3.959994958954240474e-01
-3.943763553173406100e-01
-3.927928363748667828e-01
-3.912514317206750025e-01
-3.897543680676640032e-01
-3.881656393363751567e-01
-3.866433091854473703e-01
-3.851883888838488201e-01
-3.838018775508724723e-01
-3.824850800233897674e-01
-3.812374346332481623e-01
-3.800600713834939026e-01
-3.789530335621613677e-01
-3.779160708137035973e-01
-3.769486474494948003e-01
-3.759419208948905911e-01
-3.750259459712538823e-01
-3.741985643902596137e-01
-3.734565340085110874e-01
-3.727978063215577897e-01
-3.722199393665991951e-01
-3.717202077385617365e-01
-3.712957298258328653e-01
-3.709434748573502416e-01
-3.706602794132942136e-01
-3.703783284126395126e-01
-3.701836278845869743e-01
-3.700707671540486854e-01
-3.700349246038556195e-01
-3.700707537746303344e-01
-3.701731801430231394e-01
-3.703393228286694927e-01
-3.705625756711882213e-01
-3.708396187719520398e-01
-3.711646712033124795e-01
-3.715202590718810760e-01
-3.719387963055956203e-01
-3.724131571894662707e-01
-3.729375269633666279e-01
-3.735066008949761707e-01
-3.741138356078664295e-01
-3.747547655375432218e-01
-3.754235117002008293e-01
-3.761155317683701482e-01
-3.768261333469514751e-01
-3.775508189617386434e-01
-3.782845978589132740e-01
-3.790232730452338661e-01
-3.797629595961061200e-01
-3.805004189100351653e-01
-3.812322821295918707e-01
-3.819546242413552339e-01
-3.826652824662639674e-01
-3.833617659307950731e-01
-3.840418478944767622e-01
-3.846131089132212022e-01
-3.851521470881083542e-01
-3.856618200806578578e-01
-3.861357570136211281e-01
-3.865845788126347493e-01
-3.869979680573131242e-01
-3.874218201608909395e-01
-3.878296338646046726e-01
-3.882117642698085236e-01
-3.885683761099184563e-01
-3.887689236488483524e-01
-3.889385904556093010e-01
-3.890799001118231959e-01
-3.891954350123491002e-01
-3.892878113480360280e-01
-3.893596456183071597e-01
-3.894135310907220204e-01
-3.894520214207848330e-01
-3.894776194764571486e-01
-3.894927699814579869e-01
-3.893409864986943636e-01
-3.891809134930146463e-01
-3.890161272325651232e-01
-3.888498660296301201e-01
-3.886851043699073860e-01
-3.885245869883066083e-01
-3.883708547816434598e-01
-3.882262654328780260e-01
-3.880930105800486363e-01
-3.879731306962074799e-01
-3.876978509988703303e-01
-3.874409278109191002e-01
-3.872051489581780359e-01
-3.869928411912775812e-01
-3.868059884033830942e-01
-3.866462957628724051e-01
-3.865152372737177822e-01
-3.864140922851792004e-01
-3.863439745147317361e-01
-3.863058558919468810e-01
-3.861316950472489240e-01
-3.859955784252967481e-01
-3.858989329847294369e-01
-3.858427378370937744e-01
-3.858276571831155688e-01
-3.858541147459515486e-01
-3.859223477894402343e-01
-3.860324474683499707e-01
-3.861843898748637538e-01
-3.863780606125851724e-01
-3.864586985387966078e-01
-3.865876997111957758e-01
-3.867649862195559618e-01
-3.869901618519714370e-01
-3.872626212990772920e-01
-3.875816101420442306e-01
-3.879461011048110919e-01
-3.883554970953123076e-01
-3.888087941291283878e-01
-3.893046786967265249e-01
-3.897518934529045076e-01
-3.902550763062834216e-01
-3.908101226711380161e-01
-3.914136219517263537e-01
-3.920626245934462073e-01
-3.927544880076171419e-01
-3.934867808157989089e-01
-3.942572236491211912e-01
-3.950636527765910566e-01
-3.959039979112093377e-01
-3.966990262771873943e-01
-3.975370654399873471e-01
-3.984132579491711512e-01
-3.993234738399504269e-01
-4.002640808488122648e-01
-4.012317203388788833e-01
-4.022235755888377007e-01
-4.032365972340933857e-01
-4.042681655226952331e-01
-4.053157283781012032e-01
-4.063140437919405823e-01
-4.073339819561864195e-01
-4.083705923379761238e-01
-4.319005533627915394e-01
-4.319941936904143631e-01
-4.320905451017566512e-01
-4.321873148003112508e-01
-4.322823452943873601e-01
-4.323735624468003080e-01
-4.324077431413242412e-01
-4.324283704090113867e-01
-4.324341644691142017e-01
-4.324231321733798539e-01
-4.323937519210127034e-01
-4.323446263819033519e-01
-4.322744592832000188e-01
-4.321820392840489689e-01
-4.320662281255577830e-01
-4.319259516590486236e-01
-4.316753693895633015e-01
-4.313929745649762726e-01
-4.310781130097237068e-01
-4.307299621918907473e-01
-4.303480502854505896e-01
-4.299320460436682478e-01
-4.294817342232842283e-01
-4.289970006510596678e-01
-4.284778231405716453e-01
-4.279242661378932500e-01
-4.272186304305370386e-01
-4.264758040860571198e-01
-4.256963742997809108e-01
-4.248812192635589846e-01
-4.240314494183237692e-01
-4.231483568566636877e-01
-4.222334113525947341e-01
-4.212881326353684619e-01
-4.203141914096305554e-01
-4.193137068667830425e-01
-4.181439699569194368e-01
-4.169519251955381978e-01
-4.157399531864334197e-01
-4.145106992001364454e-01
-4.132669832463299331e-01
-4.120117252664842744e-01
-4.107478918318284156e-01
-4.094784570383176447e-01
-4.082063728796866409e-01
-4.069345460700941608e-01
-4.055096353394272435e-01
-4.040970702925999469e-01
-4.026997182155885868e-01
-4.013200395428345724e-01
-3.999620476357659271e-01
-3.986282949474779236e-01
-3.973215388982150320e-01
-3.960443568930818725e-01
-3.947991205225772071e-01
-3.935879794933667131e-01
-3.922627541478876934e-01
-3.909872531476327184e-01
-3.897625775407899673e-01
-3.885901705553742036e-01
-3.874703276458447698e-01
-3.864052523259445260e-01
-3.853950359788973490e-01
-3.844400253359626651e-01
-3.835403088139698879e-01
-3.826957180649823154e-01
-3.817785770122110178e-01
-3.809326708075813639e-01
-3.801554826045296931e-01
-3.794452823894357563e-01
-3.788000270004314163e-01
-3.782183856131340338e-01
-3.776972692641842322e-01
-3.772362278155851900e-01
-3.768319953868327077e-01
-3.764821221008075036e-01
-3.760956401768811297e-01
-3.757763863890327127e-01
-3.755201492593551182e-01
-3.753229418910019044e-01
-3.751809037784805123e-01
-3.750902369419535365e-01
-3.750471779682801876e-01
-3.750477541013468308e-01
-3.750886132561201958e-01
-3.751647183674223229e-01
-3.752328501963031471e-01
-3.753478887291300525e-01
-3.755033421564828999e-01
-3.756961217151600363e-01
-3.759208341361647276e-01
-3.761724280500336470e-01
-3.764481215693664118e-01
-3.767426347250834584e-01
-3.770535151056936263e-01
-3.773765856109549399e-01
-3.777092405905943528e-01
-3.780473197952659015e-01
-3.783876944649082197e-01
-3.787275226515330329e-01
-3.790637650135759151e-01
-3.793940817888130645e-01
-3.797178286743504994e-01
-3.800322743473299458e-01
-3.803358589830222458e-01
-3.806272703297293170e-01
-3.808478628665148968e-01
-3.810468022175546587e-01
-3.812243727468943022e-01
-3.813804040800314876e-01
-3.815175963155933991e-01
-3.816358585127705427e-01
-3.817362713002183661e-01
-3.818200535397601181e-01
-3.818885489194122074e-01
-3.819432149874613658e-01
-3.818886447221020997e-01
-3.818209662764724399e-01
-3.817426767684641842e-01
-3.816562541175889112e-01
-3.815641623080638922e-01
-3.814688434297728303e-01
-3.813727119485951222e-01
-3.812779785596909221e-01
-3.811874655285324986e-01
-3.811031771160822146e-01
-3.809018182098470873e-01
-3.807125378184162967e-01
-3.805380989958592752e-01
-3.803810495859030749e-01
-3.802437672452068096e-01
-3.801284781335370622e-01
-3.800372723234891614e-01
-3.799721170711444218e-01
-3.799348686708944323e-01
-3.799272833519324877e-01
-3.798082480011272244e-01
-3.797263533458671292e-01
-3.796834791387587171e-01
-3.796811901667282996e-01
-3.797208198016168157e-01
-3.798035142007418763e-01
-3.799302660581723723e-01
-3.801019413121489166e-01
-3.803193010162835841e-01
-3.805830198138948628e-01
-3.807456263824977039e-01
-3.809622001344313280e-01
-3.812333327223669244e-01
-3.815593073410556424e-01
-3.819401998974727985e-01
-3.823759344734007914e-01
-3.828663239762365444e-01
-3.834111008270794096e-01
-3.840099408283713656e-01
-3.846624822596295123e-01
-3.852270345264242613e-01
-3.858528089972412256e-01
-3.865389806295156938e-01
-3.872858834017967045e-01
-3.880897258404674699e-01
-3.889508673291829366e-01
-3.898681045820948654e-01
-3.908402210803124111e-01
-3.918655149977301466e-01
-3.929438489685380675e-01
-3.939503408664904449e-01
-3.950165807061444267e-01
-3.961404671809697908e-01
-3.973203858315216275e-01
-3.985532117809646446e-01
-3.998388334992584170e-01
-4.011723297603422278e-01
-4.025532715547268658e-01
-4.039797165085924902e-01
-4.054497793987090759e-01
-4.068943930517583407e-01
-4.083924805042903339e-01
-4.099385709996141158e-01
-4.115281267928700970e-01
-4.131572410503283055e-01
-4.148232658114436866e-01
-4.165225174876276415e-01
-4.182504174189996538e-01
-4.200055821679623547e-01
-4.217853817065885247e-01
-4.235326165992042702e-01
-4.253114627111353463e-01
-4.271132122510879481e-01
-4.174889935365845295e-01
-4.174606108725983367e-01
-4.174379060457586998e-01
-4.174186375322616604e-01
-4.174006033684198869e-01
-4.173816514465080729e-01
-4.173595947092685332e-01
-4.173325863794888901e-01
-4.172583470173904518e-01
-4.171697756262575107e-01
-4.170653244405031490e-01
-4.169435500075978629e-01
-4.168031024912930427e-01
-4.166426648145000744e-01
-4.164611297960291725e-01
-4.162573341092387080e-01
-4.160299937999032416e-01
-4.157785518302817285e-01
-4.154324928989103771e-01
-4.150559943481930691e-01
-4.146486688882993210e-01
-4.142101311411258147e-01
-4.137408008190212039e-01
-4.132404315118006766e-01
-4.127091513551175983e-01
-4.121471907229201648e-01
-4.115548642529824330e-01
-4.109325124617422276e-01
-4.101816344339345166e-01
-4.094003745347276624e-01
-4.085896324588175754e-01
-4.077508845556705452e-01
-4.068857595373264746e-01
-4.059960035762492092e-01
-4.050834561901218711e-01
-4.041500326581571878e-01
-4.031977106147860979e-01
-4.022285192732682479e-01
-4.011214713510616869e-01
-4.000040318169099662e-01
-3.988790285445295014e-01
-3.977494048950102612e-01
-3.966181595910822644e-01
-3.954882942402700441e-01
-3.943627757574463821e-01
-3.932445087282374629e-01
-3.921363145166389397e-01
-3.910409150580680393e-01
-3.898248190902512955e-01
-3.886341104386278333e-01
-3.874716009486391388e-01
-3.863400361965392271e-01
-3.852420298324565895e-01
-3.841800096130577602e-01
-3.831561837443444030e-01
-3.821726021524460837e-01
-3.812308085116344891e-01
-3.803329816697927357e-01
-3.793449362737376096e-01
-3.784150624154588582e-01
-3.775439450817509868e-01
-3.767320234152295999e-01
-3.759796338051643039e-01
-3.752865487474544293e-01
-3.746533170511802124e-01
-3.740778161402652513e-01
-3.735601077342551868e-01
-3.730991108656815936e-01
-3.725772996719702856e-01
-3.721247576997178119e-01
-3.717401098176362773e-01
-3.714202661610490619e-01
-3.711627782140831111e-01
-3.709648163600907655e-01
-3.708234226807009537e-01
-3.707355154427612320e-01
-3.706979034708237086e-01
-3.707077528514707287e-01
-3.706728064496238040e-01
-3.706953186648906384e-01
-3.707712208562795597e-01
-3.708952369316411146e-01
-3.710636680221896522e-01
-3.712700643951911683e-01
-3.715117850725800919e-01
-3.717827268809894559e-01
-3.720792890173222345e-01
-3.723977528569991091e-01
-3.726824289607638119e-01
-3.729967481647666339e-01
-3.733354687987145981e-01
-3.736924613471667156e-01
-3.740618870135297702e-01
-3.744395461689667415e-01
-3.748208422129603590e-01
-3.752014422697352858e-01
-3.755772779264119343e-01
-3.759450804714427052e-01
-3.763010472263008110e-01
-3.766402152180062801e-01
-3.769603435098373145e-01
-3.772586068176305152e-01
-3.775325137533247499e-01
-3.777798966972378825e-01
-3.779989040760600716e-01
-3.781879939201896468e-01
-3.783459278671985060e-01
-3.784720701937007159e-01
-3.785356622649071467e-01
-3.785585603229305596e-01
-3.785431427273170391e-01
-3.784908727583430332e-01
-3.784033926155072058e-01
-3.782825088837076244e-01
-3.781301774438964314e-01
-3.779484888875286330e-01
-3.777396549241919255e-01
-3.775059959631341111e-01
-3.771873268360665943e-01
-3.768477993188973918e-01
-3.764909105787456189e-01
-3.761201285020494556e-01
-3.757389443121030292e-01
-3.753506419789401916e-01
-3.749596395783454938e-01
-3.745671165256023172e-01
-3.741772418031624192e-01
-3.737931387904938618e-01
-3.733308316284620343e-01
-3.728835704242104976e-01
-3.724547468453116017e-01
-3.720475489985022866e-01
-3.716649814619518155e-01
-3.713098709308774725e-01
-3.709848744167811851e-01
-3.706924891406432332e-01
-3.704350635084894816e-01
-3.702138941308323328e-01
-3.699295963550550681e-01
-3.696929682983808862e-01
-3.695058775844998755e-01
-3.693700884040750920e-01
-3.692870520662812073e-01
-3.692580569575299454e-01
-3.692842314597308273e-01
-3.693665628466831774e-01
-3.695059157783220360e-01
-3.697048458425489237e-01
-3.698506635069743753e-01
-3.700641676355742038e-01
-3.703455102078732630e-01
-3.706946641374013196e-01
-3.711114540170086795e-01
-3.715955849498178143e-01
-3.721466676209218560e-01
-3.727642403091924184e-01
-3.734477883501928219e-01
-3.741967614298444267e-01
-3.749030627383588832e-01
-3.756840025167334507e-01
-3.765380376576407673e-01
-3.774635779820145198e-01
-3.784588062699749678e-01
-3.795224903999940280e-01
-3.806523116440733712e-01
-3.818476400165273787e-01
-3.831064791488872912e-01
-3.844272613876850153e-01
-3.857137253723076920e-01
-3.870705198785068801e-01
-3.884945632253598569e-01
-3.899829401802147877e-01
-3.915328715253019731e-01
-3.931416860256705670e-01
-3.948068046627263294e-01
-3.965257321398700796e-01
-3.982960525563474796e-01
-4.001154273359547320e-01
-4.019296536914123141e-01
-4.038024776691346851e-01
-4.057277048338929770e-01
-4.077003869385343315e-01
-4.097163673140504780e-01
-4.117714959651732065e-01
-4.138620692935903178e-01
-4.159846225088099647e-01
-4.181358788314630814e-01
-4.203127160725579348e-01
-4.224690295567569143e-01
-4.246557923534650669e-01
-4.268668123482568522e-01
-4.141067956517043291e-01
-4.142593177466948884e-01
-4.143990342126159243e-01
-4.145249154761257437e-01
-4.146358609116300720e-01
-4.147067964303792209e-01
-4.147577147964704447e-01
-4.147875111755146560e-01
-4.147950770946338128e-01
-4.147794211188724489e-01
-4.147403221016670583e-01
-4.146766316391831131e-01
-4.145875553213133058e-01
-4.144719488816596131e-01
-4.143298331131304302e-01
-4.141180818579333067e-01
-4.138751603275919733e-01
-4.136006317247382102e-01
-4.132941830184785337e-01
-4.129556010240425512e-01
-4.125847545643241965e-01
-4.121813201168956775e-01
-4.117458814367161990e-01
-4.112781834162481664e-01
-4.107783402675244666e-01
-4.101848576150090020e-01
-4.095579274271448633e-01
-4.088982054598348514e-01
-4.082065219673838841e-01
-4.074838478357729610e-01
-4.067312670814618447e-01
-4.059499579985060280e-01
-4.051411798978905576e-01
-4.043062634269588562e-01
-4.034466031422556109e-01
-4.024849998328074996e-01
-4.015021444417691265e-01
-4.005000585492264342e-01
-3.994809083620398660e-01
-3.984469587298869464e-01
-3.974005334790399746e-01
-3.963439865173274956e-01
-3.952796865186848363e-01
-3.942099821248600811e-01
-3.931372000322564397e-01
-3.919749100840251854e-01
-3.908178518499826337e-01
-3.896686487626578321e-01
-3.885299378133457160e-01
-3.874043178326775361e-01
-3.862943055717131258e-01
-3.852022894311102341e-01
-3.841305632906941159e-01
-3.830812500436024948e-01
-3.820563175912321530e-01
-3.809686155743088332e-01
-3.799160450010516388e-01
-3.789002221566550310e-01
-3.779226610853043677e-01
-3.769847265994955565e-01
-3.760875978295180611e-01
-3.752322484067086017e-01
-3.744194377033476240e-01
-3.736497094922018869e-01
-3.729233956348975698e-01
-3.721616900202224243e-01
-3.714537428504618433e-01
-3.707989911156142071e-01
-3.701967877991500511e-01
-3.696463588031334568e-01
-3.691467375798295758e-01
-3.686968107223207447e-01
-3.682953648496349319e-01
-3.679410399173431157e-01
-3.676322596397594289e-01
-3.673067441820166978e-01
-3.670352004962873504e-01
-3.668149224276937015e-01
-3.666432588383199409e-01
-3.665175644327942628e-01
-3.664351701397573491e-01
-3.663933290329094983e-01
-3.663892856078466709e-01
-3.664203841944855822e-01
-3.664838586203363890e-01
-3.665400140922939198e-01
-3.666348067605857408e-01
-3.667643088568622867e-01
-3.669247557443428565e-01
-3.671125468139481152e-01
-3.673244061487859202e-01
-3.675569436231709841e-01
-3.678069057115796459e-01
-3.680711499631849071e-01
-3.683466673085871168e-01
-3.686196661773679661e-01
-3.689079961746101755e-01
-3.692076339605332991e-01
-3.695148727820719570e-01
-3.698262321647721174e-01
-3.701384512964253082e-01
-3.704483715446665881e-01
-3.707533576128367314e-01
-3.710506391872530063e-01
-3.713377550417228390e-01
-3.716109753592751197e-01
-3.718686490961920499e-01
-3.721088590877305591e-01
-3.723297582664210070e-01
-3.725302287835139392e-01
-3.727088684079854497e-01
-3.728646376266733231e-01
-3.729967462365806896e-01
-3.731045812647644788e-01
-3.731876139750742727e-01
-3.731958437276112206e-01
-3.731759225948629854e-01
-3.731291211408024888e-01
-3.730565353318252564e-01
-3.729594804228771321e-01
-3.728393775931609921e-01
-3.726977411014751884e-01
-3.725361681384774526e-01
-3.723562736475494739e-01
-3.721599379148520237e-01
-3.718742018611763123e-01
-3.715765065540416190e-01
-3.712692419845238789e-01
-3.709553813476823003e-01
-3.706371539690581085e-01
-3.703169768039151211e-01
-3.699972081450308425e-01
