5.863904796242797701e+00
3.112596024224012048e+00
2.620456491160285672e+00
2.337981355129422401e+00
2.186625331422933805e+00
2.116701796875741781e+00
1.952024896147928068e+00
1.956647124473757327e+00
1.976060484998859224e+00
2.003470351061201526e+00
2.034667667930496471e+00
2.067071532958222768e+00
2.099122130584646140e+00
2.129904381159527738e+00
2.158918143954291491e+00
2.185905474821177030e+00
2.037323113598656477e+00
2.052043777827803783e+00
2.063774174038484510e+00
2.073063569755036806e+00
2.080344111404495600e+00
2.085837433026561438e+00
2.089787793358500956e+00
2.092370617694782275e+00
2.093749148755851053e+00
2.093964813777754230e+00
1.914673277494469250e+00
1.904516339418134141e+00
1.892739853836174824e+00
1.879840361584389052e+00
1.866077112989747988e+00
1.851696993604805774e+00
1.836859443384043278e+00
1.821667412989725232e+00
1.806195924628955396e+00
1.790501648499608800e+00
1.591791296910364473e+00
1.567300824241560919e+00
1.542080475947901652e+00
1.516539977171616371e+00
1.490956102056791410e+00
1.465497658062102637e+00
1.440273803823435284e+00
1.415355585534700200e+00
1.390789818597068628e+00
1.366607889601298531e+00
1.156752844553318393e+00
1.125006224464683235e+00
1.093195190025344044e+00
1.061658399078192483e+00
1.030627520436346867e+00
1.000244837235174877e+00
9.705958988054781411e-01
9.417302578168366134e-01
9.136746344259268904e-01
8.864412651367865603e-01
6.719548099317176337e-01
6.382920239849579902e-01
6.049764754713091719e-01
5.723253059218147420e-01
5.405184981757602536e-01
5.097381443906663367e-01
4.800282328530730558e-01
4.514068727359363820e-01
4.238843635592647319e-01
3.974560642501893115e-01
1.832272116270756701e-01
1.513086834344905540e-01
1.199324263364125454e-01
8.940791268082626253e-02
5.993728375420992460e-02
3.160554177188856784e-02
4.521233020353121468e-03
-2.131822256164261908e-02
-4.593196562240547953e-02
-6.933737501005615700e-02
-2.801426668432268619e-01
-3.083344016271513666e-01
-3.359985056609934295e-01
-3.627638946506325790e-01
-3.884432444099858994e-01
-4.129420302342295956e-01
-4.362136181188134842e-01
-4.582609603447952429e-01
-4.790481770870470557e-01
-4.986183939494144846e-01
-7.042714322167156205e-01
-7.281429382309738685e-01
-7.515581343634332168e-01
-7.741960552824067587e-01
-7.958573951979994732e-01
-8.163969899663304775e-01
-8.357795796913101150e-01
-8.539593413322325022e-01
-8.710107851179698102e-01
-8.869143572927657981e-01
-1.086538287810161263e+00
-1.106304431598111648e+00
-1.125849835765708962e+00
-1.144798734049929489e+00
-1.162863420861147024e+00
-1.179929841028752868e+00
-1.195953780783747700e+00
-1.210914000695039849e+00
-1.224816672611117152e+00
-1.237692660473558526e+00
-1.247616408711007097e+00
-1.258253345205323948e+00
-1.268317922757241867e+00
-1.277712763704820231e+00
-1.286421552616519248e+00
-1.294409830576603859e+00
-1.301656031538442448e+00
-1.308293631817189606e+00
-1.314218808925450288e+00
-1.319464447576216948e+00
-1.138206182659833532e+00
-1.136234429377280808e+00
-1.133664985276725545e+00
-1.130664569609785230e+00
-1.127367170675855457e+00
-1.123826603011369052e+00
-1.120481861186926498e+00
-1.116054821570862998e+00
-1.111202267229463470e+00
-1.107956430652358382e+00
-9.192372341766894550e-01
-9.092978940416234224e-01
-8.989658836314856627e-01
-8.884691713222618858e-01
-8.779677891798272071e-01
-8.675566429454713013e-01
-8.572895882885060992e-01
-8.471947611594896621e-01
-8.372843263462930175e-01
-8.275606592215678514e-01
-6.325814266521447848e-01
-6.164921619690866272e-01
-6.010095226054144035e-01
-5.860683571480720389e-01
-5.716373093250768367e-01
-5.576859673625795821e-01
-5.441853586166065515e-01
-5.311081661319785319e-01
-5.184287854157090258e-01
-5.061232860904346653e-01
-3.115662783483000298e-01
-2.928218149558612371e-01
-2.749739567218309477e-01
-2.578950342621315617e-01
-2.415111811884060877e-01
-2.257636141593785117e-01
-2.106041052700531879e-01
-1.959919727286820179e-01
-1.818920634043111884e-01
-1.682733788122695584e-01
2.272307459623712500e-02
4.294015521900235166e-02
6.208598414375759988e-02
8.031968100992187276e-02
9.773737376822039247e-02
1.144126229499242142e-01
1.304036499148114037e-01
1.457580729699528566e-01
1.605062212436688118e-01
1.747122194926087335e-01
3.589244517325282935e-01
3.798010713043611375e-01
3.995026533397876278e-01
4.182814108192760005e-01
4.361743683835210827e-01
4.532623289470365524e-01
4.696037736002526275e-01
4.852458239907534443e-01
5.002286372485120758e-01
5.145872977422312200e-01
6.646547666320082870e-01
6.828388071970237228e-01
7.015351545675780898e-01
7.202452398206331541e-01
7.387071731204541969e-01
7.567127215445015320e-01
7.741688561628021770e-01
7.910206078250647810e-01
8.072405979279473343e-01
8.228199910609015344e-01
9.662011450884309127e-01
9.856363992277985542e-01
1.005469663779255063e+00
1.025241623143880565e+00
1.044658276745016101e+00
1.063580207364585473e+00
1.081823655310069743e+00
1.099422352215384091e+00
1.116311494334630616e+00
1.132490481329274434e+00
1.268485529900331255e+00
1.288522161131196331e+00
1.308912897127526120e+00
1.264791591551481797e+00
1.319448934414706898e+00
1.372074242766615715e+00
1.422843115622521637e+00
1.469805220995727968e+00
1.518607036457324089e+00
1.430033730716175677e+00
1.467912721992323144e+00
1.502956991514854845e+00
1.535883926333753369e+00
1.567254349914142253e+00
1.597229172793722896e+00
1.626193084312063775e+00
1.654212886432873342e+00
1.681394987652621742e+00
1.707809202723517661e+00
1.589921598589671081e+00
1.604051599892487356e+00
1.617228817762881743e+00
1.629592472533933023e+00
1.641233481594593258e+00
1.652203746499148806e+00
1.662529999761557464e+00
1.672222667093788973e+00
1.681281565460662986e+00
1.689699594163298624e+00
1.549447519215766622e+00
1.545025623516645075e+00
1.539702345242270232e+00
1.533581894612174867e+00
1.526770039088157782e+00
1.519342351850720529e+00
1.511163926953675407e+00
1.502433803217686714e+00
1.493078616699035077e+00
1.483111385987369468e+00
1.319069518155748799e+00
1.295993936283430958e+00
1.272201640609961437e+00
1.247837120024174684e+00
1.223010770854208840e+00
1.197802928860253191e+00
1.172275911459156550e+00
1.146481531149934785e+00
1.120465733749544501e+00
1.094271412480851469e+00
9.091906405059235752e-01
8.708751946992007165e-01
8.324514420485654709e-01
7.941147160693527995e-01
7.559851854119283843e-01
7.181568444225857606e-01
6.808432640207832121e-01
6.439635620285372175e-01
6.076534665369996979e-01
5.719603267617218156e-01
3.740316793161825304e-01
3.282599018789816858e-01
2.831984783749795787e-01
2.390505657218316982e-01
1.959685097576219226e-01
1.540581661188121787e-01
1.133942251697226400e-01
7.402997554970203176e-02
3.600353496023228628e-02
-6.581564637317960376e-04
-2.012809867337886360e-01
-2.458402931660694790e-01
-2.891318178118625348e-01
-3.308594735142389442e-01
-3.709911289048025695e-01
-4.093877610531211353e-01
-4.460181353483862465e-01
-4.808707697628458178e-01
-5.139492128762505052e-01
-5.452841903463133688e-01
-7.407203909417463539e-01
-7.783263914071684164e-01
-8.144831055300132405e-01
-8.489702990177333541e-01
-8.816648415003722761e-01
-9.125074080202051352e-01
-9.414812994267802715e-01
-9.685980483700278310e-01
-9.938909762188057329e-01
-1.017387800145253873e+00
-1.203676238860404091e+00
-1.232418282890114680e+00
-1.259970414750736012e+00
-1.286049447825211134e+00
-1.310467655331754688e+00
-1.333217047742347505e+00
-1.354289496761007294e+00
-1.373615271678783945e+00
-1.391312645141594917e+00
-1.407400114157246529e+00
-1.419905950422536423e+00
-1.432436163447746047e+00
-1.443868041096227461e+00
-1.454117366848902027e+00
-1.463232505580660536e+00
-1.471235183672284119e+00
-1.478103985038003776e+00
-1.483902856936522019e+00
-1.488672878392815813e+00
-1.492457020523771938e+00
-1.327052905374794811e+00
-1.320496975804329454e+00
-1.313354085728107412e+00
-1.305743330791363732e+00
-1.297759435894164870e+00
-1.289466338052817740e+00
-1.280908224863675171e+00
-1.272116552325349925e+00
-1.263114497334303810e+00
-1.253909357236811850e+00
-1.074837920010652370e+00
-1.056708223407222258e+00
-1.038960378091154491e+00
-1.021516569519675954e+00
-1.004453207632755696e+00
-9.877197990500325986e-01
-9.713061325099079379e-01
-9.551977814429957192e-01
-9.393794074776115055e-01
-9.238353729573013373e-01
-7.393578311807877945e-01
-7.155714311767606972e-01
-6.927514261159473108e-01
-6.707715871021839860e-01
-6.495515207036701710e-01
-6.290264807089422927e-01
-6.091425963397951726e-01
-5.898537110680915907e-01
-5.711192637491361301e-01
-5.529028454578309715e-01
-3.689716203069392519e-01
-3.428145539011825393e-01
-3.179706751980434509e-01
-2.942416640554070262e-01
-2.714971023087529023e-01
-2.496375272782351828e-01
-2.285843403836124721e-01
-2.082732280448186257e-01
-1.886498433052909984e-01
-1.696669437184008533e-01
9.105966504582618803e-03
3.581881734899255987e-02
6.106221645008119703e-02
8.506454525330264804e-02
1.079465951549366531e-01
1.299276499910051452e-01
1.509722173906806186e-01
1.712399680772446198e-01
1.907698484014892504e-01
2.093697017132630511e-01
3.788209307312335739e-01
4.050203390799058667e-01
4.297472854469776005e-01
4.532149751405690763e-01
4.755667943443843138e-01
4.969106219124441726e-01
5.173304512326886151e-01
5.368939402984428400e-01
5.556573425596417204e-01
5.736687523348074080e-01
7.058559169039463344e-01
7.273382015374119103e-01
7.489981395213294313e-01
7.704607298510391944e-01
7.914904059839484862e-01
8.119472194442327595e-01
8.317517256696090877e-01
8.508156819070012977e-01
8.692747211185340994e-01
8.870046243518344697e-01
1.009484635737686764e+00
1.030404151498639287e+00
1.051463722898664299e+00
1.072287670510882585e+00
1.092640145732364676e+00
1.112380656617880437e+00
1.131483701204780701e+00
1.149731287565073590e+00
1.167262212272656363e+00
1.184132527643556809e+00
1.296415768126509604e+00
1.316252828637689554e+00
1.336079808959893978e+00
1.355872414281898086e+00
1.400217694420888837e+00
1.454500685709468888e+00
1.507769737763820395e+00
1.444771614057765774e+00
1.486907434360114078e+00
1.527564723289613458e+00
1.567199474627049893e+00
1.605571143703523163e+00
1.643147628377380043e+00
1.679940878490335354e+00
1.716010057442114656e+00
1.751387143627744392e+00
1.786085216733504843e+00
1.698871454545522797e+00
1.721814673537402474e+00
1.743313804885407103e+00
1.763728947345971187e+00
1.782761191467219231e+00
1.800773841091832583e+00
1.817731947163201411e+00
1.833635050656116539e+00
1.848464513804936704e+00
1.862191295584904926e+00
1.745220283355693791e+00
1.745320935844850041e+00
1.743578251328176343e+00
1.740178543566293534e+00
1.735244245600517488e+00
1.728988726361582184e+00
1.721115296436614095e+00
1.711925653741042108e+00
1.701370567892823260e+00
1.689496163079360347e+00
1.537382972849472784e+00
1.511044281499325681e+00
1.482983204417073209e+00
1.453459159299791414e+00
1.422674875197466493e+00
1.390789487155936310e+00
1.357935911321232370e+00
1.324231634988650708e+00
1.289785314609607880e+00
1.254700706079648009e+00
1.071289691943984934e+00
1.023310829184314708e+00
9.746566524790947206e-01
9.256539916859893857e-01
8.765654494496514237e-01
8.275999605157027261e-01
7.787233343456005930e-01
7.288360905913033871e-01
6.819429235174010451e-01
6.408055118285089780e-01
4.458774640682666712e-01
3.921137144852910872e-01
3.374149827726334316e-01
2.826321320179601138e-01
2.283924259287901104e-01
1.751650475128362916e-01
1.232659133160314280e-01
7.291016313972048524e-02
2.424549220517152603e-02
-2.262657268144691036e-02
-2.267967087272278470e-01
-2.803952067226024858e-01
-3.324378012984163799e-01
-3.825541972050936490e-01
-4.305537460035523956e-01
-4.763335528461029034e-01
-5.198368299934750247e-01
-5.610565176296400391e-01
-5.999243495401096471e-01
-6.365722256987822458e-01
-8.311004130819157343e-01
-8.726162529258209011e-01
-9.124537831756971418e-01
-9.503500478063161561e-01
-9.860977875746956833e-01
-1.019667848867190196e+00
-1.051001953988885962e+00
-1.080088553864989143e+00
-1.107025332537662887e+00
-1.131886768883872296e+00
-1.313470860203982182e+00
-1.342424321667068376e+00
-1.370157874568395107e+00
-1.396349870087802536e+00
-1.420857071739667354e+00
-1.443475219413789201e+00
-1.464270378984262821e+00
-1.483220649730538021e+00
-1.500368128143025226e+00
-1.515768520731975322e+00
-1.523476716814808007e+00
-1.534768545827186248e+00
-1.545122883775340572e+00
-1.554357184244868906e+00
-1.562393189564497575e+00
-1.569289090893200900e+00
-1.575020529968969463e+00
-1.579622360401915060e+00
-1.583136385333811846e+00
-1.585609745769918977e+00
-1.416121253352024656e+00
-1.408123822335222153e+00
-1.399684413329705723e+00
-1.390822990257644332e+00
-1.381580376692471024e+00
-1.371991957220309200e+00
-1.362089026062607511e+00
-1.351899522764153039e+00
-1.341448615753408014e+00
-1.330759547660512077e+00
-1.147310253392212598e+00
-1.127563616113175016e+00
-1.108327742331546517e+00
-1.089537065340883348e+00
-1.071065674004557877e+00
-1.052910022859201655e+00
-1.035045483610572026e+00
-1.017455347121587028e+00
-1.000128130313921559e+00
-9.830555683484273333e-01
-7.943570264577182183e-01
-7.689588992193823191e-01
-7.447131910431631363e-01
-7.213345030916668010e-01
-6.987824962120483541e-01
-6.769245879771244034e-01
-6.557017882749449633e-01
-6.350687963302308336e-01
-6.149910231948461092e-01
-5.954194797947947038e-01
-4.077696147817128081e-01
-3.802483879716037629e-01
-3.542055728286703231e-01
-3.293602341495699415e-01
-3.055413763748465183e-01
-2.826537058869498242e-01
-2.605309238003743477e-01
-2.392104577386017505e-01
-2.186014754689046824e-01
-1.986658928054658158e-01
-1.682504398823930769e-02
1.080825456388057049e-02
3.684747085997064353e-02
6.158032231638177478e-02
8.518669554221086626e-02
1.077918972926546481e-01
1.294859113109292081e-01
1.503357701348302933e-01
1.703935123578800559e-01
1.897013101661917944e-01
3.614906005052257454e-01
3.881081650308743636e-01
4.132188129655403053e-01
4.370620672656579941e-01
4.597891446009828020e-01
4.815072430173449325e-01
5.022950101413802271e-01
5.222124734736970364e-01
5.413074218129609871e-01
5.595809210960343005e-01
6.920542687280302196e-01
7.139812171262648333e-01
7.361735167430822901e-01
7.583317929147730396e-01
7.801126061821690438e-01
8.013459282689894270e-01
8.219298745879771717e-01
8.418075751014846286e-01
8.609508991584698956e-01
8.793500461762409071e-01
1.004127676131168601e+00
1.026144868833453350e+00
1.048344523269101325e+00
1.070486615817594078e+00
1.092233394042131156e+00
1.113418805494860608e+00
1.133913084462864651e+00
1.153799601499153171e+00
1.172837259409765576e+00
1.191179610189456062e+00
1.308469620298192915e+00
1.330368220380886646e+00
1.419530250672441207e+00
1.463033109120982722e+00
1.506090472417715542e+00
1.548682866797415958e+00
1.590786338870317174e+00
1.501519932645736244e+00
1.532824082091031048e+00
1.562797141979155979e+00
1.591699664282169691e+00
1.619694146355222575e+00
1.646872379859586344e+00
1.673324317663681171e+00
1.698976236127526018e+00
1.724067615767181039e+00
1.748120487857010907e+00
1.634739811157246425e+00
1.646871425251418275e+00
1.657608038496839242e+00
1.666832075930112955e+00
1.675013059115257885e+00
1.682191743645076176e+00
1.688424750105602001e+00
1.693741042682632703e+00
1.698167056893768123e+00
1.701682664331980455e+00
1.560176960388460321e+00
1.550778395038174384e+00
1.539953282487403818e+00
1.527924360292323591e+00
1.514883010233146976e+00
1.500959808820578889e+00
1.486245380423053319e+00
1.470806977363330992e+00
1.454698732910582271e+00
1.437967205499008694e+00
1.268680747936601350e+00
1.239513115226073436e+00
1.209439098362026455e+00
1.178736331941099946e+00
1.147632948452221413e+00
1.116293552572129810e+00
1.084843516805747532e+00
1.053383028643709363e+00
1.021995885984795960e+00
9.907549665662415128e-01
8.007372426162450152e-01
7.588305951024955087e-01
7.170661874146717629e-01
6.755654302353869545e-01
6.345827495261114892e-01
5.942884611003900197e-01
5.548065143340721317e-01
5.162292162857824440e-01
4.786270604301914311e-01
4.420549874307715399e-01
2.424415318515785178e-01
1.976094483423025405e-01
1.535723352227868488e-01
1.106382978356090785e-01
6.893800211321554627e-02
2.878553515102544313e-02
-9.852106327988163770e-03
-4.692674761311987908e-02
-8.240993232648757827e-02
-1.162889076978564362e-01
-3.157006775141618649e-01
-3.559920509034613101e-01
-3.951656454388540185e-01
-4.327831676378655068e-01
-4.687534856750493750e-01
-5.029801537514503318e-01
-5.354230436948921312e-01
-5.660670028302872137e-01
-5.949219162740562172e-01
-6.220141031766324158e-01
-8.154515784276835655e-01
-8.478215157000876800e-01
-8.790473868804329349e-01
-9.088697801961613809e-01
-9.370845857460519124e-01
-9.635297043477162315e-01
-9.884185751588241420e-01
-1.011570874064744885e+00
-1.033069225529776425e+00
-1.052870515966255249e+00
-1.238114158130596110e+00
-1.262487888642827460e+00
-1.286049527771828238e+00
-1.308517682717279085e+00
-1.329709347948280662e+00
-1.349401401400653011e+00
-1.367657014617092104e+00
-1.384409827746661437e+00
-1.399681469902723352e+00
-1.413548418466036072e+00
-1.421954578000188540e+00
-1.432502494899158929e+00
-1.442251366410456814e+00
-1.451099064578408537e+00
-1.459028087148074526e+00
-1.466042330789266490e+00
-1.472008991274847300e+00
-1.477050083496383337e+00
-1.481210940453146385e+00
-1.484525239980107880e+00
-1.312197823367432736e+00
-1.305990037062648490e+00
-1.299462846019303175e+00
-1.292682843836922668e+00
-1.285476332560222756e+00
-1.277522535599645570e+00
-1.273050551003261033e+00
-1.269391470474666050e+00
-1.263817692302111384e+00
-1.256501794220678203e+00
-1.070724554774037607e+00
-1.053298101821323662e+00
-1.035958840620012644e+00
-1.018796352879433265e+00
-1.001881251956147967e+00
-9.852526864845776444e-01
-9.689301394136042855e-01
-9.529209058305154745e-01
-9.372248120527424398e-01
-9.218371764475072894e-01
-7.290748220714601269e-01
-7.056991030829262712e-01
-6.834127681873389815e-01
-6.620299129448063979e-01
-6.414408596054494982e-01
-6.215660112537723103e-01
-6.023455984824481746e-01
-5.837330408809349169e-01
-5.656906299431795349e-01
-5.481867046883819317e-01
-3.569950577265079694e-01
-3.317670749778974804e-01
-3.078960598029229501e-01
-2.851486622939206073e-01
-2.633818885471705395e-01
-2.424930561904253268e-01
-2.224059070862341447e-01
-2.030616457685724408e-01
-1.844131375130809158e-01
-1.664211350244019227e-01
1.909158747795458577e-02
4.461598101144664819e-02
6.869460956889783532e-02
9.156493343277904984e-02
1.133748055153471768e-01
1.342306923548163278e-01
1.542119481804651304e-01
1.733800132389157200e-01
1.917843586002612177e-01
2.094663431990973490e-01
3.855603035107505461e-01
4.104500541194799901e-01
4.339825866442513225e-01
4.563476506000402333e-01
4.776644704517927220e-01
4.980211838085085718e-01
5.174577444454819819e-01
5.361206312792088369e-01
5.539804753726946807e-01
5.710146346382969362e-01
7.094825977132553918e-01
7.301348442237062253e-01
7.512116850842842641e-01
7.722515573710415637e-01
7.929587331899735636e-01
8.131536653663227199e-01
8.327307978028160029e-01
8.516316362443341337e-01
8.698275623314732918e-01
8.873088676082117043e-01
1.018766836397639208e+00
1.039838076867251493e+00
1.061313377194648133e+00
1.082731237541017855e+00
1.103798857252750398e+00
1.124303453069278813e+00
1.144300503758499232e+00
1.163474753828865005e+00
1.181994445779203540e+00
1.199796800852788170e+00
1.324371380380987340e+00
1.345845440467296594e+00
1.367767801916054404e+00
1.337263806738269833e+00
1.383914200880316692e+00
1.429428105896334289e+00
1.473948570593287100e+00
1.517565708049307682e+00
1.560333724515759357e+00
1.468128306268646543e+00
1.499488344355788705e+00
1.529318010978955034e+00
1.558079230420879924e+00
1.585873735979801857e+00
1.612787990958975515e+00
1.638870071083097013e+00
1.664144297624515989e+00
1.688619919220111676e+00
1.712296396618593342e+00
1.596358106585034520e+00
1.608003909590138392e+00
1.618089717844495734e+00
1.627042765155779724e+00
1.634977071261523474e+00
1.641976237169420649e+00
1.648087952949150337e+00
1.653338558153264470e+00
1.657741753791414530e+00
1.661303961895654435e+00
1.518655140259163483e+00
1.509478622504042633e+00
1.499018633935862876e+00
1.487498065523549684e+00
1.475077045674661580e+00
1.461865096659946239e+00
1.447941958724775269e+00
1.433371906673244212e+00
1.418188731869270303e+00
1.402546063975355306e+00
1.233770808790819462e+00
1.205705604780234141e+00
1.176857820165246427e+00
1.147482663160724448e+00
1.117772273115160253e+00
1.087867866436100561e+00
1.057878157595467439e+00
1.027890961786224633e+00
9.979804653607734499e-01
9.682117462042862943e-01
7.797388367774656937e-01
7.393460544480316976e-01
6.990026490685758986e-01
6.588837087755814448e-01
6.193689341882340216e-01
5.805357424072815631e-01
5.424613462692199350e-01
5.052296088740572122e-01
4.689062163683327955e-01
4.335432182689424874e-01
2.353752731240150720e-01
1.915405383349806367e-01
1.484956254988574198e-01
1.065020032562433161e-01
6.569350359519415816e-02
2.632572532514526609e-02
-1.156578619757719917e-02
-4.797842504773475181e-02
-8.288587159340699007e-02
-1.162753743130814366e-01
-3.149996134125612746e-01
-3.550811529979526204e-01
-3.939509068341509046e-01
-4.314122113413403903e-01
-4.673078191289484207e-01
-5.015334620762805784e-01
-5.340709894572754912e-01
-5.648372509069956582e-01
-5.938282180967294765e-01
-6.211453106895306053e-01
-8.145887969982951171e-01
-8.474233183286884463e-01
-8.791588843576683132e-01
-9.095154438782885320e-01
-9.383181275479077765e-01
-9.654785708586930415e-01
-9.909637832621553954e-01
-1.014804645790939430e+00
-1.036970508016492598e+00
-1.057554259455098178e+00
-1.243542397874046301e+00
-1.268855743060923746e+00
-1.293382363711778060e+00
-1.316825209466750746e+00
-1.338872945717080709e+00
-1.359516897058030693e+00
-1.378721036990548265e+00
-1.396431618049721823e+00
-1.412683514413342278e+00
-1.427490387659124504e+00
-1.437969265785327577e+00
-1.449646365540837811e+00
-1.460441694328590501e+00
-1.470269416394762718e+00
-1.479102663737590140e+00
-1.486984823126821231e+00
-1.493821687853837732e+00
-1.499640164494367101e+00
-1.504536285254274075e+00
-1.508543173316850172e+00
-1.338863104213264155e+00
-1.333418155361549173e+00
-1.327331486812582728e+00
-1.320754894241630506e+00
-1.313721595380751506e+00
-1.306255749454507065e+00
-1.298479013770130086e+00
-1.290427187313446744e+00
-1.282127834496356478e+00
-1.273603465423758241e+00
-1.090637371521735455e+00
-1.073831706548077136e+00
-1.057217888896451186e+00
-1.040787774560258505e+00
-1.024555189045448511e+00
-1.008527918230271325e+00
-9.927098687222676299e-01
-9.771007709247385709e-01
-9.617272062649495634e-01
-9.465514390375268095e-01
-7.576617532811740219e-01
-7.348071551550932057e-01
-7.127121354990643143e-01
-6.912735411630073212e-01
-6.704392153491102180e-01
-6.501703368494723412e-01
-6.304367631670741989e-01
-6.112140208287016874e-01
-5.924813466295930642e-01
-5.742204036645621734e-01
-3.849189034117959651e-01
-3.592894181213237559e-01
-3.347736862267821079e-01
-3.112057736933104279e-01
-2.884896480750694936e-01
-2.665558329340237953e-01
-2.453520679060450238e-01
-2.248372971184849356e-01
-2.049777881447563121e-01
-1.857446180956641713e-01
-5.166690065502854701e-04
2.589079374585773197e-02
5.102166169948335606e-02
7.506309466090493876e-02
9.812764860146566681e-02
1.202968359816390942e-01
1.416320476956572927e-01
1.621815665350262448e-01
1.819850803681665741e-01
2.010765929049951328e-01
3.782752793053209550e-01
4.042765676752357873e-01
4.290358503269134927e-01
4.527894536264252534e-01
4.754300520549824549e-01
4.971318112727174943e-01
5.179771817598987083e-01
5.380069221053673800e-01
5.572501644178680102e-01
5.756988983656059489e-01
7.408587856405602912e-01
7.657748191963220652e-01
7.896908558085313778e-01
8.126690666034317445e-01
8.347617200679267047e-01
8.560476840455786274e-01
8.763263366419296041e-01
8.958199730131000127e-01
9.145398558974268122e-01
9.325100850156694543e-01
1.059880738610978312e+00
1.080756919271991245e+00
1.102484332582018389e+00
1.124445117873504429e+00
1.146246998848528875e+00
1.167660015499078607e+00
1.188669445764577670e+00
1.208807565064732970e+00
1.228341971544950173e+00
1.247206982895430638e+00
1.368681304472330496e+00
1.390596335470950962e+00
1.413500275167095310e+00
1.225454201635364448e+00
1.273645031075194112e+00
1.319749270009221931e+00
1.364334657514979732e+00
1.407756210003134223e+00
1.450234241025202486e+00
1.491991431816229507e+00
1.532910175046456214e+00
1.445905525381710577e+00
1.475453998639164821e+00
1.503851987677847557e+00
1.531300797251488710e+00
1.557928171567064757e+00
1.583833205331141691e+00
1.609002298100437489e+00
1.633477219054485063e+00
1.657418605190508654e+00
1.680423317511592129e+00
1.569860859809327547e+00
1.580671470269004342e+00
1.590329591590874392e+00
1.599102391808845391e+00
1.606754699434500555e+00
1.613622848959960443e+00
1.619693402398925119e+00
1.624985594647944120e+00
1.629504309708771359e+00
1.633260619647766365e+00
1.496018292840750163e+00
1.486645798771940807e+00
1.476230651554324425e+00
1.464913454989980046e+00
1.452815130902540552e+00
1.440018577786352783e+00
1.426583999862267360e+00
1.412558106751990783e+00
1.397979896258057408e+00
1.382884260780950392e+00
1.219136819977223229e+00
1.191293199880626652e+00
1.162869670752502138e+00
1.134060878078358758e+00
1.105019857681540429e+00
1.075861613117400140e+00
1.046676905439559269e+00
1.017540896689435259e+00
9.885185313981532662e-01
9.596678517781306317e-01
7.758158145632404468e-01
7.357547739275436260e-01
6.959456641796747389e-01
6.565914566688718645e-01
6.178505343626816693e-01
5.798380588408347247e-01
5.426402737657387565e-01
5.063110669125957530e-01
4.709239496591255403e-01
4.364317261414655258e-01
2.423681088235519199e-01
1.988171294288723079e-01
1.562591910592308064e-01
1.148876533675040057e-01
7.482866312253255714e-02
3.619606485781834415e-02
-1.049009853883231536e-03
-3.666132980362302174e-02
-7.077364120874068965e-02
-1.033822790993691731e-01
-2.988668215122994853e-01
-3.388977015050764208e-01
-3.776075975568227716e-01
-4.147666054204597330e-01
-4.502698919923053822e-01
-4.840674180549586203e-01
-5.161335728293595659e-01
-5.464694848116089521e-01
-5.750939230245235567e-01
-6.020798646412388599e-01
-7.933022568380060369e-01
-8.264894655247660982e-01
-8.584309286185649590e-01
-8.889003112243347715e-01
-9.178326465612636209e-01
-9.450092993913520312e-01
-9.705514857051689148e-01
-9.943649212354928046e-01
-1.016500085707248369e+00
-1.037119631555063703e+00
-1.221940467521792861e+00
-1.248121016013458151e+00
-1.273361447296995408e+00
-1.297373157200035321e+00
-1.319900833272349860e+00
-1.340976818471285803e+00
-1.360576200309600914e+00
-1.378709352378318265e+00
-1.395405467495475449e+00
-1.410738247430934234e+00
-1.424180651123159613e+00
-1.436497885325263679e+00
-1.447799275140178032e+00
-1.458077656080937423e+00
-1.467336222132870072e+00
-1.475592975833555087e+00
-1.482875901626558690e+00
-1.489218670499738550e+00
-1.494657905519939378e+00
-1.499246025453115472e+00
-1.334377595162933972e+00
-1.329094367245823083e+00
-1.323074679271832199e+00
-1.316515349222580955e+00
-1.309546590468918303e+00
-1.302254640610529535e+00
-1.294698185334065776e+00
-1.286918156452318662e+00
-1.278943962379821997e+00
-1.270797452771667668e+00
-1.091510389130739611e+00
-1.074778396731996377e+00
-1.058150252749211040e+00
-1.041686138707313969e+00
-1.025440548470092583e+00
-1.009441283177804349e+00
-9.937731956153870172e-01
-9.782860679256124570e-01
-9.630464578463138192e-01
-9.480776051785761993e-01
-7.618440809702073935e-01
-7.389927240050976343e-01
-7.167818123873932468e-01
-6.951854112696567167e-01
-6.741961350011262954e-01
-6.538003226788240418e-01
-6.339807976684075363e-01
-6.147185695041927911e-01
-5.959938634528527679e-01
-5.777058966989346844e-01
-3.900756786166901802e-01
-3.644061982057693605e-01
-3.396725570658609694e-01
-3.158037443025547009e-01
-2.927642926045750937e-01
-2.705168349967915220e-01
-2.490266619038088436e-01
-2.282617995394345400e-01
-2.081922342668499626e-01
-1.888597405720323641e-01
-4.246151095752992433e-03
2.241998491551572270e-02
4.800914729065725028e-02
7.258537911602552795e-02
9.620743272111637046e-02
1.189251149681270769e-01
1.407820571029227974e-01
1.618174641352445597e-01
1.820672528670684298e-01
2.015648133984129231e-01
3.793443755794011496e-01
4.056131255158343940e-01
4.308880027708439919e-01
4.552059237575689643e-01
4.785939212505790352e-01
5.010796432619785135e-01
5.227859211092807934e-01
5.434738741716675925e-01
5.633702201180779134e-01
5.824935903028158890e-01
7.494582545223225090e-01
7.747276007816081833e-01
7.993086146315637741e-01
8.231229232448902255e-01
8.461208164969272749e-01
8.682836392329320585e-01
8.896119687519987718e-01
9.101181192654299590e-01
9.298214008914944539e-01
9.487451317194346423e-01
1.081128819593577317e+00
1.102738062537977459e+00
1.125445582215657270e+00
1.148679878971551993e+00
1.171581878740359794e+00
1.194194445307711794e+00
1.216302833184556009e+00
1.237809431852417763e+00
1.258662355456727555e+00
1.278839656542487990e+00
1.407311899535848898e+00
1.430370225112582716e+00
1.454624192843212871e+00
1.243329406654670732e+00
1.277827127971795651e+00
1.311808748753618747e+00
1.345276099749226129e+00
1.378230316768927155e+00
1.317622168940030924e+00
1.342653756784575769e+00
1.366417405228773418e+00
1.389215187604452950e+00
1.411358432238470906e+00
1.432618115957523086e+00
1.453316824021192444e+00
1.473454386337947453e+00
1.493197109051926041e+00
1.512216351454575225e+00
1.431480816795146715e+00
1.441697208755193138e+00
1.450777723692485255e+00
1.458940361259431384e+00
1.466324104258962091e+00
1.473011871613138180e+00
1.479187579582278644e+00
1.484559237480202576e+00
1.489343397037664829e+00
1.493520915790313097e+00
1.391175441008583258e+00
1.385666250260409127e+00
1.379133893047589154e+00
1.371757304766846097e+00
1.363659790388827453e+00
1.354922541256243562e+00
1.345600716453172918e+00
1.335733637254690631e+00
1.325351244651944427e+00
1.314478180772563620e+00
1.190644615342738577e+00
1.169943153903181710e+00
1.148559432487325616e+00
1.126669301570961235e+00
1.104406259702977788e+00
1.081868334179004076e+00
1.059131208554369818e+00
1.036256830247752836e+00
1.013305251969420340e+00
9.903090651869805860e-01
8.490388962385334581e-01
8.170850156773653561e-01
7.850657342017630658e-01
7.531592839659496663e-01
7.215047716836143765e-01
6.902055101033426343e-01
6.593405369625101597e-01
6.289675687235219970e-01
5.991526424603587087e-01
5.699369259178270752e-01
4.186153937774795830e-01
3.819295591584498384e-01
3.458252830260204469e-01
3.104731485873496455e-01
2.760009449795692293e-01
2.424961831323888817e-01
2.100192801595390235e-01
1.786120220664432212e-01
1.483030152811641300e-01
1.191112213542445120e-01
-3.457531642073874423e-02
-6.979747247639089824e-02
-1.040382033576592868e-01
-1.371335023793630037e-01
-1.689709420441595500e-01
-1.994868168194232905e-01
-2.287181733066017686e-01
-2.565146067548821351e-01
-2.828917187688613222e-01
-3.079163333911170142e-01
-4.585250962499364258e-01
-4.885669396599722214e-01
-5.175727269310965717e-01
-5.453649819795790554e-01
-5.718309515746959892e-01
-5.969136380718766954e-01
-6.205957433794978551e-01
-6.429338792740706410e-01
-6.638490671680012944e-01
-6.833495902838609970e-01
-8.283008975865431278e-01
-8.521909754403627080e-01
-8.752410678269139099e-01
-8.972428340672842229e-01
-9.181097146064410852e-01
-9.376940004299657572e-01
-9.559331066384955111e-01
-9.729099015725470867e-01
-9.886450671192991146e-01
-1.003166994338567264e+00
-1.141795243162702311e+00
-1.160287332436165553e+00
-1.178241786178112482e+00
-1.195390891282142709e+00
-1.211565626182045996e+00
-1.226681842050465487e+00
-1.240721107482231078e+00
-1.253669207456513890e+00
-1.265474326450345854e+00
-1.276228514187083274e+00
-1.271765024088808538e+00
-1.279435359528845684e+00
-1.286529412262092942e+00
-1.292987162055241779e+00
-1.298773194009756882e+00
-1.303746571589791348e+00
-1.308019129238144895e+00
-1.311572711658439028e+00
-1.314467936127526659e+00
-1.316718452846535437e+00
-1.165241874111363041e+00
-1.158465653990214062e+00
-1.151320552802404862e+00
-1.143879113795663871e+00
-1.136197906395453927e+00
-1.128319021283011425e+00
-1.120270897979290359e+00
-1.112075080993721432e+00
-1.103764715137690811e+00
-1.095364526055721210e+00
-9.326362074943119751e-01
-9.160999073798827830e-01
-8.999371077182047873e-01
-8.840492711292882166e-01
-8.684309309458904114e-01
-8.530945245822898482e-01
-8.380321172413069952e-01
