5.175877080680234797e-03
5.165305993843788759e-03
5.149750840363062805e-03
5.132888779839776469e-03
5.123001533982134842e-03
5.110562456465998597e-03
5.097982722668925604e-03
5.084697026104507446e-03
5.070290177583942209e-03
5.054479884739945979e-03
5.038825139318810209e-03
5.024066877745544425e-03
5.009293284929126899e-03
4.993914924549802507e-03
4.977557338886365659e-03
4.959974874340568503e-03
4.941012290763074910e-03
4.920566834933207123e-03
4.898578611460925082e-03
4.875015547221119884e-03
4.850972904770042143e-03
4.826972873094660492e-03
4.802474989424538980e-03
4.777153800615368401e-03
4.750808005970687080e-03
4.723326672216640772e-03
4.694657005741086075e-03
4.664780075512882720e-03
4.633698234556466594e-03
4.601431427480573953e-03
4.569121059878782261e-03
4.537316310566664838e-03
4.505498947387868817e-03
4.473358274664157933e-03
4.440718084600499965e-03
4.407486417643414166e-03
4.373624580093967221e-03
4.339129405042241663e-03
4.304015159007927062e-03
4.268311272836031005e-03
4.233130896739244371e-03
4.199001123757932670e-03
4.165410121669189079e-03
4.132052155085158031e-03
4.098751344249566657e-03
4.065413465555821684e-03
4.031995443443093033e-03
3.998486038705847435e-03
3.964893625888587202e-03
3.931238460327649356e-03
3.898568240930200095e-03
3.867367617632575319e-03
3.837128370642956410e-03
3.807541596401502193e-03
3.778423966909147304e-03
3.749670990883866364e-03
3.721225675019359299e-03
3.693065248750813500e-03
3.665183846189108609e-03
3.637585158158411752e-03
3.611242926054810277e-03
3.586587756478697413e-03
3.563119947548416041e-03
3.540529202456913372e-03
3.518625835089516686e-03
3.497294007475927613e-03
3.476469491951149782e-03
3.456114972385362916e-03
3.436211639401181520e-03
3.416753507183117790e-03
3.398631892122289284e-03
3.382232725079138864e-03
3.367067389099220355e-03
3.352829549167821773e-03
3.339328121261008094e-03
3.326442900633546675e-03
3.314101043632191462e-03
3.302260434038129227e-03
3.290895053083620243e-03
3.279989502787257656e-03
3.270359328029795194e-03
3.262344879962777913e-03
3.255476532243390189e-03
3.249459720350738809e-03
3.244107593772475179e-03
3.239300223140647098e-03
3.234962520810133815e-03
3.231050603038946537e-03
3.227535222933374144e-03
3.224396999938303632e-03
3.222378234264465600e-03
3.221781839774613947e-03
3.222162792386482587e-03
3.223238787496517446e-03
3.224830801377544329e-03
3.226822224209876210e-03
3.229141049337682853e-03
3.231742599731295563e-03
3.234594780482458101e-03
3.237679533128177706e-03
3.241668478923789582e-03
3.246828781653911082e-03
3.252744937041890817e-03
3.259151153929404441e-03
3.265881218895959510e-03
3.272831510561354830e-03
3.279935752956410211e-03
3.287151956237085483e-03
3.294453545376539207e-03
3.301823569333877089e-03
3.308847822820362803e-03
3.315345247355998455e-03
3.321532401808763649e-03
3.327544718851487872e-03
3.333466723109081067e-03
3.339350585777021117e-03
3.345227804793925175e-03
3.351116653619073699e-03
3.357026936186913949e-03
3.362963026050505132e-03
3.368085535728600633e-03
3.372043097768646826e-03
3.375314498741026695e-03
3.378199386455116304e-03
3.380883396911324446e-03
3.383479736968944638e-03
3.386055661454378477e-03
3.388649333225297270e-03
3.391280560422405086e-03
3.393957635178878642e-03
3.396342143441705239e-03
3.398286702544028523e-03
3.399970487837572410e-03
3.401503301709980949e-03
3.402950974355584569e-03
3.404351551775552671e-03
3.405725601953414269e-03
3.407083263932391987e-03
3.408428740600666102e-03
3.409759015384994547e-03
3.410746716158186663e-03
3.411251022537878375e-03
3.411444607460558873e-03
3.411435458723897831e-03
3.411289388000632566e-03
3.411044154965221873e-03
3.410722450697760942e-03
3.410336670570451520e-03
3.409892868936361971e-03
3.409393273707274873e-03
3.408531575160447715e-03
3.407175918584598277e-03
3.405496053560026683e-03
3.403598534705912660e-03
3.401549854408970463e-03
3.399391213659240345e-03
3.397147927002896420e-03
3.394835409388986380e-03
3.392462985516308486e-03
3.390036311904911105e-03
3.387266324463347571e-03
3.384031616059935722e-03
3.380499496963700577e-03
3.376776280500874000e-03
3.372929610125011048e-03
3.369002720658013580e-03
3.365023522603531603e-03
3.361010387670384722e-03
3.356975832228380717e-03
3.352928861237355982e-03
3.348595762657072261e-03
3.343864370884406731e-03
3.338900109177091093e-03
3.333809420470865235e-03
3.328661364303874513e-03
3.323501419602854605e-03
3.318360283279919287e-03
3.313259478747980318e-03
3.308214930855752148e-03
3.303239244564650130e-03
3.298117507359066367e-03
3.292751835840999723e-03
3.287262331522506058e-03
3.281727113224477011e-03
3.276197785599177514e-03
3.270709331621823000e-03
3.265286419018104559e-03
3.259947419906456846e-03
3.254706972528670882e-03
3.249577613846536990e-03
3.244349157893855647e-03
3.238924607568935063e-03
3.233420842563717451e-03
3.227914720434172085e-03
3.222457836460080639e-03
3.217085971970317770e-03
3.211825124818272655e-03
3.206695358832228979e-03
3.201713261997702741e-03
3.196893517639104020e-03
3.192028996734385532e-03
3.187022858154718152e-03
3.181990788674887542e-03
3.177009827619552054e-03
3.172132643585747879e-03
3.167396685483707831e-03
3.162830033360085249e-03
3.158455141627458142e-03
3.154291236978915263e-03
3.150355858211883152e-03
3.146442160783135666e-03
3.142452090537774766e-03
3.138502072185799484e-03
3.134670880098591218e-03
3.131013596590126891e-03
3.127570573863714450e-03
3.124373177017018832e-03
3.121447469698368591e-03
3.118816585700403057e-03
3.116502262114749771e-03
3.114765942901291575e-03
3.113714200903620194e-03
3.113206989258225123e-03
3.113168437450568315e-03
3.113564347221315590e-03
3.114387834920770252e-03
