-9.027048475459931165e-03
-9.018897066609387822e-03
-9.012601716391396151e-03
-9.008098824071407440e-03
-9.001240972083766542e-03
-8.994032525033366504e-03
-8.986965846821584614e-03
-8.979985669655172684e-03
-8.973046172992890993e-03
-8.966108423328011945e-03
-8.959101777633503294e-03
-8.951971725809021799e-03
-8.944700690374928972e-03
-8.937276020938423812e-03
-8.929691026533027529e-03
-8.921941970713029996e-03
-8.914029234972460289e-03
-8.905955420136002498e-03
-8.897726850189578360e-03
-8.889352863177626268e-03
-8.880763413066681405e-03
-8.871906191551046442e-03
-8.862800608677936717e-03
-8.853469641197580370e-03
-8.843935981622152304e-03
-8.834224430005732306e-03
-8.824361267610311699e-03
-8.814373060947098409e-03
-8.804286404011785541e-03
-8.794128698465367155e-03
-8.783834950664865318e-03
-8.773357250425528261e-03
-8.762728134310013642e-03
-8.751980020566913973e-03
-8.741145532515343097e-03
-8.730256839293747823e-03
-8.719345457388748277e-03
-8.708442599555367425e-03
-8.697577788951044858e-03
-8.686780174214581846e-03
-8.675966142164677833e-03
-8.665073631755048147e-03
-8.654137288574122178e-03
-8.643189900012395246e-03
-8.632262350442003462e-03
-8.621383682566242934e-03
-8.610581187938599543e-03
-8.599880508119456951e-03
-8.589305735696438002e-03
-8.578879509852109508e-03
-8.568487509486879400e-03
-8.558045748901650998e-03
-8.547587626120751320e-03
-8.537142079668389241e-03
-8.526734427751038806e-03
-8.516386986762462460e-03
-8.506119021586083101e-03
-8.495948656629837004e-03
-8.485891580627470329e-03
-8.475961270826282146e-03
-8.466010588992194802e-03
-8.455930807162413687e-03
-8.445755636149420570e-03
-8.435511004687970202e-03
-8.425217465844781622e-03
-8.414890867414105344e-03
-8.404545114601124842e-03
-8.394190770229525284e-03
-8.383836368451561341e-03
-8.373489237119492029e-03
-8.362969345816430658e-03
-8.352148516624503805e-03
-8.341063054154884693e-03
-8.329739060675847226e-03
-8.318195439060798585e-03
-8.306445337341572185e-03
-8.294498601202062935e-03
-8.282362918550383035e-03
-8.270043270681469785e-03
-8.257542766648440571e-03
-8.244655140754378678e-03
-8.231236780959039906e-03
-8.217330870642131427e-03
-8.202968140786692786e-03
-8.188169722633980782e-03
-8.172949652372625204e-03
-8.157317835323054517e-03
-8.141282323622878181e-03
-8.124848013936895527e-03
-8.108017691865062118e-03
-8.090566591046739753e-03
-8.072344098045892979e-03
-8.053403592490229398e-03
-8.033782262501348512e-03
-8.013506386771599224e-03
-7.992593729221227766e-03
-7.971058114376225121e-03
-7.948910258733198064e-03
-7.926157004754887103e-03
-7.902804730244253339e-03
-7.878620229636238217e-03
-7.853453323861954438e-03
-7.827369580013615949e-03
-7.800414897673456707e-03
-7.772623722527035803e-03
-7.744022529203145426e-03
-7.714631573939735587e-03
-7.684467062205821604e-03
-7.653542422551023842e-03
-7.621869096639763766e-03
-7.589607776416208186e-03
-7.556867543088485739e-03
-7.523620138083704154e-03
-7.489847492760586672e-03
-7.455538433750341469e-03
-7.420686310483232129e-03
-7.385287417237684435e-03
-7.349339982346167824e-03
-7.312843523541846455e-03
-7.275798439247919275e-03
-7.238555912225744411e-03
-7.201340776211988433e-03
-7.164058630303779714e-03
-7.126644853133526185e-03
-7.089054409507448799e-03
-7.051255223321209811e-03
-7.013223888246313160e-03
-6.974942890141249373e-03
-6.936398805112396759e-03
-6.897581126466636493e-03
-6.858628518972731403e-03
-6.819630260575040848e-03
-6.780542332925332781e-03
-6.741334118831131435e-03
-6.701983926878151386e-03
-6.662476084699860482e-03
-6.622799054951221051e-03
-6.582944360865034331e-03
-6.542905873529908031e-03
-6.502678067772937887e-03
-6.462406627561710463e-03
-6.422185532811888753e-03
-6.381972759680645292e-03
-6.341740137079653408e-03
-6.301468272038558520e-03
-6.261143218124252431e-03
-6.220755487332243691e-03
-6.180298378466809843e-03
-6.139767158014432236e-03
-6.099158521008769471e-03
-6.058620853760069390e-03
-6.018248496414343139e-03
-5.977999841630833068e-03
-5.937847019170479010e-03
-5.897771165117203333e-03
-5.857759364254845613e-03
-5.817802677034113190e-03
-5.777894862418474740e-03
-5.738031547178964673e-03
-5.698209681733098879e-03
-5.658576982257275748e-03
-5.619226956888368624e-03
-5.580117825484185237e-03
-5.541221555920989618e-03
-5.502519090334796054e-03
-5.463997265667284130e-03
-5.425646830684541233e-03
-5.387461165587880720e-03
-5.349435451819381862e-03
-5.311566130472420398e-03
-5.273997910591187409e-03
-5.236821919329973270e-03
-5.199996215301976900e-03
-5.163492467551023500e-03
-5.127291211280218114e-03
-5.091378792549569078e-03
-5.055745404415111152e-03
-5.020383821655520322e-03
-4.985288582645684349e-03
-4.950455457589321775e-03
-4.915946590835751015e-03
-4.881793146489976122e-03
-4.847964020048452227e-03
-4.814438068903427112e-03
-4.781200661838441029e-03
-4.748241455774321329e-03
-4.715552966337113218e-03
-4.683129646107398771e-03
-4.650967287693170277e-03
-4.619062634843777541e-03
-4.587473490384192353e-03
-4.556228581117650368e-03
-4.525299070668151874e-03
-4.494665507608149209e-03
-4.464314565070328679e-03
-4.434236943458760155e-03
-4.404426024413248680e-03
-4.374877004789975814e-03
-4.345586337488094135e-03
-4.316551368628265134e-03
-4.287825064928706825e-03
-4.259433463107294669e-03
-4.231350065000520633e-03
-4.203557175165925294e-03
-4.176042839202987085e-03
-4.148798877846795671e-03
-4.121819627778020197e-03
-4.095101133584873494e-03
-4.068640627857331334e-03
-4.042436195498122845e-03
-4.016535859343104385e-03
-3.990962976298742179e-03
-3.965693645647712547e-03
-3.940712163202351667e-03
-3.916008174036556336e-03
-3.891574848005297568e-03
-3.867407713909852031e-03
-3.843503913750833095e-03
-3.819861725042541546e-03
-3.796480254375727593e-03
-3.773206405129089433e-03
-3.749942257238268479e-03
-3.726727837515785013e-03
-3.703591149450046523e-03
-3.680552501864621170e-03
-3.657627270909239153e-03
