-3.445948233899304440e-04
-3.343297330181908681e-04
-3.134844299018913708e-04
-2.893454023980396826e-04
-2.663454736329066291e-04
-2.475412103480927788e-04
-2.351651765987159727e-04
-2.304670454217166682e-04
-2.342537057314439007e-04
-2.468964112218424148e-04
-2.685322626415761679e-04
-2.991127937717506183e-04
-3.384376489421697751e-04
-3.863200527661416091e-04
-4.423843188059238107e-04
-5.060997114952003016e-04
-5.778810787735041369e-04
-6.566993565123985504e-04
-7.418070358803832264e-04
-8.325186043291630741e-04
-9.284451373085353832e-04
-1.028949206794511342e-03
-1.133499323245394479e-03
-1.241472164198012583e-03
-1.352509642068348361e-03
-1.466066450598881802e-03
-1.582765425757667703e-03
-1.701343630429645896e-03
-1.820687556572005584e-03
-1.940587568932892028e-03
-2.060574312789418411e-03
-2.180309968161044023e-03
-2.299467724972524205e-03
-2.417755588475437381e-03
-2.534907426831426412e-03
-2.650681841771568466e-03
-2.766352376433458757e-03
-2.880818412261624412e-03
-2.992889440065194667e-03
-3.102503179311006526e-03
-3.209568767647113727e-03
-3.314024080311766835e-03
-3.415824865395132755e-03
-3.514943586981594380e-03
-3.611368110602660494e-03
-3.705100323210860653e-03
-3.798203197011813109e-03
-3.889230559062216690e-03
-3.977169461321997980e-03
-4.062150028914373115e-03
-4.144303528615177895e-03
-4.223763530387970692e-03
-4.300666088133628731e-03
-4.375149430933148592e-03
-4.447353389794815592e-03
-4.517418695731750464e-03
-4.587825823331051142e-03
-4.657072542161888248e-03
-4.724104970889742537e-03
-4.789325393436578981e-03
-4.852643814248085857e-03
-4.914454107633156252e-03
-4.974944232594938343e-03
-5.034329617880610105e-03
-5.092805755573318917e-03
-5.150560437303291876e-03
-5.210296250015215673e-03
-5.270463685329645001e-03
-5.329946641430038760e-03
-5.389025008389228093e-03
-5.448066023906439868e-03
-5.507161096305949327e-03
-5.566510477994041257e-03
-5.626387442468802104e-03
-5.687002332276389592e-03
-5.748546118502469333e-03
-5.813843076529303690e-03
-5.881362017787451421e-03
-5.950013442365766070e-03
-6.019797683710313534e-03
-6.091141448453418934e-03
-6.164291130824058745e-03
-6.239426180381183254e-03
-6.317126618987807356e-03
-6.396982349899679385e-03
-6.479476353310484674e-03
-6.567403945879679572e-03
-6.659863998899131186e-03
-6.754709993073411932e-03
-6.851292610617525439e-03
-6.952210063097649835e-03
-7.057232521080473997e-03
-7.166298922585421019e-03
-7.280336072400417358e-03
-7.398499035944521018e-03
-7.520220201162722967e-03
-7.649580498209893054e-03
-7.784975429732098398e-03
-7.925291116355292695e-03
-8.070814061715928314e-03
-8.221967149873977976e-03
-8.378790847067331751e-03
-8.541673461381151661e-03
-8.710914585965803814e-03
-8.886769009296217534e-03
-9.068352884275793224e-03
-9.257850173867741145e-03
-9.454359636258740859e-03
-9.658338147132277535e-03
-9.870574986259549738e-03
-1.008962426977793973e-02
-1.031745312956460804e-02
-1.055834236270692533e-02
-1.080149121127054433e-02
-1.105523682427464113e-02
-1.131811416556495996e-02
-1.158605132983563796e-02
-1.186112680270519880e-02
-1.214521938617782806e-02
-1.244346434437983151e-02
-1.274415128676867522e-02
-1.304792659267755076e-02
-1.323022816181669559e-02
-1.350782723961514720e-02
-1.383561131441500558e-02
-1.418416649422074398e-02
-1.454494087450631384e-02
-1.491165166600370157e-02
-1.528648261634818831e-02
-1.566941981819023472e-02
-1.606046366490342450e-02
-1.645962409801341245e-02
-1.686691903636618195e-02
-1.728237368907614008e-02
-1.770602043012829696e-02
-1.813789905109524508e-02
-1.857166286542386718e-02
-1.900966291488689897e-02
-1.945422081468999378e-02
-1.990532806665589252e-02
-2.036298058453037824e-02
-2.082717740365998271e-02
-2.129792191945486385e-02
-2.177522317396043960e-02
-2.225909715704880304e-02
-2.274956809257178830e-02
-2.323916313700975095e-02
-2.373043809115233521e-02
-2.422583943081803998e-02
-2.472539528460640165e-02
-2.522913255490721873e-02
-2.573707653546337265e-02
-2.624925338869176644e-02
-2.676569240174522801e-02
-2.728642807255381164e-02
-2.781150203305527910e-02
-2.833230458672483798e-02
-2.885164640373541825e-02
-2.937210137648051111e-02
-2.989375463467452282e-02
-3.041668217305238883e-02
-3.094095105737830476e-02
-3.146662287838280364e-02
-3.199375682410098704e-02
-3.252749227336953347e-02
-3.305779514916537543e-02
-3.357985760678860315e-02
-3.408713427531007145e-02
-3.460623356414566781e-02
-3.511903193445185811e-02
-3.562934580786623895e-02
-3.613757454891931842e-02
-3.664378651600326553e-02
-3.714803943183150187e-02
-3.765038361212146023e-02
-3.815086469923940904e-02
-3.863560453026568947e-02
-3.912077417266482393e-02
-3.959967693241547154e-02
-4.007656602158159859e-02
-4.054434039581943094e-02
-4.100572019190271145e-02
-4.146105995404590627e-02
-4.191020749393891548e-02
-4.235301610698538610e-02
-4.278934364534803941e-02
-4.321062437857575017e-02
-4.361904161778402955e-02
-4.401621169193865868e-02
-4.440246978219187374e-02
-4.477979700765487292e-02
-4.513590131842953879e-02
-4.548770571918826777e-02
-4.582539268307665725e-02
-4.614937075152963919e-02
-4.645974053702006668e-02
-4.674717785717363849e-02
-4.701391617908991932e-02
-4.726161058469531551e-02
-4.555472568368205966e-02
-4.530259932751205809e-02
-4.500116323065552620e-02
-4.465402735283386521e-02
-4.376468079245718346e-02
-4.314963510081750581e-02
-4.260070933508473823e-02
-4.202488369634668763e-02
-4.142415666078904518e-02
-4.079827912020893288e-02
-4.014531094972659253e-02
-3.948181709867010919e-02
-3.879636149788048827e-02
-3.809152349121913694e-02
-3.736915240571114794e-02
-3.663075374815140395e-02
-3.588871991261916722e-02
-3.513912872491364858e-02
-3.437986391329591468e-02
-3.361190912474554260e-02
-3.283626337109203652e-02
-3.205394210223237034e-02
-3.126597477615100651e-02
-3.047340104154122944e-02
-2.967726652584555883e-02
-2.887861864308216911e-02
-2.808861479271249767e-02
-2.730328299505251771e-02
-2.652032769179349034e-02
-2.573976778315741065e-02
-2.496615600890893238e-02
-2.418932831161305780e-02
-2.342658030028762009e-02
-2.266882159723122500e-02
-2.191768374132126856e-02
-2.117431579339455749e-02
-2.044857972954711861e-02
-1.973670742404495457e-02
-1.903627487928408538e-02
-1.834782466257949343e-02
-1.767188246350979985e-02
-1.700895476363159520e-02
-1.635952461760259435e-02
-1.572404710364723457e-02
-1.510294520554395295e-02
-1.449660638682355798e-02
-1.391307826292733155e-02
-1.334874831319397132e-02
-1.280092419799046081e-02
-1.227012035425159228e-02
-1.175440890423408956e-02
-1.126060577733164168e-02
-1.077836200928032964e-02
-1.031410701527193940e-02
-9.867268454845840031e-03
-9.437542723332918021e-03
-9.031253381191870974e-03
-8.645077895806695459e-03
-8.276064208948386014e-03
-7.924014526017313098e-03
-7.588697423525332143e-03
-7.269848101120439041e-03
-6.967169597910848923e-03
-6.680334323053184475e-03
-6.408985911836614750e-03
-6.152741381773999332e-03
-5.916738587993086024e-03
-5.698454279742574957e-03
-5.495999263824206948e-03
-5.304297450716748130e-03
-5.127006237909729168e-03
-4.963183455374475458e-03
-4.812124670811237376e-03
-4.673239698178266108e-03
-4.545981221018692217e-03
-4.431914155165907372e-03
-4.330225084281016240e-03
-4.241553383358711432e-03
-4.163789050328471630e-03
-4.096087141303173147e-03
-4.037810745389613931e-03
-3.988412571060591383e-03
-3.947382067875127541e-03
-3.914225351310884372e-03
-3.889302636588876528e-03
-3.870887607139793241e-03
-3.863082182732937610e-03
-3.863607781058939986e-03
-3.871353878577087071e-03
-3.886639307236401577e-03
-3.906395337834300471e-03
-3.930583151510406298e-03
-3.961920758478354627e-03
-3.996855764867511020e-03
-4.036275825986218417e-03
-4.079710768567666387e-03
-4.127595722387708208e-03
-4.179832244401025104e-03
-4.236685695689497780e-03
-4.295641494790455352e-03
-4.356310524501566701e-03
-4.420861701302173340e-03
-4.487785736947051338e-03
-4.556810442033588232e-03
-4.627715792738369867e-03
-4.700306472624766162e-03
-4.771883865760722862e-03
-4.842929551893877978e-03
-4.914721007775488953e-03
-4.986934169654631648e-03
-5.059306002077100170e-03
-5.131626881807681805e-03
-5.203734266852633530e-03
-5.275507293382004914e-03
-5.346862101253157737e-03
-5.416465522285653610e-03
-5.484643011542712082e-03
-5.550484557844749187e-03
-5.616411347823119238e-03
-5.679816339710859127e-03
-5.742005648758805036e-03
-5.802792077601926814e-03
-5.862159904476377942e-03
-5.920131144125135789e-03
-5.976760110019248284e-03
-6.032128751854170384e-03
-6.084396672688620680e-03
-6.133800479370862466e-03
-6.181621192209385551e-03
-6.227803360437834598e-03
-6.272345012095455197e-03
-6.315289436126168138e-03
-6.356717981115413314e-03
-6.396743897097005062e-03
-6.435507085739688819e-03
-6.473169646458809198e-03
-6.508145291803523955e-03
-6.540623735163871369e-03
-6.571832243667414045e-03
-6.601787003883922283e-03
-6.630553043892796483e-03
-6.658236370077462267e-03
-6.684977109852389271e-03
-6.710943691369758782e-03
-6.736327936032678737e-03
-6.761340930163629512e-03
-6.784594803380711477e-03
-6.806256915892452269e-03
-6.827503094620926069e-03
-6.848403098133221470e-03
-6.870141028828165297e-03
-6.890697883971150066e-03
-6.911345748036520041e-03
-6.931617862044475893e-03
-6.947332558522402446e-03
-6.967651837285687884e-03
-6.989443103935002663e-03
-7.010977835112794723e-03
-7.033435028734093437e-03
-7.056943824938785234e-03
-7.081678495153162500e-03
-7.107851119062459644e-03
-7.135705371094267294e-03
-7.165511286146794903e-03
-7.197560857410999387e-03
-7.232164345451340404e-03
-7.264166096578889703e-03
-7.293451477355742882e-03
-7.323294158878936207e-03
-7.354241742549573121e-03
-7.386846013311632042e-03
-7.421660990782761452e-03
-7.459240958388908826e-03
-7.500528049233699812e-03
-7.545217682260038292e-03
-7.594530124549133537e-03
-7.642969218491660853e-03
-7.690534364380148188e-03
-7.741039900016848281e-03
-7.795261475865112449e-03
-7.853962730516620208e-03
-7.917894354008516919e-03
-7.988453224858221846e-03
-8.065077708907315152e-03
-8.149130489083606169e-03
-8.241127760282237341e-03
-8.335908056088232529e-03
-8.434550290431686373e-03
-8.537870824189395039e-03
-8.650149746444471544e-03
-6.555700605032850452e-03
-6.561668261604915349e-03
-6.543132617160436586e-03
-6.501953837506402323e-03
-6.444073523063072705e-03
-6.376523515065546030e-03
-6.301943801222136335e-03
-6.224206998298596923e-03
-6.145555560893368671e-03
-6.068010351511813130e-03
-5.993327913836568599e-03
-5.923002858039018437e-03
-5.858288807470803453e-03
-5.796616097494359035e-03
-5.740021805862197818e-03
-5.691647158459186943e-03
-5.651582615686462363e-03
-5.619678312446533403e-03
-5.596656688949461049e-03
-5.582321378091494209e-03
-5.576513147943979939e-03
-5.579055895726619911e-03
-5.589743861920194387e-03
-5.604306131301447884e-03
-5.623704402800968130e-03
-5.649990930986382304e-03
-5.682670164047582718e-03
-5.721283052337802245e-03
-5.765605581139718848e-03
-5.813906455455160327e-03
-5.867875791235526578e-03
-5.926228693582369020e-03
-5.988625665145173339e-03
-6.050445828570782947e-03
-6.112704635002528912e-03
-6.177427568364608074e-03
-6.244306769790201016e-03
-6.313087739232031703e-03
-6.383559478815263935e-03
-6.455546737919774271e-03
-6.528903708289270080e-03
-6.603508758649511388e-03
-6.679259935651526633e-03
-6.751668054141212946e-03
-6.822040790178200351e-03
-6.892593728977844045e-03
-6.963288577154504513e-03
-7.034108221510350714e-03
-7.105048196804288237e-03
-7.254968429523163224e-03
-7.310768854211809401e-03
-7.374741684762656929e-03
-7.430649088774918080e-03
-7.514446086323373075e-03
-7.578739999261421140e-03
-7.633083316680271124e-03
-7.689127045298663719e-03
-7.746453183804737422e-03
-7.804762572787334735e-03
-7.863806063915592531e-03
-7.923352792602573677e-03
-7.983175844576372721e-03
-8.043046161187174595e-03
-8.094256670452609423e-03
-8.148720523594598156e-03
-8.202522201966062215e-03
-8.253989743213251129e-03
-8.303547008134994079e-03
-8.351255926528550200e-03
-8.397019508994850098e-03
-8.436338896241667509e-03
-8.479354515642016643e-03
-8.520455800000884677e-03
-8.553977617658262145e-03
-8.582102784112560778e-03
-8.606192319597905788e-03
-8.626683630572212075e-03
-8.646975423496844684e-03
-8.662222136486097401e-03
-8.669040663561186286e-03
-8.674921964730845925e-03
-8.679090294051542212e-03
-8.673540885772235490e-03
-8.666863670874333861e-03
-8.652607960042524304e-03
-8.634220134541088082e-03
-8.614089231305178257e-03
-8.584880120493918257e-03
-8.554427469658867217e-03
-8.519504421917671599e-03
-8.480440434216345719e-03
-8.437272008811051716e-03
-8.390053053634593042e-03
-8.339682902871511233e-03
-8.288430478932908366e-03
-8.231235562475607698e-03
-8.167366115432499185e-03
-8.103306837816655686e-03
-8.035568544662486865e-03
-7.964588812672307797e-03
-7.890505944328734048e-03
-7.813474471921641462e-03
-7.733663156831221616e-03
-7.655410307567831960e-03
-7.576362662346583510e-03
-7.494743108921999783e-03
-7.410699853249652115e-03
-7.324402009979876123e-03
-7.236036033577119761e-03
-7.145801977430537785e-03
-7.053910239543442415e-03
-6.960578760163822765e-03
-6.866030619471084201e-03
-6.774542365518358353e-03
-6.683700798701818976e-03
-6.593855508085303026e-03
-6.500985045694459424e-03
-6.407318103076863405e-03
-6.313080697721571918e-03
-6.218474731208629980e-03
-6.123704795728348443e-03
-6.028975547265681342e-03
-5.934489670836888900e-03
-5.844185208476082756e-03
-5.755667143391839102e-03
-5.665117962173813609e-03
-5.577063996189235429e-03
-5.489131028711994112e-03
-5.401703041428796911e-03
-5.314944385563456428e-03
-5.229018906054878901e-03
-5.144087817486387923e-03
-5.062146830296744560e-03
-4.982703760254171901e-03
-4.905745336668953550e-03
-4.829418988126605097e-03
-4.753843991490082528e-03
-4.679150549605629213e-03
-4.603969668314564570e-03
-4.531446921720331741e-03
-4.460239722080329948e-03
-4.390458576883906824e-03
-4.322233517555040469e-03
-4.258323262987230573e-03
-4.196693270633045092e-03
-4.135890112488847803e-03
-4.076039515819458378e-03
-4.017276409185314284e-03
-3.959740222991232038e-03
-3.903571539026372359e-03
-3.848909934175867489e-03
-3.795892643153789270e-03
-3.744653782362376837e-03
-3.697214418340138021e-03
-3.651854458584158011e-03
-3.607450148458820217e-03
-3.564170077038745360e-03
-3.522188213295826629e-03
-3.481680525699025995e-03
-3.442822553827277338e-03
-3.405787881294859536e-03
-3.370747209940148925e-03
-3.336527661776611097e-03
-3.304730812048553481e-03
-3.274713119819326612e-03
-3.243647614541047067e-03
-3.213706089562620109e-03
-3.185067642621759818e-03
-3.158061371708369147e-03
-3.132997546709711569e-03
-3.110171242544128561e-03
-3.089864770187334807e-03
-3.072349334340002125e-03
-3.054893998240138051e-03
-3.040781824584179796e-03
-3.026476909400838654e-03
-3.014316996475154085e-03
-3.004581607828556242e-03
-2.997722919704215103e-03
-2.993167274785764158e-03
-2.994534501616036553e-03
-2.998573841392846058e-03
-3.007321881807812833e-03
-3.018824788432628026e-03
-3.032304036314206405e-03
-1.243925068811124225e-03
-1.176940875695421575e-03
-1.117101426857394818e-03
-1.063793147794764651e-03
-1.016570344939016646e-03
-9.733320618359668323e-04
-9.349908833033921448e-04
-9.028597857025392678e-04
-8.765647121801601466e-04
-8.558178946921112321e-04
-8.402891223940392711e-04
-8.297887602513977830e-04
-8.240604233177620773e-04
-8.242409760035444323e-04
-8.282699787443099579e-04
-8.350567222080518617e-04
-8.453333926028273968e-04
-8.612885966216728400e-04
-8.804618123509386045e-04
-9.039886376149130088e-04
-9.314920919381562171e-04
-9.626924215090694199e-04
-9.973553471214363121e-04
-1.035248238294217589e-03
-1.076000733301217625e-03
-1.118633224253498537e-03
-1.161646336428413459e-03
-1.207370716453395020e-03
-1.255521388497178766e-03
-1.305791339424072339e-03
-1.357941036059575127e-03
-1.411819199396484054e-03
-1.467280889949494366e-03
-1.524197110413079426e-03
-1.582455783130230775e-03
-1.640537070399585105e-03
-1.697964457208436199e-03
-1.756361690151915771e-03
-1.815601769498659257e-03
-1.875606959303943288e-03
-1.936316708071095238e-03
-1.997682637825126672e-03
-2.059665069233578526e-03
-2.122230269608224758e-03
-2.185348246730192418e-03
-2.247069478885629478e-03
-2.307351376221635029e-03
-2.368904036798004115e-03
-2.430715067869120005e-03
-2.492819476613965593e-03
-2.555198018667465421e-03
-2.617827610899257484e-03
-2.680679936654435484e-03
-2.743720610985700675e-03
-2.806908785755871279e-03
-2.868475671822551688e-03
-2.929269216879108392e-03
-2.990205645055148305e-03
-3.051644030662927984e-03
-3.111153696454013566e-03
-3.171328127541049070e-03
-3.231113093261303928e-03
-3.290612525086734561e-03
-3.349718203675008076e-03
-3.408346416271300881e-03
-3.464961719841073810e-03
-3.520665264937537266e-03
-3.574367822080144579e-03
-3.628827969639722081e-03
-3.682255025099801307e-03
-3.734834833067225690e-03
-3.786469114966341774e-03
-3.837068979884757439e-03
-3.886545092459660518e-03
-3.934808892796830965e-03
-3.980701084633065864e-03
-4.025862695313943418e-03
-4.069459964370173224e-03
-4.113064956358244810e-03
-4.154186012411859551e-03
-4.193071386098899851e-03
-4.232520175294074427e-03
-4.269690448868376093e-03
-4.305985748722903142e-03
-4.337566917035510193e-03
-4.369454501013374931e-03
-4.397472058387303165e-03
-4.426888868873560257e-03
-4.455059179984324248e-03
-4.480057755191394625e-03
-4.506069178717704397e-03
-4.531830422465735718e-03
-4.555519699264124964e-03
-4.578103328119861176e-03
-4.599599347378680730e-03
-4.620772876705153340e-03
-4.641467910572242422e-03
-4.661474436694145775e-03
-4.680786952400322817e-03
-4.699970258001365427e-03
-4.716045113846160236e-03
-4.733491890408673269e-03
-4.750304570359022496e-03
-4.766649161717707341e-03
-4.782612140617262080e-03
-4.799451911169940431e-03
-4.815947589655282177e-03
-4.858942176095801778e-03
-4.866734448142878873e-03
-4.863378670141275603e-03
-4.866354352285512212e-03
-4.824455812447990891e-03
-4.761000818895623661e-03
-4.698643420191850675e-03
-4.637665266082652456e-03
-4.579744588693522925e-03
-4.523160860329635685e-03
-4.467591991540287300e-03
-4.412993355980088760e-03
-4.359371408175853266e-03
-4.306773569087398584e-03
-4.255279486757603674e-03
-4.204993755969017172e-03
-4.156039892682140274e-03
-4.108555374129997662e-03
-4.064069115831885765e-03
-4.021109384944708195e-03
-3.979535171220675849e-03
-3.939397892662703168e-03
-3.900776511794972617e-03
-3.863770535328869219e-03
-3.828494230060712662e-03
-3.795072045869975815e-03
-3.763635019493990607e-03
-3.734317985398619491e-03
-3.708070423048567474e-03
-3.683605242234724853e-03
-3.660938621042683291e-03
-3.640118928389161033e-03
-3.621215862387903387e-03
-3.604314838724941017e-03
-3.589512484158219156e-03
-3.576913176601494854e-03
-3.566626414076198501e-03
-3.558764846796969201e-03
-3.553549588516416620e-03
-3.549930649302502142e-03
-3.548171671490473605e-03
-3.548332087936752026e-03
-3.550489557871635594e-03
-3.554735435548004620e-03
-3.561171162294734203e-03
-3.569905532485142738e-03
-3.581052639657425051e-03
-3.594730356294549393e-03
-3.610339275716347926e-03
-3.627111354459216890e-03
-3.645692312677130571e-03
-3.666188957309430424e-03
-3.688722088310114611e-03
-3.713423231255272294e-03
-3.740718529283919291e-03
-3.770182322239078697e-03
-3.802117855244122741e-03
-3.837001322565568914e-03
-3.871209386639489110e-03
-3.904443645136884081e-03
-3.938727477224571866e-03
-3.974399429765001351e-03
-4.011782482587759879e-03
-4.051186939426567810e-03
-4.092912202657509463e-03
-4.137248066804097464e-03
-4.184475694721953576e-03
-4.234868377127679051e-03
-4.284614317803889932e-03
-4.333449408539409402e-03
-4.383984246486082904e-03
-4.436675278901799392e-03
-4.491959089599015936e-03
-4.550670298665826161e-03
-4.612319990639894909e-03
-4.677864774694698476e-03
-4.747541572349489071e-03
-4.821751777819794672e-03
-4.896271765308391963e-03
-4.970876778441185584e-03
-5.048807367419811364e-03
-9.327965858438905591e-03
-9.069897536563908264e-03
-8.830569805959051152e-03
-8.607405985858901723e-03
-8.398241702631309771e-03
-8.201129752584924645e-03
-8.010840240652905564e-03
-7.826078072770067950e-03
-7.651961873471356534e-03
-7.485716584742068032e-03
-7.326382951698233448e-03
-7.173162825021580855e-03
-7.025386488487160228e-03
-6.882493425923947097e-03
-6.744014833766486840e-03
-6.609558486859352933e-03
-6.474623692542632279e-03
-6.339373778291335602e-03
-6.208823180862713294e-03
-6.081407804404978870e-03
-5.956786917924320260e-03
-5.834701967224069363e-03
-5.714947423188093678e-03
-5.597360712656020143e-03
-5.481814373483031612e-03
-5.368209906517856095e-03
-5.252696076798226039e-03
-5.136187229973239628e-03
-5.021523851651429025e-03
-4.908548433405053590e-03
-4.797159142076112652e-03
-4.687297860276552243e-03
-4.578749107534175154e-03
-4.471832799363854860e-03
-4.366486456238318110e-03
-4.261997764324761476e-03
-4.156261881267590656e-03
-4.049630310842378123e-03
-3.944693411531122532e-03
-3.841454435704670916e-03
-3.739950503591034457e-03
-3.640242439197135822e-03
-3.542406660025024332e-03
-3.446528925249935180e-03
-3.352699469909685599e-03
-3.261009182440953447e-03
-3.168474289227209573e-03
-3.075506325539418759e-03
-2.984837464618993186e-03
-2.896801517957969547e-03
-2.810977815267057516e-03
-2.727561083468491975e-03
-2.646657143375722495e-03
-2.568331270629593040e-03
-2.492632631359928148e-03
-2.419597104603423039e-03
-2.346121312482045505e-03
-2.273050243004509727e-03
-2.202781642208673403e-03
-2.135217141739452224e-03
-2.070141816121739368e-03
-2.007857428364489324e-03
-1.948061944777405678e-03
-1.890799408836980628e-03
-1.836053219530606184e-03
-1.783782478112570184e-03
-1.730887751679018038e-03
-1.678747271781999648e-03
-1.628743951732714761e-03
-1.580942727019086320e-03
-1.535411703993423433e-03
-1.492032759184749044e-03
-1.450474770560067133e-03
-1.410792169149779592e-03
-1.373121727249839059e-03
-1.337261427162125078e-03
-1.300451028495851723e-03
-1.263468329753476707e-03
-1.228242143875980840e-03
-1.194675220097597777e-03
-1.162681482746983708e-03
-1.132181320818760996e-03
-1.103099471180878349e-03
-1.074596656443823923e-03
-1.048188448198822051e-03
-1.023687468294897989e-03
-9.966026600368572790e-04
-9.697701253828356315e-04
-9.448962926583310282e-04
-9.207791880487843769e-04
-8.979608956189434306e-04
-8.768279273626730349e-04
-8.565427131807937852e-04
-8.369631025221147425e-04
-8.191631787801335234e-04
-8.025249647940080203e-04
-7.871079549460549551e-04
-7.728067337105900192e-04
-7.596860646859630514e-04
-7.477626836412242656e-04
-7.372277981181377896e-04
-7.274215010108607419e-04
-7.192362897319145090e-04
-7.123272980020943675e-04
-7.067576972988636385e-04
-7.025631883745891634e-04
-7.013699093446773298e-04
-7.021333668486395407e-04
-7.035356095719509997e-04
-7.054467425762277026e-04
-7.083300986551425028e-04
-7.120349306917268719e-04
-7.166309187789216516e-04
-7.221736869294412796e-04
-7.287153082467833550e-04
-7.363057682662558752e-04
-7.461291104412617111e-04
-7.571697170438733068e-04
-7.683483595950209386e-04
-7.797503948054703869e-04
-7.914534679946544360e-04
-8.035284243703872146e-04
-8.160403805675443562e-04
-8.288060358581502904e-04
-8.423010489321926600e-04
-8.564699241092785763e-04
-8.719145848770326569e-04
-8.877331638674913327e-04
-9.031178240673889187e-04
-9.181629201109853776e-04
-9.329557509298541749e-04
-9.475770074866879302e-04
-9.621015612134068383e-04
-9.765992500095385491e-04
-9.911356333815516100e-04
-1.005772701556143303e-03
-1.020621230754906704e-03
-1.034976000948864636e-03
-1.048330001796993205e-03
-1.060794883510245970e-03
-1.072476688783975110e-03
-1.083475792346909198e-03
-1.093887312063154815e-03
-1.103801642332464519e-03
-1.113305030283253966e-03
-1.122480148404836082e-03
-1.130902280946979692e-03
-1.138114933723538991e-03
-1.143940974536889095e-03
-1.148520627115471411e-03
-1.151989201086639925e-03
-1.154476826282421591e-03
-1.156108615481914008e-03
-1.157004981402948163e-03
-1.157282020057641241e-03
-1.157051910244314905e-03
-1.155406959635642966e-03
-1.152191954665563508e-03
-1.147685194675829995e-03
-1.141636020799336555e-03
-1.134622559464932776e-03
-1.126653403310078506e-03
-1.117923618870727718e-03
-1.108591566599642338e-03
-1.098016761798524055e-03
-1.087532362323222201e-03
-1.075645092927949697e-03
-1.062141421450581635e-03
-1.047601005690536801e-03
-1.032894512510523083e-03
-1.016936179179337135e-03
-1.000173670139465005e-03
-9.837585820787037548e-04
-9.673372420399167261e-04
-9.511714608871153689e-04
-9.354610594132768773e-04
-9.181769689924300631e-04
-8.993845889795013806e-04
-8.802965905046766532e-04
-8.612302586209637754e-04
-8.424995454646203290e-04
-8.250881768199597958e-04
-8.075016290011160234e-04
-7.916787073199500931e-04
-7.773480560124481232e-04
-7.648747951185690987e-04
-7.522322693408534707e-04
-7.402190711167698847e-04
-7.281847980006476507e-04
-1.707342381873243678e-03
-1.723012003162997102e-03
-1.753009134785001553e-03
-1.795792551081792443e-03
-1.850026152132424554e-03
-1.914542040430583340e-03
-1.988148183152888167e-03
-2.070231043937408467e-03
-2.158062910823173482e-03
-2.250431489707160459e-03
-2.346721133903447321e-03
-2.446322397832627425e-03
-2.548674294609642576e-03
-2.653066093136660641e-03
-2.759254393297008723e-03
-2.866787121217174300e-03
-2.975369775410048080e-03
-3.084198638221055232e-03
-3.191268035068631735e-03
-3.295665245872775838e-03
-3.397017973121197777e-03
-3.495522385051806017e-03
-3.590276471668350095e-03
-3.681613110682515483e-03
-3.769310660303021136e-03
-3.853206712679163159e-03
-3.933229916387649683e-03
-4.008997315020886368e-03
-4.079493531003459093e-03
-4.143512813212664112e-03
-4.201134240912955849e-03
-4.252534338329488212e-03
-4.297935290010780271e-03
-4.337571685243981484e-03
-4.371689510361968616e-03
-4.400544707172165601e-03
-4.424401508649316792e-03
-4.443530683937675814e-03
-4.456658644451464910e-03
-4.463668476465964402e-03
-4.464524800463752670e-03
-4.459762140285428167e-03
-4.449897112851621678e-03
-4.435428040053178596e-03
-4.416834570410854525e-03
-4.394576973638128319e-03
-4.369095333848448809e-03
-4.340808772728521614e-03
-4.308859651704573072e-03
-4.273257290117330257e-03
-4.233938239996162291e-03
-4.191503216884366438e-03
-4.146504529323732924e-03
-4.099448684483566509e-03
-4.050798965649954515e-03
-4.001400357532694865e-03
-3.950764638015892560e-03
-3.899000223425311360e-03
-3.846908876118842417e-03
-3.793664137656946583e-03
-3.739043718240737339e-03
-3.683522002805638372e-03
-3.627799052758031145e-03
-3.571701768003494176e-03
-3.514990449320374265e-03
-3.459607258177029195e-03
-3.404852183671019245e-03
-3.351003491281299897e-03
-3.296795506254571184e-03
-3.243786649432854954e-03
-3.190779454581273156e-03
-3.137748082312854549e-03
-3.085152581557154723e-03
-3.033207509737527365e-03
-2.982097423074319461e-03
-2.931973614422319491e-03
-2.882958652692517790e-03
-2.835443370697183878e-03
-2.788782901277968122e-03
-2.742721218583760081e-03
-2.697142690659330103e-03
-2.652051514536778957e-03
-2.607740825113003848e-03
-2.564416159193053189e-03
-2.521895916662957905e-03
-2.478643602106288431e-03
-2.437990881882627810e-03
-2.396832510432916636e-03
-2.358574289233696022e-03
-2.321485628233330677e-03
-2.285191565244212332e-03
-2.247825444134193568e-03
-2.212633230672254175e-03
-2.178291036942937593e-03
-2.144997512990885931e-03
-2.112858431571391048e-03
-2.081967791096682192e-03
-2.052591656694930950e-03
-2.023835232995248399e-03
-1.998295074455196108e-03
-1.974494360754710208e-03
-1.952484452224030132e-03
-1.932275854766127244e-03
-1.913884216838641471e-03
-1.897330078970802577e-03
-1.882638509528833902e-03
-1.869838680792221394e-03
-1.858935189890638297e-03
-1.849137715922733469e-03
-1.842493727773058133e-03
-1.838758581153525709e-03
-1.837755504173177110e-03
-1.839333620051226146e-03
-1.843372147666899130e-03
-1.849775651739839731e-03
-1.858469979001367567e-03
-1.869398844465451322e-03
-1.882520981043729483e-03
-1.897457848623130498e-03
-1.914314591702348219e-03
-1.934093608035748063e-03
-1.956573352744035883e-03
-1.981489269649145801e-03
-2.008854773905769352e-03
-2.037713394014510713e-03
-2.069493992432795172e-03
-2.103364748746196916e-03
-2.139257613915304321e-03
-2.176210771556107235e-03
-2.214528508991781344e-03
-2.255498551502122060e-03
-2.298905958132564133e-03
-2.344574753761530933e-03
-2.392362481812775749e-03
-2.442155215795605884e-03
-2.493863398362118709e-03
-2.547418357730510223e-03
-2.603418202271088472e-03
-2.659035753085947466e-03
-2.715404686739129360e-03
-2.774300494153377449e-03
-2.835382336948231476e-03
-2.898554784334376761e-03
-2.963712568979383864e-03
-3.030772618639238948e-03
-3.099673570615831333e-03
-3.170373883709414441e-03
-3.239988873146017363e-03
-3.310913688923965582e-03
-3.382966634627997994e-03
-3.457501405826128322e-03
-3.534390098810906173e-03
-3.613535058300172166e-03
-3.694867034190535068e-03
-3.778342228236193905e-03
-3.863939242360740246e-03
-3.951656227509927136e-03
-4.041508335442516725e-03
-4.130785796189267826e-03
-4.220614614198217596e-03
-4.313500936008554144e-03
-4.409362804180077568e-03
-4.508615041908306358e-03
-4.610340004630692629e-03
-4.715540840386896193e-03
-4.823086576408629027e-03
-4.933577695150739677e-03
-5.047119058692226511e-03
-5.160461362441462127e-03
-5.274890282570113970e-03
-5.393432870533771024e-03
-5.516073593687362102e-03
-5.642829601818897048e-03
-5.773744231362877566e-03
-5.908881516627623003e-03
-6.048321843205232799e-03
-6.192158443969100756e-03
-6.340494529617736290e-03
-6.488968565700373170e-03
-6.638308027922764677e-03
-6.793259031593256066e-03
-6.952931554963603586e-03
-7.117287003233627694e-03
-7.287004504414313841e-03
-7.462374649714124432e-03
-7.643621435758394395e-03
-7.830963224847817261e-03
-8.024608888363638642e-03
-8.220140246655188374e-03
-8.418339798272439847e-03
-8.623706518664790016e-03
-9.797263363141746340e-03
-9.706887786699909190e-03
-9.612636959029256106e-03
-9.515337356090313933e-03
-9.416239778390620915e-03
-9.310182580606609845e-03
-9.201135086923554335e-03
-9.091242626882951178e-03
-8.979390946121174749e-03
-8.864460543275038892e-03
-8.751495070989623662e-03
-8.637666593450523539e-03
-8.523255249992126373e-03
-8.405745812340749412e-03
-8.291096114229595804e-03
-8.172982855857742826e-03
-8.051723857738024917e-03
-7.929408538837771914e-03
-7.806077773012995435e-03
-7.681770826661439046e-03
-7.556532442479849121e-03
-7.428326569965726378e-03
-7.301672500158394238e-03
-7.174109400736101115e-03
-7.045798342261860164e-03
-6.913960001311586501e-03
-6.778822566820047815e-03
-6.642214613356973302e-03
-6.504271826853337372e-03
-6.365151742088349419e-03
-6.225029986209174200e-03
-6.084096569639597420e-03
-5.942552690879926436e-03
-5.800607984492932648e-03
-5.658478130784922594e-03
-5.513679414596163453e-03
-5.366558974265340717e-03
-5.218867667886204105e-03
-5.070907089846955762e-03
-4.922985207804727800e-03
-4.775411824039244198e-03
-4.628494549593170811e-03
-4.482352035674262367e-03
-4.337596034971009581e-03
-4.194403304127404010e-03
-4.050566110581838193e-03
-3.906465398570833046e-03
-3.763714236242380728e-03
-3.622645378049536413e-03
-3.483575859599033486e-03
-3.346804026380605698e-03
-3.212750862438440436e-03
-3.081461221904815452e-03
-2.953185470503319129e-03
-2.828157384497558772e-03
-2.704348802117460208e-03
-2.582083436126524859e-03
-2.462753230471536638e-03
-2.346588515005604281e-03
-2.233790748921604674e-03
-2.124532921043035399e-03
-2.018960012571708196e-03
-1.917189765490603329e-03
-1.819313711098957849e-03
-1.725398408542065795e-03
-1.633506474695055029e-03
-1.543866436150628492e-03
-1.457626196503135005e-03
-1.374878985388156222e-03
-1.295691824933958023e-03
-1.220174113624935934e-03
-1.148107672642729483e-03
-1.079953110606662967e-03
-1.015267073123623728e-03
-9.540923055649521648e-04
-8.946951164432488538e-04
-8.372784215566991643e-04
-7.828037681166954585e-04
-7.312817140516494809e-04
-6.827039677045318488e-04
-6.370459407749259895e-04
-5.942947791662111373e-04
-5.540636537680047229e-04
-5.170933154440802981e-04
-4.826839097128125941e-04
-4.494510512928067704e-04
-4.176371535457944597e-04
-3.880682310695588171e-04
-3.607389033545780862e-04
-3.353210198589928379e-04
-3.126067521894767155e-04
-2.919235297036160701e-04
-2.733093268170764482e-04
-2.567482567861608593e-04
-2.420240745089709592e-04
-2.284467001548103646e-04
-2.161120628165315652e-04
-2.056930215917886977e-04
-1.971695022478946093e-04
-1.905779160372689219e-04
-1.859396728360140460e-04
-1.833402124494234943e-04
-1.826079653582616397e-04
-1.838525232403742605e-04
-1.870404276770144337e-04
-1.923169602053020086e-04
-1.995571374843201529e-04
-2.087414766696616677e-04
-2.198543134982973489e-04
-2.329128698402704726e-04
-2.478914830800680019e-04
-2.645558689023212728e-04
-2.834696589165654678e-04
-3.043174169274599165e-04
-3.269901481506770407e-04
-3.521751823943882571e-04
-3.790070781833519351e-04
-4.074702644501516100e-04
-4.373463083165308584e-04
-4.686265861427732970e-04
-5.012975659601087968e-04
-5.353508501014718306e-04
-5.707830872473619501e-04
-6.072436246486780922e-04
-6.454097261837668737e-04
-6.849014511365523984e-04
-7.251655329531279731e-04
-7.661285080666232041e-04
-8.076262514438844672e-04
-8.497587936120208716e-04
-8.925094148523651230e-04
-9.358899275072551059e-04
