-3.782984354428359230e-01
-3.784241879261333596e-01
-3.786468986988152929e-01
-3.788547944925909072e-01
-3.790145707410986775e-01
-3.791237842121946700e-01
-3.791767045276231429e-01
-3.791955546995472437e-01
-3.791914560581989280e-01
-3.791742837388629161e-01
-3.791521444308723621e-01
-3.791313646941267823e-01
-3.791167604531476276e-01
-3.791119128534006233e-01
-3.791190879516414536e-01
-3.791397707529698957e-01
-3.791145356050777959e-01
-3.790998077205234296e-01
-3.790930345984205863e-01
-3.790923340013802045e-01
-3.790946660199074336e-01
-3.790994487028531146e-01
-3.791037931637590841e-01
-3.791056256754374854e-01
-3.791020259853603025e-01
-3.790922013785815170e-01
-3.789796913790478006e-01
-3.788551392367382475e-01
-3.787167917837864217e-01
-3.785621858508173565e-01
-3.783909335322020451e-01
-3.782014589611241151e-01
-3.779929338491852531e-01
-3.777647512164540311e-01
-3.775164991255470781e-01
-3.772479382291637484e-01
-3.768425873512618041e-01
-3.764190048895502128e-01
-3.759785461303538079e-01
-3.755213025998283549e-01
-3.750479766985926333e-01
-3.745594822944684488e-01
-3.740568807476121194e-01
-3.735413336968037568e-01
-3.730140690039934759e-01
-3.724763556019431432e-01
-3.718071002906874201e-01
-3.711371273231733325e-01
-3.704685629218227860e-01
-3.698027928177449741e-01
-3.691413434065273780e-01
-3.684857889148138166e-01
-3.678376915024752503e-01
-3.671985629083537872e-01
-3.665698401646721449e-01
-3.659528705815727201e-01
-3.652396313364713598e-01
-3.645525390365690899e-01
-3.638935149202914832e-01
-3.632633209104872418e-01
-3.626631395799659874e-01
-3.620936164123463863e-01
-3.615555276133347595e-01
-3.610494640644801301e-01
-3.605758778785423946e-01
-3.601350754853225311e-01
-3.596494091252855352e-01
-3.592130188502365429e-01
-3.588265254948368455e-01
-3.584893753625982282e-01
-3.582008659870920542e-01
-3.579606309481859205e-01
-3.577676233790977323e-01
-3.576209755036733329e-01
-3.575196139131466277e-01
-3.574623414617364991e-01
-3.574168420176007110e-01
-3.574319212364387433e-01
-3.575068440715853946e-01
-3.576390243640380495e-01
-3.578262885937627535e-01
-3.580662781242851533e-01
-3.583565056693082673e-01
-3.586947148134852492e-01
-3.590779268683122472e-01
-3.595036233095464384e-01
-3.599957557183070533e-01
-3.605454388091992035e-01
-3.611496483012716641e-01
-3.618047970144933623e-01
-3.625074707405731012e-01
-3.632528542079911382e-01
-3.640380419165860637e-01
-3.648577042278858817e-01
-3.657096619318925268e-01
-3.665886688687509110e-01
-3.675811451414164321e-01
-3.686122219925295762e-01
-3.696780038542175628e-01
-3.707739842079125214e-01
-3.718936975266343148e-01
-3.730329954990648789e-01
-3.741867653156837892e-01
-3.753499957597662418e-01
-3.765177978201296183e-01
-3.776859345396677559e-01
-3.788455853130365258e-01
-3.799945280160433314e-01
-3.811282534988528203e-01
-3.822420846604165923e-01
-3.833334091025260570e-01
-3.843969497131888846e-01
-3.854266082834590379e-01
-3.864274982586605178e-01
-3.873882163143963497e-01
-3.883083478868675775e-01
-3.889688587573652545e-01
-3.895745863206231396e-01
-3.901232231347340762e-01
-3.906128838061539987e-01
-3.910482142149854790e-01
-3.914298174323089796e-01
-3.918477964137737635e-01
-3.921345072047227043e-01
-3.923625682482234089e-01
-3.926020853446501313e-01
-3.925283456436073903e-01
-3.924042871418316758e-01
-3.922301029781309345e-01
-3.920083158767331821e-01
-3.917416947493362334e-01
-3.914331480943178398e-01
-3.910856520923826629e-01
-3.907022020715318344e-01
-3.902857797020946040e-01
-3.898393308690926706e-01
-3.890920061108935624e-01
-3.883231148455045245e-01
-3.875351205605307991e-01
-3.867321989513687330e-01
-3.859182862707966621e-01
-3.850970827160640209e-01
-3.842720582824993292e-01
-3.834464608540972264e-01
-3.826233258625229561e-01
-3.818054870206836759e-01
-3.807218431814108905e-01
-3.796560136229745752e-01
-3.786098726894330802e-01
-3.775867614440641673e-01
-3.765896215668472213e-01
-3.756210435816325077e-01
-3.746833061442547685e-01
-3.737784098675073774e-01
-3.729081071795856128e-01
-3.720739291750852495e-01
-3.710179972071824817e-01
-3.700120586954227520e-01
-3.690563860718669154e-01
-3.681526165164847875e-01
-3.673019821866052581e-01
-3.665053832940227685e-01
-3.657634443627703624e-01
-3.650765597516834049e-01
-3.644422250799648766e-01
-3.638658966793893446e-01
-3.631128732132928860e-01
-3.624341923771364771e-01
-3.618167265141669642e-01
-3.612694611841726355e-01
-3.607898714304194621e-01
-3.603771189290155830e-01
-3.600303244324854490e-01
-3.597484750787011687e-01
-3.595304575847619311e-01
-3.593750855592331983e-01
-3.591446173327627056e-01
-3.589963858645014994e-01
-3.589281557559451108e-01
-3.589336036107068639e-01
-3.590129480984630694e-01
-3.591613880953787863e-01
-3.593757963822909463e-01
-3.596534263773661366e-01
-3.599916562775594686e-01
-3.603879649435748900e-01
-3.607240592391420808e-01
-3.611362277428383782e-01
-3.616176212059888928e-01
-3.621628916433208834e-01
-3.627666224866628042e-01
-3.634294864777982137e-01
-3.641412111657284512e-01
-3.649020015489600199e-01
-3.657082573435776474e-01
-3.665566654416921311e-01
-3.673512874118695648e-01
-3.682016073747850227e-01
-3.691004445485455698e-01
-4.272440205843300864e-01
-4.277845583599193535e-01
-4.283328157319734042e-01
-4.288851474686883880e-01
-4.296571783341120998e-01
-4.302826698821224372e-01
-4.308418624703553856e-01
-4.313820121568109900e-01
-4.319009536562182783e-01
-4.323978304303923159e-01
-4.328723202817582050e-01
-4.333167887071123769e-01
-4.337350457321121344e-01
-4.341251808383853605e-01
-4.344856398664838082e-01
-4.348150596852850547e-01
-4.350548676067898524e-01
-4.352502546882330847e-01
-4.354024198517336686e-01
-4.355106916855429056e-01
-4.355744351218747146e-01
-4.355930436499690916e-01
-4.355659347287396121e-01
-4.354925473884389553e-01
-4.353723413838619938e-01
-4.352047975285142090e-01
-4.348931311226089669e-01
-4.345234172429909836e-01
-4.340979344238384274e-01
-4.336174583706499663e-01
-4.330807225040743114e-01
-4.324930258534189220e-01
-4.318480447033250513e-01
-4.311507047262773118e-01
-4.304014182710590997e-01
-4.296008774255272167e-01
-4.286220502113055053e-01
-4.275876034229373346e-01
-4.265017662877890747e-01
-4.253668754532799468e-01
-4.241854099376868859e-01
-4.229599577041779357e-01
-4.216931922162325264e-01
-4.203878550641654277e-01
-4.190467421175931850e-01
-4.176726916675053691e-01
-4.161246000060466743e-01
-4.145490816157744729e-01
-4.129524264767489017e-01
-4.113386275585139140e-01
-4.097129927884849421e-01
-4.080767643925485855e-01
-4.064384068643284165e-01
-4.047991908220539004e-01
-4.031632385928489160e-01
-4.015343794972940916e-01
-3.997777745329214039e-01
-3.980423099101942919e-01
-3.963343921907162559e-01
-3.946580690953574444e-01
-3.930171766744710027e-01
-3.914152839252654226e-01
-3.898556588382139920e-01
-3.883412493006415112e-01
-3.868746741886935347e-01
-3.854582215977686022e-01
-3.839835818329410677e-01
-3.825764350555999616e-01
-3.812405524337098006e-01
-3.799790216144297572e-01
-3.787914111930942296e-01
-3.776787881537280178e-01
-3.766417474463576442e-01
-3.756804685891766971e-01
-3.747947640152816673e-01
-3.739833576381168534e-01
-3.731835848405236078e-01
-3.724756466942332755e-01
-3.718597151947831136e-01
-3.713341166342749577e-01
-3.708968804519086615e-01
-3.705457693407602227e-01
-3.702783042648531420e-01
-3.700917888316637705e-01
-3.699829565246699481e-01
-3.699492234508419131e-01
-3.699812283560580672e-01
-3.701022522739171317e-01
-3.703094921306323006e-01
-3.705983329581660213e-01
-3.709653091654314117e-01
-3.714061586387975566e-01
-3.719151446274152062e-01
-3.724889637862490166e-01
-3.731228492953635456e-01
-3.738124953603799705e-01
-3.745533459781258401e-01
-3.753399362108524318e-01
-3.761679747136486007e-01
-3.770339755007220406e-01
-3.779342702738924809e-01
-3.788637603928377562e-01
-3.798194845634947914e-01
-3.807980694681326050e-01
-3.817963347335824875e-01
-3.828113157867887306e-01
-3.837260717634520812e-01
-3.846364847620915017e-01
-3.855399333632780201e-01
-3.864355147742347674e-01
-3.873225904028103628e-01
-3.882007582975235960e-01
-3.890698300208348392e-01
-3.899298108787626060e-01
-3.907808828878477914e-01
-3.916241836595928949e-01
-3.922998050420891669e-01
-3.929567698752053362e-01
-3.935953417232669893e-01
-3.942187430164768025e-01
-3.948285205760932448e-01
-3.954268991039074921e-01
-3.960160695044941948e-01
-3.965982218036264162e-01
-3.971755366249902774e-01
-3.977501790450283514e-01
-3.981367140877278277e-01
-3.985176980485031217e-01
-3.988955415649828029e-01
-3.992735041472981750e-01
-3.996546471668567246e-01
-4.000418512646765623e-01
-4.004378311072092633e-01
-4.008451483628217016e-01
-4.012662236306986929e-01
-4.017033477458527568e-01
-4.019584322525593389e-01
-4.022301237443791089e-01
-4.025208310415993584e-01
-4.028334421294819112e-01
-4.031705083985759885e-01
-4.035342999950259912e-01
-4.039268484998102537e-01
-4.043499809210474583e-01
-4.048053477422553503e-01
-4.052944467996955069e-01
-4.056209131764727527e-01
-4.059830115212419432e-01
-4.063822434264828809e-01
-4.068203786151904922e-01
-4.072981747948732911e-01
-4.078180630449834698e-01
-4.083803072614564100e-01
-4.089859514900522908e-01
-4.096379730104708905e-01
-4.103321077513395476e-01
-4.108884502187053478e-01
-4.114911535648858587e-01
-4.121404022327136984e-01
-4.128365949878451957e-01
-4.135798315583303353e-01
-4.143699860633998644e-01
-4.152067605526311156e-01
-4.160897249686181243e-01
-4.170183477428462959e-01
-4.179920197646671554e-01
-4.188958435221487031e-01
-4.198544965863470479e-01
-4.208630387265919204e-01
-4.219184608279842319e-01
-4.230181277113289617e-01
-4.241596395154667576e-01
-4.253407469077996605e-01
-4.265590932183822015e-01
-4.278130208135800805e-01
-4.291001630730815752e-01
-4.303218861616165403e-01
-4.315822378189629327e-01
-4.328751488678603265e-01
-4.341965092300896778e-01
-4.355426229347275080e-01
-4.369100732478082838e-01
-4.382953197493715813e-01
-4.396959546494033089e-01
-4.411086162902885799e-01
-4.425305205915291973e-01
-4.438803233765095113e-01
-4.452405374256869219e-01
-4.466062013259823882e-01
-4.479711468977904398e-01
-4.772606477911265910e-01
-4.773941255371311199e-01
-4.775018146902929028e-01
-4.775394946067600954e-01
-4.775438185371616573e-01
-4.775120201574785672e-01
-4.774429145417185549e-01
-4.773350412028811163e-01
-4.771871532433135110e-01
-4.769981258328322982e-01
-4.767668636349781663e-01
-4.764922981004677816e-01
-4.761733796706343891e-01
-4.757334831788599949e-01
-4.752415727739409124e-01
-4.746954599106236738e-01
-4.740944328169164335e-01
-4.734376924489540062e-01
-4.727242630414064117e-01
-4.719535667521860822e-01
-4.711250404884568255e-01
-4.702381537165093439e-01
-4.692924153295131573e-01
-4.681746278408686623e-01
-4.669922488217366219e-01
-4.657441442840780099e-01
-4.644306258205005422e-01
-4.630522583647031509e-01
-4.616100349388373991e-01
-4.601050460309222268e-01
-4.585377006308586356e-01
-4.569097731212898861e-01
-4.552228032392838797e-01
-4.533323067029604303e-01
-4.513851367136640369e-01
-4.493829746569239503e-01
-4.473290891853567985e-01
-4.452270959403719086e-01
-4.430808843565363087e-01
-4.408945625705512072e-01
-4.386724136135610741e-01
-4.364188585449884084e-01
-4.341384238047176214e-01
-4.316703233843650622e-01
-4.291900247989391404e-01
-4.267019106327308853e-01
-4.242117969543240386e-01
-4.217255883398154936e-01
-4.192491663773872390e-01
-4.167402076466210636e-01
-4.142993430040688985e-01
-4.118847256002198809e-01
-4.095327505372440280e-01
-4.070486848761242782e-01
-4.046318436525428996e-01
-4.022785938365095459e-01
-3.999860919123836012e-01
-3.977577207152908079e-01
-3.955969142845224829e-01
-3.935069506089431957e-01
-3.914908174730414303e-01
-3.895511294032888983e-01
-3.876900800566764338e-01
-3.857763798345871797e-01
-3.839609215104569651e-01
-3.822462690377417260e-01
-3.806335926017599958e-01
-3.791226365133024134e-01
-3.777129267974911886e-01
-3.764036425832249511e-01
-3.751960040052044754e-01
-3.740825777309142453e-01
-3.730644590078686096e-01
-3.720512308132814527e-01
-3.711528004836772698e-01
-3.703640653537215721e-01
-3.696807745088454000e-01
-3.690967020872609194e-01
-3.686103199291744792e-01
-3.682191444121865054e-01
-3.679142592344018525e-01
-3.676913925100310232e-01
-3.675506045357925244e-01
-3.674462613185259241e-01
-3.674359877244310346e-01
-3.675109928094966172e-01
-3.676635630933778320e-01
-3.678921305527728669e-01
-3.681861206718663460e-01
-3.685417375324857026e-01
-3.689532317430295194e-01
-3.694151775215601674e-01
-3.699223126409789120e-01
-3.704708955345791255e-01
-3.710524756794218448e-01
-3.716651683038408316e-01
-3.723047489876375460e-01
-3.729630985999566328e-01
-3.736382626834358067e-01
-3.743262715598032475e-01
-3.750236213518893802e-01
-3.757270881648971383e-01
-3.764337279981509465e-01
-3.770647499993072249e-01
-3.776782561495757307e-01
-3.782748693784981353e-01
-3.788539661805847003e-01
-3.794151529236809428e-01
-3.799582505780787489e-01
-3.804832803929845131e-01
-3.809904502216718281e-01
-3.814801415407158558e-01
-3.819528972586768156e-01
-3.822899754534344052e-01
-3.826009075353579147e-01
-3.828883606143801410e-01
-3.831568016362967843e-01
-3.834073313858995524e-01
-3.836421180984130319e-01
-3.838633374526822517e-01
-3.840731505803962054e-01
-3.842737019773547757e-01
-3.844671173313964352e-01
-3.845070910517542351e-01
-3.845374240465739279e-01
-3.845640722567608694e-01
-3.845878857254069749e-01
-3.846129792326131169e-01
-3.846418227460600137e-01
-3.846768542539321101e-01
-3.847203636557732787e-01
-3.847745089129841478e-01
-3.848404674755004362e-01
-3.847593521062258604e-01
-3.846912697206593679e-01
-3.846408274130812543e-01
-3.846105156080575349e-01
-3.846024745993936178e-01
-3.846192582088232559e-01
-3.846611319352649661e-01
-3.847302218116653294e-01
-3.848278427170989113e-01
-3.849551613828108843e-01
-3.849506219423618480e-01
-3.849775333413867351e-01
-3.850391285608694147e-01
-3.851367454096220611e-01
-3.852713730324461294e-01
-3.854437393839328374e-01
-3.856543728905720281e-01
-3.859036470152351073e-01
-3.861918134191040797e-01
-3.865190274065916642e-01
-3.867361010589446257e-01
-3.869948360777656360e-01
-3.872968733666269370e-01
-3.876422467502896319e-01
-3.880307325518987382e-01
-3.884619242606353606e-01
-3.889352846124989327e-01
-3.894501826992865512e-01
-3.900059210722993108e-01
-3.906023353407136467e-01
-3.911525378681746101e-01
-3.917523704174620813e-01
-3.924001643448191690e-01
-3.930920504596109311e-01
-3.938254837817387055e-01
-3.945981004097955935e-01
-3.954077260709554231e-01
-3.962523210456569966e-01
-3.971299462138321856e-01
-3.980387422987403667e-01
-3.989051934902193564e-01
-3.998081572901705516e-01
-4.007454882861169465e-01
-4.017125747131286562e-01
-4.027061774138598338e-01
-4.037232750976929574e-01
-4.047615192408939855e-01
-4.058169151037510636e-01
-4.068885688026445679e-01
-4.079734130677517001e-01
-4.090113029694796842e-01
-4.100664703516878618e-01
-4.411574948969513299e-01
-4.413482127297624902e-01
-4.415219581524878478e-01
-4.416763076642725716e-01
-4.418089099668732755e-01
-4.418602725917542551e-01
-4.418816350718524633e-01
-4.418701802452578709e-01
-4.418241509603399453e-01
-4.417419336645219685e-01
-4.416220721883757916e-01
-4.414631714153838815e-01
-4.412640194453157361e-01
-4.410225964976501878e-01
-4.407389701194893705e-01
-4.403235438489413456e-01
-4.398606917423615870e-01
-4.393483022183886644e-01
-4.387872728753777207e-01
-4.381763891944472911e-01
-4.375155724352878250e-01
-4.368048294669786835e-01
-4.360442577528849672e-01
-4.352340158762299516e-01
-4.343745475893036612e-01
-4.333471130593907206e-01
-4.322726857158419866e-01
-4.311504734333145850e-01
-4.299817693355947323e-01
-4.287681486806134146e-01
-4.275113636272873108e-01
-4.262132840870158090e-01
-4.248759074152678172e-01
-4.235013319655693276e-01
-4.220917400380316264e-01
-4.205077442141731403e-01
-4.188998731208342097e-01
-4.172695230869551963e-01
-4.156198466676140346e-01
-4.139541802756273592e-01
-4.122759570817908226e-01
-4.105886445189155798e-01
-4.088956991981355649e-01
-4.072005335117793723e-01
-4.055064900809192130e-01
-4.036681350709523941e-01
-4.018506184090777644e-01
-4.000545023753260265e-01
-3.982842976449859629e-01
-3.965433110126698191e-01
-3.948347668760904261e-01
-3.931617134432069394e-01
-3.915269797838743515e-01
-3.899331492352762774e-01
-3.883825439724852835e-01
-3.867401145575688481e-01
-3.851634248888067824e-01
-3.836529181786877962e-01
-3.822094998744900440e-01
-3.808360101861010816e-01
-3.795304264537132655e-01
-3.782946614212040481e-01
-3.771288142782878716e-01
-3.760328057612715158e-01
-3.750062544137019449e-01
-3.739413196099673486e-01
-3.729674291835043398e-01
-3.720829559745508774e-01
-3.712831366116360887e-01
-3.705671102429800579e-01
-3.699324910717195491e-01
-3.693767346682635955e-01
-3.688971273175303822e-01
-3.684907986109121070e-01
-3.681547373316169658e-01
-3.678220620110307371e-01
-3.675777462278074226e-01
-3.674167036819410703e-01
-3.673333681638454307e-01
-3.673238869853793775e-01
-3.673830883986597406e-01
-3.675068676901274700e-01
-3.676900434669568840e-01
-3.679287896585790585e-01
-3.682194732183474706e-01
-3.685420240430705707e-01
-3.689314042719630260e-01
-3.693768525645497736e-01
-3.698743555942932137e-01
-3.704200151102032823e-01
-3.710044883062929566e-01
-3.716243428911334967e-01
-3.722747331207961197e-01
-3.729506145290663599e-01
-3.736473033676560584e-01
-3.743598353539027701e-01
-3.750833396571249811e-01
-3.758137446923139890e-01
-3.765471613233605241e-01
-3.772800243443785728e-01
-3.780109480918300568e-01
-3.787327868186947666e-01
-3.794448286922283975e-01
-3.801444414610999356e-01
-3.808293118861851845e-01
-3.814056330375120707e-01
-3.819508965711135295e-01
-3.824491835866227762e-01
-3.829368619544980534e-01
-3.834098393634187141e-01
-3.838428570109212457e-01
-3.843277564390057965e-01
-3.848145457098979816e-01
-3.852756987448374137e-01
-3.857111251367523752e-01
-3.859882986786354886e-01
-3.862336860789614135e-01
-3.864502844283580485e-01
-3.866406210121016707e-01
-3.868072322544528485e-01
-3.869526368525286197e-01
-3.870793178488069475e-01
-3.871897108814024713e-01
-3.872861967856614518e-01
-3.873710972871576841e-01
-3.872860337416882959e-01
-3.871908109101958040e-01
-3.870894779431890975e-01
-3.869852125466177739e-01
-3.868809201189015723e-01
-3.867792720861482070e-01
-3.866827351053775397e-01
-3.865935941562668177e-01
-3.865139715253746999e-01
-3.864458429771056580e-01
-3.862189359476393968e-01
-3.860080693437414889e-01
-3.858164984973708744e-01
-3.856465387112264498e-01
-3.855001567806625729e-01
-3.853790381971641810e-01
-3.852846369219774525e-01
-3.852182134422218462e-01
-3.851808648357419318e-01
-3.851735492709721931e-01
-3.850271861963713849e-01
-3.849167650121411710e-01
-3.848440957700394738e-01
-3.848101654329550980e-01
-3.848156411227923179e-01
-3.848609467491917457e-01
-3.849463185328561576e-01
-3.850718463571207728e-01
-3.852375054485047134e-01
-3.854431813174332699e-01
-3.855335255476582956e-01
-3.856706319945609751e-01
-3.858546381614939014e-01
-3.860851403495144107e-01
-3.863615225033876222e-01
-3.866830174706590850e-01
-3.870486201237286483e-01
-3.874576420896415629e-01
-3.879090641676654072e-01
-3.884016489328584454e-01
-3.888445684440181016e-01
-3.893428158037976483e-01
-3.898920015008934814e-01
-3.904886268873373201e-01
-3.911296636590822495e-01
-3.918123972006962719e-01
-3.925343290901694426e-01
-3.932931166753635965e-01
-3.940865358265837060e-01
-3.949124581049655580e-01
-3.956923166749968246e-01
-3.965147357907010672e-01
-3.973743286248021533e-01
-3.982668357505578793e-01
-3.991885033835216312e-01
-4.001358108719330620e-01
-4.011058904448150941e-01
-4.020956043039403682e-01
-4.031021996367752380e-01
-4.041230225285377675e-01
-4.050936735882672557e-01
-4.060852812258048949e-01
-4.070920866530480797e-01
-4.276838977044479795e-01
-4.278892280669364112e-01
-4.280888591876217397e-01
-4.282816940931455374e-01
-4.284665895655107026e-01
-4.286424065001773753e-01
-4.287582942769400662e-01
-4.288585620624445482e-01
-4.289392361074835236e-01
-4.289998401627574398e-01
-4.290393099047511982e-01
-4.290566324062738413e-01
-4.290508373699465916e-01
-4.290209893787164108e-01
-4.289661836330971312e-01
-4.288855435399239191e-01
-4.286952296191215983e-01
-4.284738749628314580e-01
-4.282180576900647684e-01
-4.279279383903397127e-01
-4.276031939842629970e-01
-4.272436051247343602e-01
-4.268490439176833018e-01
-4.264194631208154118e-01
-4.259548903692529920e-01
-4.254554254610250497e-01
-4.248049922450646276e-01
-4.241180287181339215e-01
-4.233937818457457203e-01
-4.226331815981724804e-01
-4.218373642788899591e-01
-4.210076273595908525e-01
-4.201455348678451718e-01
-4.192523948406129963e-01
-4.183299139648387621e-01
-4.173807815783834863e-01
-4.162625637490603991e-01
-4.151222743942447613e-01
-4.139609944289706633e-01
-4.127813517138686494e-01
-4.115861336034373208e-01
-4.103782170872449231e-01
-4.091605194654009958e-01
-4.079359623220776832e-01
-4.067074443071198586e-01
-4.054778198619598539e-01
-4.040950621330809400e-01
-4.027243230045674527e-01
-4.013670758167626196e-01
-4.000254334275459289e-01
-3.987040617172871726e-01
-3.974052114286009685e-01
-3.961316139676130388e-01
-3.948858405632235113e-01
-3.936702653992273371e-01
-3.924870485024171129e-01
-3.911895252245318755e-01
-3.899410228154647773e-01
-3.887413628339878580e-01
-3.875921312648430428e-01
-3.864935937423961687e-01
-3.854482425610765706e-01
-3.844561793184724796e-01
-3.835177946218692457e-01
-3.826332477091467510e-01
-3.818024509380409381e-01
-3.808992561928224441e-01
-3.800670476330747505e-01
-3.793022815182669483e-01
-3.786032956500435254e-01
-3.779680890722786901e-01
-3.773955143117408983e-01
-3.768825937136615623e-01
-3.764291558740351373e-01
-3.760318086389264347e-01
-3.756882639882081487e-01
-3.753092366017887205e-01
-3.749980636601677464e-01
-3.747493710251560972e-01
-3.745593103354651898e-01
-3.744241439816694550e-01
-3.743401844534077760e-01
-3.743037680954526825e-01
-3.743113757034177702e-01
-3.743589813930933707e-01
-3.744416047617597498e-01
-3.745187901367904582e-01
-3.746438239137439008e-01
-3.748090242602684086e-01
-3.750120448701469988e-01
-3.752472326370896449e-01
-3.755093451974202967e-01
-3.757961116501662424e-01
-3.761023143145391656e-01
-3.764249728746920653e-01
-3.767602289079717282e-01
-3.771054274654534466e-01
-3.774564843460012642e-01
-3.778102171179046898e-01
-3.781637576595512362e-01
-3.785139149167742190e-01
-3.788587272370257941e-01
-3.791970186048905789e-01
-3.795262136451211799e-01
-3.798446792538865968e-01
-3.801510470511563211e-01
-3.803851803241494189e-01
-3.805969914487575267e-01
-3.807876644320121184e-01
-3.809570606520151226e-01
-3.811075388942882225e-01
-3.812390434929993632e-01
-3.813525569457252851e-01
-3.814492148430652652e-01
-3.815302840997715772e-01
-3.815971508231669751e-01
-3.815531163539711001e-01
-3.814950340525251615e-01
-3.814261689277423373e-01
-3.813489073993040490e-01
-3.812656331880295846e-01
-3.811787182995134970e-01
-3.810905161556948362e-01
-3.810032453365624350e-01
-3.809196019841958325e-01
-3.808415787977776357e-01
-3.806449181216205457e-01
-3.804594277056107532e-01
-3.802884792068919606e-01
-3.801345693179288832e-01
-3.800000334314398431e-01
-3.798870634864153217e-01
-3.797977223571929462e-01
-3.797339561648915285e-01
-3.796976052490783071e-01
-3.796904142619608735e-01
-3.795707123727313781e-01
-3.794876119718552099e-01
-3.794434143531698611e-01
-3.794396577950582272e-01
-3.794776542010883658e-01
-3.795585327927717412e-01
-3.796832731632022173e-01
-3.798527312998545291e-01
-3.800676608166296266e-01
-3.803287308504612052e-01
-3.804882845313655726e-01
-3.807017427726945291e-01
-3.809699105434294908e-01
-3.812930458663411626e-01
-3.816712016406247909e-01
-3.821042808647934219e-01
-3.825920769108875907e-01
-3.831343038343627549e-01
-3.837306198922454947e-01
-3.843806463322617661e-01
-3.849428250743091029e-01
-3.855665143910297354e-01
-3.862508522702562397e-01
-3.869962707820109316e-01
-3.877988193545909290e-01
-3.886588649887497415e-01
-3.895751574360387659e-01
-3.905464429906067569e-01
-3.915712446106577316e-01
-3.926489788744248477e-01
-3.936552406769836532e-01
-3.947216932476543816e-01
-3.958460317237221804e-01
-3.970263729939119135e-01
-3.982599551401866944e-01
-3.995464966649738270e-01
-4.008807805845597816e-01
-4.022624641723722694e-01
-4.036895271671524510e-01
-4.051600243765703935e-01
-4.066055933021551216e-01
-4.081051422923732686e-01
-4.096527331594177479e-01
-4.112437332380912136e-01
-4.128741388923636291e-01
-4.145409856843771945e-01
-4.162410085545782956e-01
-4.179691403757814228e-01
-4.197240102458757449e-01
-4.215028704383914637e-01
-4.232492831987479387e-01
-4.250271688500634748e-01
-4.268278530806784987e-01
-4.167678683397997852e-01
-4.167390392597736248e-01
-4.167103897383024891e-01
-4.166803301140798443e-01
-4.166472251848790664e-01
-4.166094185605894729e-01
-4.165651889793460794e-01
-4.165130553064106955e-01
-4.164115133310418715e-01
-4.162940492486304489e-01
-4.161594316799423487e-01
-4.160064553096805007e-01
-4.158339874909443012e-01
-4.156409516237836166e-01
-4.154263733785912849e-01
-4.151892515939155648e-01
-4.149284838061298997e-01
-4.146436494070596113e-01
-4.142648001712387895e-01
-4.138565383161398326e-01
-4.134186843631843522e-01
-4.129508350075198897e-01
-4.124536134348865124e-01
-4.119267284338917756e-01
-4.113703643906595486e-01
-4.107847934523410349e-01
-4.101703495986970260e-01
-4.095274679859391975e-01
-4.087577347782994641e-01
-4.079598176848447388e-01
-4.071347061675627543e-01
-4.062837906990656167e-01
-4.054086022649106558e-01
-4.045107843283153315e-01
-4.035920690089251917e-01
-4.026542599901958841e-01
-4.016992197157975286e-01
-4.007288592742613287e-01
-3.996222464476069658e-01
-3.985070098771532066e-01
-3.973861151756473142e-01
-3.962622867407968874e-01
-3.951383113638804456e-01
-3.940169860281572678e-01
-3.929010806495746855e-01
-3.917933108921786145e-01
-3.906963177670499388e-01
-3.896126518989498910e-01
-3.884087096118775118e-01
-3.872306952035801109e-01
-3.860815920148226721e-01
-3.849639163158318222e-01
-3.838800735525436103e-01
-3.828323034510435763e-01
-3.818226454188130004e-01
-3.808528963460348638e-01
-3.799246797573813117e-01
-3.790403330946045535e-01
-3.780647409664523173e-01
-3.771468577256468779e-01
-3.762875385744102186e-01
-3.754870785621935436e-01
-3.747456445035889372e-01
-3.740630081614374491e-01
-3.734400753919431826e-01
-3.728736746596074680e-01
-3.723643622586086943e-01
-3.719110041704692948e-01
-3.713964788695299224e-01
-3.709499697148616604e-01
-3.705710696382920610e-01
-3.702565829336257885e-01
-3.700040489271270716e-01
-3.698106217582518007e-01
-3.696733368151610133e-01
-3.695891164497151493e-01
-3.695547821772985353e-01
-3.695675580824331341e-01
-3.695349028620392717e-01
-3.695592516308327524e-01
-3.696370909302463259e-01
-3.697630790260200140e-01
-3.699337864586173530e-01
-3.701421603439487562e-01
-3.703862547210461376e-01
-3.706600226970244716e-01
-3.709589022395565205e-01
-3.712805419793909767e-01
-3.715675218350513176e-01
-3.718840908137960866e-01
-3.722255837486713181e-01
-3.725863737498387729e-01
-3.729592089103013208e-01
-3.733406306778679906e-01
-3.737259857010689634e-01
-3.741109144314546109e-01
-3.744913204181725686e-01
-3.748640292655783246e-01
-3.752254220110810001e-01
-3.755691043456139688e-01
-3.758937363062782588e-01
-3.761964645534255913e-01
-3.764747805404078940e-01
-3.767264930491451280e-01
-3.769497210565377898e-01
-3.771428879230198650e-01
-3.773047160445391901e-01
-3.774346499344565231e-01
-3.775022467445387497e-01
-3.775278994814545985e-01
-3.775143102532740880e-01
-3.774629851616472798e-01
-3.773755963796316393e-01
-3.772539678112195038e-01
-3.771000625906402726e-01
-3.769159706427124279e-01
-3.767038968662163589e-01
-3.764661501865562698e-01
-3.761425518839564552e-01
-3.757971782757627000e-01
-3.754329682428198534e-01
-3.750534772660929494e-01
-3.746623238107228415e-01
-3.742627471138169626e-01
-3.738599205360793598e-01
-3.734537441327162588e-01
-3.730490715626257892e-01
-3.726490617472265066e-01
-3.721700884245280339e-01
-3.717052117558909963e-01
-3.712571320479923775e-01
-3.708291632025427220e-01
-3.704244182465987190e-01
-3.700458174753283869e-01
-3.696960989443026646e-01
-3.693778302550448922e-01
-3.690934211016071442e-01
-3.688436339163189692e-01
-3.685309694290992977e-01
-3.682653294048260362e-01
-3.680476385898387437e-01
-3.678798877750718010e-01
-3.677636219877599699e-01
-3.677002268390521245e-01
-3.676909170230922008e-01
-3.677367548608032055e-01
-3.678386694937391677e-01
-3.680011237411979774e-01
-3.681094151344773135e-01
-3.682847229830212288e-01
-3.685264783065273497e-01
-3.688347766143730833e-01
-3.692095478350417848e-01
-3.696505858460286120e-01
-3.701575750176665514e-01
-3.707301138387185668e-01
-3.713677359358694696e-01
-3.720699287931938382e-01
-3.727299875844364840e-01
-3.734645304993954862e-01
-3.742707085747190576e-01
-3.751470331256603341e-01
-3.760914875773136989e-01
-3.771034490583381471e-01
-3.781798778947028095e-01
-3.793212020680235552e-01
-3.805249429808991168e-01
-3.817895214184015562e-01
-3.830203224496170900e-01
-3.843212252209999846e-01
-3.856876014810257658e-01
-3.871165988414762005e-01
-3.886054798036529534e-01
-3.901515975387098711e-01
-3.917523833144098133e-01
-3.934053405295730999e-01
-3.951080424295189131e-01
-3.968581317108505480e-01
-3.986034256419204169e-01
-4.004073051321634380e-01
-4.022611432668475318e-01
-4.041604835469103651e-01
-4.061014861529622100e-01
-4.080795279195973402e-01
-4.100907914160104029e-01
-4.121317277455190387e-01
-4.141989746851822418e-01
-4.162893253301500618e-01
-4.183586977489736070e-01
-4.204576658789496157e-01
-4.225778415299661361e-01
-4.098962400130015116e-01
-4.100734618965254930e-01
-4.102402407158484698e-01
-4.103952364605051306e-01
-4.105368356278429331e-01
-4.106424651746077292e-01
-4.107300875786056293e-01
-4.107978255948803170e-01
-4.108451822716877588e-01
-4.108717939549909604e-01
-4.108747543020131454e-01
-4.108544135155740018e-01
-4.108098423823441370e-01
-4.107413075010435399e-01
-4.106455547536684847e-01
-4.104823952703233747e-01
-4.102902147014805267e-01
-4.100677259505464134e-01
-4.098145633235921736e-01
-4.095304656802510879e-01
-4.092152541781566288e-01
-4.088697899990952345e-01
-4.084919708257350179e-01
-4.080829857332272104e-01
-4.076428398012629795e-01
-4.071109836452694308e-01
-4.065475655099244912e-01
-4.059525001676034806e-01
-4.053265239708930268e-01
-4.046705065785106692e-01
-4.039854243725829464e-01
-4.032723427326298515e-01
-4.025324038190760678e-01
-4.017668178332006734e-01
-4.009768564349761033e-01
-4.000861167968136067e-01
-3.991751819210818675e-01
-3.982453505471882371e-01
-3.972986247639949120e-01
-3.963371034442634833e-01
-3.953629443943755262e-01
-3.943783371286288530e-01
-3.933855809425924055e-01
-3.923866822224142403e-01
-3.913839094549300124e-01
-3.902915216038594926e-01
-3.892041179950272434e-01
-3.881236385170129810e-01
-3.870525539426419304e-01
-3.859933057735356332e-01
-3.849482635087425608e-01
-3.839196096026397664e-01
-3.829096375271957564e-01
-3.819203139989050810e-01
-3.809535017039458182e-01
-3.799227451303093250e-01
-3.789258316881133903e-01
-3.779637822139895187e-01
-3.770380203154984344e-01
-3.761498350133259949e-01
-3.753003441517492877e-01
-3.744904743415155002e-01
-3.737209517730407660e-01
-3.729923002985612857e-01
-3.723048444247062383e-01
-3.715805420126088721e-01
-3.709084707197617403e-01
-3.702875677825501755e-01
-3.697171882734610615e-01
-3.691965719242732979e-01
-3.687247487406073443e-01
-3.683006682376703256e-01
-3.679231309931544347e-01
-3.675909054588216707e-01
-3.673024442587378147e-01
-3.669962569829318122e-01
-3.667429763297647138e-01
-3.665394527320541274e-01
-3.663830880520486666e-01
-3.662712953872748201e-01
-3.662014683987716013e-01
-3.661709224972833909e-01
-3.661770947780843000e-01
-3.662170822552607841e-01
-3.662884429418346022e-01
-3.663522060909097933e-01
-3.664542069816558723e-01
-3.665900941210641917e-01
-3.667561684162090052e-01
-3.669490203559932495e-01
-3.671650236646019638e-01
-3.674011463127538901e-01
-3.676541494496275431e-01
-3.679209248953799749e-01
-3.681985868057049416e-01
-3.684738122102671487e-01
-3.687643660822508829e-01
-3.690658295350057183e-01
-3.693745393606854832e-01
-3.696870167241017580e-01
-3.700000145357008052e-01
-3.703103709866109594e-01
-3.706154980404995913e-01
-3.709126036397336068e-01
-3.711992475497869481e-01
-3.714715993852668596e-01
-3.717280936972788274e-01
-3.719668199160403588e-01
-3.721859684218488673e-01
-3.723843226623789193e-01
-3.725605233236261582e-01
-3.727136764666108548e-01
-3.728426034125705280e-01
-3.729468847865655134e-01
-3.730260395404824680e-01
-3.730293337571639611e-01
-3.730040376467986252e-01
-3.729513551820058392e-01
-3.728725427942096715e-01
-3.727688799051367408e-01
-3.726417653430103005e-01
-3.724926912398541790e-01
-3.723232328465108654e-01
-3.721351417471176481e-01
-3.719299712660055768e-01
-3.716345478268703872e-01
-3.713266659248184443e-01
-3.710089535070433264e-01
-3.706842101936312361e-01
-3.703547354315415707e-01
-3.700229350340987211e-01
-3.696911557908049706e-01
