5.485606360799962111e+00
2.734171836297878855e+00
2.241809592461470491e+00
1.959126560636831549e+00
1.807610760681835016e+00
1.737578012663547167e+00
1.572848191620304981e+00
1.577451569774209972e+00
1.596869028940660407e+00
1.624296067322338777e+00
1.655515523499623942e+00
1.687940168264096208e+00
1.720005370131498568e+00
1.750792468306127336e+00
1.779799056002649982e+00
1.806765704068207246e+00
1.658208577993578459e+00
1.672943970107280354e+00
1.684681139440063591e+00
1.693971235753656490e+00
1.701249445384587888e+00
1.706737984323708490e+00
1.710684000194742094e+00
1.713264992019345012e+00
1.714647122770490917e+00
1.714872612399172436e+00
1.535693586115421283e+00
1.525661200181395838e+00
1.514023062052388457e+00
1.501278175733571585e+00
1.487686179457545999e+00
1.473495534643681770e+00
1.458866509534858080e+00
1.443902661773271312e+00
1.428679425503408318e+00
1.413253710270444996e+00
1.214948709559102724e+00
1.190881819352010540e+00
1.166101929817547900e+00
1.141018674571787850e+00
1.115908125358198832e+00
1.090938175767634410e+00
1.066216923075823164e+00
1.041814251837896332e+00
1.017775749593075041e+00
9.941315339993553879e-01
7.849457442626308623e-01
7.538690971415097364e-01
7.227266271035212020e-01
6.918556062604475088e-01
6.614861770298195998e-01
6.317590483203610052e-01
6.027582073030028909e-01
5.745316949084827707e-01
5.471047942612546899e-01
5.204883945552138957e-01
3.067151785952463294e-01
2.737394849483889558e-01
2.410829605510176332e-01
2.090619850113275557e-01
1.778553585957943217e-01
1.476445279783198949e-01
1.184727052397382963e-01
9.035740867145625188e-02
6.330848568072233729e-02
3.732098876486678041e-02
-1.764221974982098651e-01
-2.079043354157459889e-01
-2.388940991584243001e-01
-2.690814626817719657e-01
-2.982635822328820741e-01
-3.263550891762974082e-01
-3.532463903587446108e-01
-3.789391980653159520e-01
-4.034515795355521073e-01
-4.267997164717926561e-01
-6.375595088608275729e-01
-6.657663228635901653e-01
-6.935053497325788241e-01
-7.204029190146705730e-01
-7.462695330037486530e-01
-7.710083083585147490e-01
-7.945701237881217516e-01
-8.169556751582804921e-01
-8.381261039553593584e-01
-8.581220172589608675e-01
-1.064267187935022729e+00
-1.088688377040173183e+00
-1.112707782664704936e+00
-1.136000852296900288e+00
-1.158364865938572574e+00
-1.179649844174321505e+00
-1.199817621607896179e+00
-1.218817045560118384e+00
-1.236720447049862504e+00
-1.253503026161516765e+00
-1.454119432951577640e+00
-1.474916653590641058e+00
-1.495527839619926525e+00
-1.515572718257842233e+00
-1.534757118387781283e+00
-1.552962836527817636e+00
-1.570140546099431322e+00
-1.586263996454805980e+00
-1.601334470431246881e+00
-1.615378595013226448e+00
-1.626461994024043456e+00
-1.638247873221367223e+00
-1.649446176256094576e+00
-1.659954848365236879e+00
-1.669754961719045472e+00
-1.678806780289792799e+00
-1.687082639821901431e+00
-1.694721130075850013e+00
-1.701607025239846749e+00
-1.707772795463084581e+00
-1.527175041417198731e+00
-1.525809015697904059e+00
-1.523788208411459566e+00
-1.521277453415939007e+00
-1.518415384890841047e+00
-1.515256420443678032e+00
-1.512329657600700150e+00
-1.508189328775585647e+00
-1.503564835477686934e+00
-1.500558515997008513e+00
-1.311765579820296956e+00
-1.301702181183455043e+00
-1.291195986609616542e+00
-1.280477487198995012e+00
-1.269709483929163607e+00
-1.258989791039789141e+00
-1.248375240380888762e+00
-1.237896963231021497e+00
-1.227570106048387677e+00
-1.217399990090660467e+00
-1.021673432763038347e+00
-1.004815276814591263e+00
-9.885446431659451472e-01
-9.728005560994408274e-01
-9.575555955958736654e-01
-9.427830500786437140e-01
-9.284574168991057697e-01
-9.145546269860758137e-01
-9.010521112782319264e-01
-8.879287731111182858e-01
-6.922881215297109758e-01
-6.724778285788357568e-01
-6.535838294112640279e-01
-6.354817957061956735e-01
-6.181008027552532536e-01
-6.013846577410110195e-01
-5.852874114143079565e-01
-5.697703825961893953e-01
-5.548001705838967457e-01
-5.403473079873548635e-01
-3.482949226109453567e-01
-3.270719034764204003e-01
-3.069704019281093155e-01
-2.878329355065629147e-01
-2.695646084183848656e-01
-2.520927603440985543e-01
-2.353597944479589588e-01
-2.193184867817306039e-01
-2.039360038362960648e-01
-1.891536771867806110e-01
-4.188421480764620286e-03
1.736687892722463267e-02
3.768592682562069140e-02
5.701194963510336500e-02
7.538449695310162069e-02
9.288521001802099719e-02
1.095734491677671507e-01
1.254973489120522756e-01
1.406981796637501447e-01
1.552122121829980494e-01
3.055101492992456369e-01
3.238424213325222789e-01
3.426069988116330345e-01
3.613116362099262346e-01
3.796942250219911275e-01
3.975513334491227457e-01
4.147930597805112862e-01
4.313671814476986999e-01
4.472489416503879212e-01
4.624320261173266999e-01
6.054770858492888319e-01
6.245001714849600649e-01
6.438520425732662256e-01
6.630787315005597371e-01
6.818916542583534079e-01
7.001507208867872034e-01
7.176824441443414582e-01
7.345203506664241822e-01
7.506032369910529134e-01
7.659338158875822478e-01
9.011342424884615232e-01
9.203205537564111971e-01
9.398124525789804951e-01
8.375475709671517111e-01
8.916643760547875441e-01
9.437414270346423661e-01
9.939579681538330824e-01
1.040148042661615868e+00
1.088324366575201374e+00
9.991918682458202916e-01
1.036530709835512321e+00
1.071056037858636678e+00
1.103486095903361219e+00
1.134382029632384103e+00
1.163912384086610796e+00
1.192458038579951696e+00
1.220087705594488092e+00
1.246909347786137712e+00
1.272994143038232551e+00
1.154866730982881284e+00
1.168801345204254272e+00
1.181826397911148074e+00
1.194081780848390117e+00
1.205659046472718376e+00
1.216610702849179715e+00
1.226964065032817963e+00
1.236730119705349962e+00
1.245909224076800825e+00
1.254494796634784359e+00
1.114554388093157655e+00
1.110502206273654258e+00
1.105604410818431749e+00
1.099964436241525068e+00
1.093689316584083526e+00
1.086849325997301774e+00
1.079315882250350356e+00
1.071283098491409458e+00
1.062677198427975922e+00
1.053510508561842141e+00
8.904474679444431828e-01
8.684063328604934018e-01
8.456998743221726400e-01
8.224702445708949039e-01
7.988253609165221203e-01
7.748429711560751443e-01
7.505827192429239680e-01
7.260936760857693573e-01
7.014189916319513163e-01
6.765987208133460440e-01
4.930660404998769564e-01
4.563261130834262991e-01
4.194990155718165692e-01
3.827760885108388855e-01
3.462721926234434422e-01
3.100800800300371751e-01
2.744048571564548511e-01
2.391643712064833172e-01
2.044902279441507820e-01
1.704259472644276685e-01
-2.574609521673881796e-02
-6.978240803121266156e-02
-1.131359138157366773e-01
-1.556075033735257462e-01
-1.970486669168490801e-01
-2.373571178064532439e-01
-2.764614336684914075e-01
-3.143112737509394794e-01
-3.508711392284612485e-01
-3.861163780615003982e-01
-5.852645685667297037e-01
-6.284167282216694961e-01
-6.703723702455723910e-01
-7.108384951286687015e-01
-7.497825400978967991e-01
-7.870665492068491531e-01
-8.226598827947438908e-01
-8.565512383520225148e-01
-8.887439768915321725e-01
-9.192675479844302222e-01
-1.113903975782269962e+00
-1.150802038101401692e+00
-1.186342820724796354e+00
-1.220304415652008423e+00
-1.252561721952280882e+00
-1.283053177360965247e+00
-1.311759603691633469e+00
-1.338689837201691546e+00
-1.363873932743475681e+00
-1.387337023596095786e+00
-1.573657467216462047e+00
-1.602520535164031923e+00
-1.630279906881368257e+00
-1.656647780783377044e+00
-1.681432964497186155e+00
-1.704623206381145062e+00
-1.726204641388422445e+00
-1.746104235465032906e+00
-1.764435494436958463e+00
-1.781212609517626611e+00
-1.794459296400662263e+00
-1.807776099658598534e+00
-1.820036015809876062e+00
-1.831151342349623956e+00
-1.841166775854552906e+00
-1.850098944065121653e+00
-1.857923469601498567e+00
-1.864700926404654568e+00
-1.870469213126398245e+00
-1.875268336310560890e+00
-1.710778977138246670e+00
-1.705133460566421011e+00
-1.698894019091385488e+00
-1.692178845565598611e+00
-1.685082026296975233e+00
-1.677667096350341502e+00
-1.669978054884510010e+00
-1.662046363204112698e+00
-1.653895380222151656e+00
-1.645533540896404912e+00
-1.467137725052741537e+00
-1.449664993282427705e+00
-1.432555719814421424e+00
-1.415735312536152701e+00
-1.399281728208848996e+00
-1.383146698153940202e+00
-1.367322202014402244e+00
-1.351796003246622302e+00
-1.336554944102601894e+00
-1.321585552002329855e+00
-1.137494545268515456e+00
-1.114089129225263708e+00
-1.091646967680930169e+00
-1.070045091249482105e+00
-1.049206167870526896e+00
-1.029068331973618911e+00
-1.009580427447004602e+00
-9.906988594309132923e-01
-9.723854873798347676e-01
-9.546061932036837838e-01
-7.709300525594985354e-01
-7.450446776455615927e-01
-7.204915062396428649e-01
-6.970751061848889929e-01
-6.746676107073289463e-01
-6.531718272732611741e-01
-6.325111888834227258e-01
-6.126232089658660840e-01
-5.934551910475462932e-01
-5.749613905180963602e-01
-3.965149466718901339e-01
-3.701641941722493834e-01
-3.453200269764016839e-01
-3.217558333618878441e-01
-2.993515796399366380e-01
-2.778904130539783246e-01
-2.574080898707757914e-01
-2.377459834128076710e-01
-2.188681246089816401e-01
-2.009624060380764965e-01
-3.206751948747171843e-02
-6.470814484980019765e-03
1.760688321426392977e-02
4.037838015272388059e-02
6.198696278605397847e-02
8.254063584904425266e-02
1.021236906800574440e-01
1.208042153298247295e-01
1.386389948167954245e-01
1.556767325701402527e-01
2.869600733817976312e-01
3.074837049510648068e-01
3.281351007947375664e-01
3.485422690230549625e-01
3.684722782726196355e-01
3.877875799287660574e-01
4.064109787618094272e-01
4.242565886886191517e-01
4.414617003049541299e-01
4.579044612787528945e-01
5.791627495760701683e-01
5.988219136796765207e-01
6.185885740308040281e-01
6.380911612807929068e-01
6.570975227976371125e-01
6.754705833700720419e-01
6.931883814554091749e-01
7.100353329156703364e-01
7.261535959823678388e-01
7.416020070520275009e-01
8.525354447500000932e-01
8.710122912120026317e-01
8.894736076339115893e-01
9.079012673841075909e-01
9.229570466297623010e-01
9.771065601723377680e-01
1.030267923073527436e+00
9.672321194510056230e-01
1.009363615822952420e+00
1.050052703132134724e+00
1.089756560085331394e+00
1.128236102500641991e+00
1.165960475134066643e+00
1.202942752657503167e+00
1.239243193807136434e+00
1.274894845527276610e+00
1.309911837062870621e+00
1.223137971366662802e+00
1.246573100763461506e+00
1.268618344974783430e+00
1.289634514529054865e+00
1.309323499018264947e+00
1.328049578050426227e+00
1.345778380411015274e+00
1.362510010167659713e+00
1.378226360088427249e+00
1.392898880255391658e+00
1.277045655514825295e+00
1.278328687023113419e+00
1.277834107044098166e+00
1.275747917745793103e+00
1.272191987235814059e+00
1.267378691422744730e+00
1.261010250405691702e+00
1.253387953110183473e+00
1.244460794771533596e+00
1.234273359840076578e+00
1.084050666146512354e+00
1.059659144785661589e+00
1.033600229760149425e+00
1.006130070114434671e+00
9.774477792570945844e-01
9.477086027994000572e-01
9.170413487506812178e-01
8.855592213750895780e-01
8.533664560646194719e-01
8.205622822749303324e-01
6.396193685596197609e-01
5.941208043853754006e-01
5.479547418463639463e-01
5.014421947316651806e-01
4.548398611098359856e-01
4.083507941383154316e-01
3.619831266989794738e-01
3.145367475872344887e-01
2.700581979171811642e-01
2.312727612912649500e-01
3.882877919214239304e-02
-1.251812916725181246e-02
-6.486361106387611430e-02
-1.173539598944234874e-01
-1.693652947865006975e-01
-2.204318667716861913e-01
-2.702410372929117122e-01
-3.185806543333209451e-01
-3.653056371981173722e-01
-4.103166527381233442e-01
-6.125730885618150268e-01
-6.643561282330594508e-01
-7.146840703361581060e-01
-7.631877898068536448e-01
-8.096763825168548090e-01
-8.540464796435940364e-01
-8.962404725766999203e-01
-9.362525216348445145e-01
-9.740069272710238923e-01
-1.009636684706650911e+00
-1.203151643895197243e+00
-1.243769053409498060e+00
-1.282817848529418603e+00
-1.320030822315161556e+00
-1.355194489661956547e+00
-1.388278168796364787e+00
-1.419221098401072467e+00
-1.448002813099390940e+00
-1.474716725047693799e+00
-1.499437373419664876e+00
-1.680917121522508051e+00
-1.709860309391499467e+00
-1.737668867377891724e+00
-1.764013433181180535e+00
-1.788749202292440277e+00
-1.811661340085655603e+00
-1.832812116516748357e+00
-1.852173881473567540e+00
-1.869783305664585393e+00
-1.885690833372954067e+00
-1.893947612349387244e+00
-1.905821021506608259e+00
-1.916788052079181348e+00
-1.926661933232506563e+00
-1.935356288164454375e+00
-1.942927353576636484e+00
-1.949346801528772932e+00
-1.954645981753804218e+00
-1.958863473498708929e+00
-1.962043473768069646e+00
-1.793186003351332047e+00
-1.785802078484797883e+00
-1.777959282708204025e+00
-1.769676956438229087e+00
-1.760995529616152133e+00
-1.751950207798387726e+00
-1.742572306455592024e+00
-1.732889972985824700e+00
-1.722928757294123869e+00
-1.712712444919189059e+00
-1.529600228845647170e+00
-1.510164523648532819e+00
-1.491216102945926547e+00
-1.472693866977180077e+00
-1.454473005390457319e+00
-1.436552140957614743e+00
-1.418908821063254333e+00
-1.401528497701983289e+00
-1.384401832291276335e+00
-1.367522685679823713e+00
-1.178864117509472509e+00
-1.153496323265956303e+00
-1.129277263299923950e+00
-1.105922388817073720e+00
-1.083395475444661527e+00
-1.061566410723184362e+00
-1.040378642528877018e+00
-1.019789159986004279e+00
-9.997655321078302570e-01
-9.802599472702950845e-01
-7.925289668879387239e-01
-7.649396576922631308e-01
-7.388464002417516330e-01
-7.139707497576275319e-01
-6.901438509742401362e-01
-6.672729640957730801e-01
-6.451920557356392028e-01
-6.239406795502671077e-01
-6.034293181860035382e-01
-5.836210541882767000e-01
-4.017756659306011557e-01
-3.741692787775061646e-01
-3.481916577008987712e-01
-3.235564230932402863e-01
-3.000846774902352632e-01
-2.776518420912781893e-01
-2.561684615796427922e-01
-2.355678768804048140e-01
-2.157983010612240238e-01
-1.968177172403998698e-01
-2.524550055371888035e-02
1.113328953108755348e-03
2.592193959891339605e-02
4.941982051536839005e-02
7.175841204908409154e-02
9.304531875670957186e-02
1.133597255288812389e-01
1.327622907744104575e-01
1.513015007406616763e-01
1.689785857553207093e-01
3.009017308598555540e-01
3.222288467088027519e-01
3.437733523982631212e-01
3.652397424551621086e-01
3.862871224004302828e-01
4.067478278591938334e-01
4.265221485170217486e-01
4.455552540558276875e-01
4.638209529446377100e-01
4.813113038775004293e-01
6.052224826409492442e-01
6.263367115432828536e-01
6.475990349829844339e-01
6.687740411044653666e-01
6.895272166282712112e-01
7.096955303971677065e-01
7.291515652219706656e-01
7.479826863954019966e-01
7.659486906071208967e-01
7.832061971217043617e-01
8.994583173287132860e-01
9.203017500291987840e-01
9.783727557754898774e-01
1.021684896391220176e+00
1.064568514265227694e+00
1.107006559133143497e+00
1.148977428903444009e+00
1.059659660053982266e+00
1.090942447019178640e+00
1.120926961733898164e+00
1.149875513321829690e+00
1.177952212690700495e+00
1.205250307671210441e+00
1.231861146248296901e+00
1.257712216682210560e+00
1.283045019269530851e+00
1.307381517737521648e+00
1.194416267308305191e+00
1.207010733509056744e+00
1.218259736278450411e+00
1.228044803054735290e+00
1.236836669920810650e+00
1.244676171209788462e+00
1.251619920638623373e+00
1.257696784929747791e+00
1.262933041017538560e+00
1.267308116742676960e+00
1.126829847329069434e+00
1.118505709322332287e+00
1.108802809054089344e+00
1.097942590956729081e+00
1.086114861552533561e+00
1.073448445193291523e+00
1.060032096336037455e+00
1.045931069948063064e+00
1.031197400945012888e+00
1.015875465460977178e+00
8.481730037224280982e-01
8.206132421052390047e-01
7.921695752750714803e-01
7.631164852734859672e-01
7.336787681765941649e-01
7.040175954903389322e-01
6.742548722868320077e-01
6.444873294455736312e-01
6.147953524730165320e-01
5.852484764853222998e-01
3.970691075452925656e-01
3.569799766934177443e-01
3.170116850393456809e-01
2.772811325904009916e-01
2.380394385134416146e-01
1.994536942242996491e-01
1.616448008908651368e-01
1.247022365019081480e-01
8.869391119491515374e-02
5.367244345828620089e-02
-1.442985827059903303e-01
-1.875539765465042141e-01
-2.300805829559008919e-01
-2.715712020388809655e-01
-3.118980080728854798e-01
-3.507448913026878223e-01
-3.881467677491922119e-01
-4.240555618914077507e-01
-4.584427380877590386e-01
-4.912951621115583256e-01
-6.896419971241292135e-01
-7.289594800869656499e-01
-7.672486014134048959e-01
-8.040663042495015400e-01
-8.393205959180294329e-01
-8.729126448231698809e-01
-9.047997783631556157e-01
-9.349641301478175404e-01
-9.634127148849682687e-01
-9.901688405082493816e-01
-1.183273640438714303e+00
-1.215399261927895047e+00
-1.246464090562374061e+00
-1.276203148360006701e+00
-1.304408472731431345e+00
-1.330912792746375972e+00
-1.355925442848951556e+00
-1.379260917531701658e+00
-1.400998015188355428e+00
-1.421089989184602942e+00
-1.606656182173666902e+00
-1.631419292914790375e+00
-1.655426380336378012e+00
-1.678392038311572243e+00
-1.700129363058483944e+00
-1.720405889706945857e+00
-1.739281357508225545e+00
-1.756684560867457501e+00
-1.772632084431789767e+00
-1.787195721833692241e+00
-1.796314413354091144e+00
-1.807585834556283633e+00
-1.818065111102770803e+00
-1.827646225901768950e+00
-1.836308111492453099e+00
-1.844053278881096380e+00
-1.850741778093542012e+00
-1.856494912188611623e+00
-1.861355381914246543e+00
-1.865354551866293065e+00
-1.693603456404944696e+00
-1.687940933633762075e+00
-1.681912029605926007e+00
-1.675619705791420611e+00
-1.668886171923641415e+00
-1.661365392610566705e+00
-1.657378307442266774e+00
-1.654206016184563977e+00
-1.649093391046948742e+00
-1.642212919357430634e+00
-1.456712853452672984e+00
-1.439531787900284909e+00
-1.422409125048370360e+00
-1.405436973891534880e+00
-1.388688484210600871e+00
-1.372205323337106320e+00
-1.356009457262411289e+00
-1.340110616711917890e+00
-1.324511008838404003e+00
-1.309208273734665084e+00
-1.116360855813148367e+00
-1.092889913993122075e+00
-1.070502246130528023e+00
-1.049015125491424172e+00
-1.028321779724351126e+00
-1.008345283339920462e+00
-9.890283335878256032e-01
-9.703266350372017346e-01
-9.522046014685542348e-01
-9.346325476654876452e-01
-7.432139936741473107e-01
-7.177751443216389138e-01
-6.937125583002938800e-01
-6.707952010051471126e-01
-6.488820453278332234e-01
-6.278720943875895077e-01
-6.076905440082116527e-01
-5.882798592107942870e-01
-5.695940023488228476e-01
-5.515946842953740603e-01
-3.659355987184167991e-01
-3.403007840006945228e-01
-3.161494862011416385e-01
-2.932452320001760482e-01
-2.714408356074451412e-01
-2.506302543943754180e-01
-2.307343703523910272e-01
-2.116918331182050528e-01
-1.934531468482434957e-01
-1.759768381183359209e-01
2.677796309230595639e-05
2.477942212491901497e-02
4.812794848275744886e-02
7.026251025052579480e-02
9.130294794840515538e-02
1.113381663378495423e-01
1.304091243217533613e-01
1.486629891895673017e-01
1.660714112050293567e-01
1.826129857054385464e-01
3.206380292692373457e-01
3.407920284199085770e-01
3.613196835833907272e-01
3.817629304837043547e-01
4.018290695308913141e-01
4.213412681656264480e-01
4.401964687126466158e-01
4.583385195689704261e-01
4.757410265048896414e-01
4.923964095032461463e-01
6.230745197226424947e-01
6.433233410765504257e-01
6.639390485698459798e-01
6.844644017904598643e-01
7.046103538692287671e-01
7.241676421973457511e-01
7.431946133136841937e-01
7.613791495249246921e-01
7.788922461424283572e-01
7.956737783242504580e-01
9.192777067927200285e-01
9.397601592414916993e-01
9.606757152630063246e-01
9.095799090338217985e-01
9.560249728133802805e-01
1.001339246708712549e+00
1.045666876500141562e+00
1.089099118483797035e+00
1.131691318015581871e+00
1.039370011991706644e+00
1.070629782293344157e+00
1.100378774871471510e+00
1.129079390258122650e+00
1.156834426075050715e+00
1.183731358552701618e+00
1.209819233713150588e+00
1.235123308245799301e+00
1.259653735587014545e+00
1.283410853078669422e+00
1.167662876965912755e+00
1.179530034627306989e+00
1.189871660154431021e+00
1.199114826765439901e+00
1.207373877277260643e+00
1.214732632044686511e+00
1.221238909031467035e+00
1.226919095032449114e+00
1.231786863422161593e+00
1.235848536434629219e+00
1.093850148014098744e+00
1.085360593785908545e+00
1.075624852090117267e+00
1.064864883925377370e+00
1.053239681395771843e+00
1.040857469300355387e+00
1.027796423856929930e+00
1.014119511832631382e+00
9.998588179044313184e-01
9.851652823969716533e-01
8.175082450417590074e-01
7.905833303859892691e-01
7.628968257362759298e-01
7.347013114468556871e-01
7.061861395117228213e-01
6.774896493488555826e-01
6.487176381300665540e-01
6.199549994641471162e-01
5.912730210536535358e-01
5.627339263423265514e-01
3.756437746443846981e-01
3.366217314434643004e-01
2.976355732518133901e-01
2.588582753480354604e-01
2.206648724709469045e-01
1.831305309786805391e-01
1.463297323016068963e-01
1.103437683108336731e-01
7.523595096910540292e-02
4.105616976652531891e-02
-1.558142521005168035e-01
-1.984004844804841405e-01
-2.402457373351305214e-01
-2.810901280085996712e-01
-3.208000901472020105e-01
-3.591225172359313045e-01
-3.960219655160496788e-01
-4.314962196696039420e-01
-4.655191193025537966e-01
-4.980778252511223747e-01
-6.958988696053837186e-01
-7.351482006310274819e-01
-7.732531883524178529e-01
-8.100155069913839156e-01
-8.452759082012271108e-01
-8.789289763880214768e-01
-9.109535831709371090e-01
-9.412664067810307955e-01
-9.698600267356558557e-01
-9.968335746777388096e-01
-1.189898033600083949e+00
-1.222421381988856304e+00
-1.253908255382824244e+00
-1.284074754213753611e+00
-1.312742271529577121e+00
-1.339818755312100818e+00
-1.365267551357608244e+00
-1.389116021494357200e+00
-1.411329489409585802e+00
-1.431995864216857983e+00
-1.618061188010836648e+00
-1.643499566974667703e+00
-1.668191387972046247e+00
-1.691837254336897800e+00
-1.714120178354170410e+00
-1.735026242255450990e+00
-1.754517148640714286e+00
-1.772533932364261045e+00
-1.789108487288034288e+00
-1.804250616567096177e+00
-1.815074693250780857e+00
-1.827102849886839131e+00
-1.838251911446495246e+00
-1.848433174054314065e+00
-1.857616578654364137e+00
-1.865843550363846859e+00
-1.873018706458728477e+00
-1.879166378139488280e+00
-1.884380964508160616e+00
-1.888694220368006604e+00
-1.719248284537413518e+00
-1.714015146810306645e+00
-1.708119151244594791e+00
-1.701711954893645462e+00
-1.694829134275039895e+00
-1.687494792947506372e+00
-1.679831570715855316e+00
-1.671876402156511787e+00
-1.663658118596127888e+00
-1.655200616246925049e+00
-1.472190487875706388e+00
-1.455326740600602298e+00
-1.438644057824193689e+00
-1.422136681959562665e+00
-1.405820822233478040e+00
-1.389706636529784767e+00
-1.373800384877962522e+00
-1.358104016261300950e+00
-1.342646808249145618e+00
-1.327393017835304612e+00
-1.138306671402794734e+00
-1.115266582860703792e+00
-1.093000614705956330e+00
-1.071408110480936315e+00
-1.050439248780550061e+00
-1.030057400335887552e+00
-1.010234485524267090e+00
-9.909479769935931603e-01
-9.721789518786713158e-01
-9.539108179265232135e-01
-7.644896157845273432e-01
-7.387770300931789658e-01
-7.142171005799519135e-01
-6.906454314883687662e-01
-6.679673022761578594e-01
-6.461143657267955920e-01
-6.250353410692472966e-01
-6.046900284183394092e-01
-5.850454489613858833e-01
-5.660733489461253765e-01
-3.810049535379158581e-01
-3.548109490268367971e-01
-3.299482488439461347e-01
-3.062299512054362238e-01
-2.835435530391591241e-01
-2.618074448831543277e-01
-2.409600292152302980e-01
-2.209527372993365102e-01
-2.017455395240789207e-01
-1.833040534272666333e-01
-6.667545768988147881e-03
1.871005328420602409e-02
4.278499805665730849e-02
6.579318284441432185e-02
8.763123270039152590e-02
1.084729462839677527e-01
1.284020243238599146e-01
1.474604791147606786e-01
1.656789198072102787e-01
1.830499194911811289e-01
3.472035449635766380e-01
3.710531259486676836e-01
3.938448240848092530e-01
4.156426936095198865e-01
4.365017649277400102e-01
4.565011873806048559e-01
4.754455560573698780e-01
4.935575088407277988e-01
5.108503287302743612e-01
5.273500606390990608e-01
6.532751453088231353e-01
6.726517769796179769e-01
6.928315994226006413e-01
7.132013846354130493e-01
7.333728599561653017e-01
7.531190298147012463e-01
7.724284372099992080e-01
7.908384246889517133e-01
8.086179612990744836e-01
8.257041124570390078e-01
9.454320212735826123e-01
9.655691666208875423e-01
9.866724220864169226e-01
8.086863332955644967e-01
8.569059918154204869e-01
9.030388802709192753e-01
9.476543274008999429e-01
9.911089848182550455e-01
1.033624822464612958e+00
1.075426242836883484e+00
1.116397119740045518e+00
1.029494012050668594e+00
1.059159949390534372e+00
1.087692555997905375e+00
1.115294341941808209e+00
1.142094184076120511e+00
1.168192253707358130e+00
1.193575924721846038e+00
1.218287967460569554e+00
1.242490121384378865e+00
1.265779668104532574e+00
1.155596059638088757e+00
1.166814931952864676e+00
1.176910907227690206e+00
1.186151556801325668e+00
1.194301085999614154e+00
1.201696120526068334e+00
1.208323038008265682e+00
1.214200801195603141e+00
1.219333960110074333e+00
1.223733151661827057e+00
1.087260558062450588e+00
1.078685981087096124e+00
1.069095945386761670e+00
1.058629664290914318e+00
1.047406528637629730e+00
1.035507793458037451e+00
1.022991930853342168e+00
1.009903846761794899e+00
9.962806765422598243e-01
9.821554015066890075e-01
8.195145735296162082e-01
7.927861900034732789e-01
7.654835555768546573e-01
7.377985913375617599e-01
7.098815463176599838e-01
6.818446270892428718e-01
6.537758247899845276e-01
6.257475857972566446e-01
5.978222136311033275e-01
5.700551998791807407e-01
3.874071049513629905e-01
3.485240787239635152e-01
3.098640721648520113e-01
2.716275403530400423e-01
2.339704608101380590e-01
1.970057553897911484e-01
1.608176283469257839e-01
1.254581705665609170e-01
9.099926990174417307e-02
5.739139304686094456e-02
-1.356966321429004529e-01
-1.783297282967745701e-01
-2.200283475151794677e-01
-2.605994251946895934e-01
-2.999169813810563801e-01
-3.378669433036191050e-01
-3.744890852458264141e-01
-4.095350044632304898e-01
-4.431380034673494395e-01
-4.752932832698384957e-01
-6.702633003818294632e-01
-7.098476712199380811e-01
-7.481786671951148326e-01
-7.850231883540854660e-01
-8.202739409194323983e-01
-8.538780398132104210e-01
-8.858069096445205792e-01
-9.160586012613241014e-01
-9.446487052018222030e-01
-9.716474227236719940e-01
-1.162837159700045309e+00
-1.196048717155598684e+00
-1.228068019548811396e+00
-1.258663390250354785e+00
-1.287766433019881029e+00
-1.315151459735300676e+00
-1.340937740426215052e+00
-1.365024943932517276e+00
-1.387458987946804889e+00
-1.408400173534454680e+00
-1.593507989356844234e+00
-1.620005106827254293e+00
-1.645587031045666837e+00
-1.669959530949874260e+00
-1.692860042182651181e+00
-1.714317449149153738e+00
-1.734302186010669988e+00
-1.752820266809772765e+00
-1.769896787913647795e+00
-1.785602276696512503e+00
-1.799406073134240724e+00
-1.812066989670877648e+00
-1.823693011446456236e+00
-1.834274120634363126e+00
-1.843811002673277910e+00
-1.852319468882700271e+00
-1.859825622683096480e+00
-1.866361558422758637e+00
-1.871962621564478679e+00
-1.876680675387571995e+00
-1.711879841907472777e+00
-1.706622266727277903e+00
-1.700588989525106509e+00
-1.693978334384228068e+00
-1.686922186848549998e+00
-1.679508608421749205e+00
-1.671798247924705993e+00
-1.663834127095031201e+00
-1.655647859246038189e+00
-1.647263602958223938e+00
-1.467652941014696122e+00
-1.450575575007758911e+00
-1.433583220992030949e+00
-1.416739615973407140e+00
-1.400102872280815536e+00
-1.383704030291621478e+00
-1.367633116151466321e+00
-1.351739812058328827e+00
-1.336095529408939608e+00
-1.320726666925802650e+00
-1.134014169394735427e+00
-1.110697935760988742e+00
-1.088038944435385513e+00
-1.066014574472199605e+00
-1.044620553247725070e+00
-1.023846140154152540e+00
-1.003676896612710090e+00
-9.840963997592375723e-01
-9.650872845544600231e-01
-9.465495306152535981e-01
-7.586066480457893668e-01
-7.326715276105952857e-01
-7.077201956556997686e-01
-6.836836320776265019e-01
-6.605279145923350637e-01
-6.382170618358437020e-01
-6.167175789269010444e-01
-5.959985544002377456e-01
-5.760309037605891858e-01
-5.568608643132303415e-01
-3.723555662302303060e-01
-3.458647380675055061e-01
-3.205173310158700994e-01
-2.962493974983475553e-01
-2.730021151139254143e-01
-2.507254708779015351e-01
-2.293755179147437540e-01
-2.089126497034740071e-01
-1.893004830688010398e-01
-1.705051153947809151e-01
6.614387994964665562e-03
3.214859501643888007e-02
5.661729419612490655e-02
8.005889063190860244e-02
1.025024336732653363e-01
1.239761942036403664e-01
1.446060432145779839e-01
1.641526721036440095e-01
1.828452771371787966e-01
2.007040688844143328e-01
3.664379320727054745e-01
3.904063755606081432e-01
4.136210131505380083e-01
4.360063244034139140e-01
4.575153366932743770e-01
4.781320416942221874e-01
4.978595854375889584e-01
5.167127787358569702e-01
5.347133584619755409e-01
5.518870000085841498e-01
6.825253939516569002e-01
7.023307574058139657e-01
7.231844389488096825e-01
7.445193954246415169e-01
7.654803925873977510e-01
7.861149173881144536e-01
8.062120417685456619e-01
8.256777041068987799e-01
8.444633807715453688e-01
8.625503312123379285e-01
9.889532017868751801e-01
1.009912559233633100e+00
1.032046351313246735e+00
8.334331666416692208e-01
8.677536660752700470e-01
9.015685080377702221e-01
9.348808632887209980e-01
9.676934811410842219e-01
9.069797037654230287e-01
9.319236692059702509e-01
9.556195796338931014e-01
9.783700053327653023e-01
1.000486638283480056e+00
1.021743361655510052e+00
1.042462410505618386e+00
1.062644543955603371e+00
1.082455801550882502e+00
1.101570796700906740e+00
1.020998421524823341e+00
1.031406994053712722e+00
1.040709997741938952e+00
1.049125797935839266e+00
1.056793638578711114e+00
1.063796617434981551e+00
1.070317789583183465e+00
1.076067266654467502e+00
1.081260411304437508e+00
1.085878075989050284e+00
9.840644573633137160e-01
9.791186847504844692e-01
9.731813928799858404e-01
9.664307807959531260e-01
9.589892838103166728e-01
9.509371168836605603e-01
9.423283737205430111e-01
9.332012334356146743e-01
9.235844268187439754e-01
9.135013243375875724e-01
7.905584985459249703e-01
7.707679719821001196e-01
7.503140819401372674e-01
7.293706768069663227e-01
7.080691562587142496e-01
6.865053897846284947e-01
6.647528714257409099e-01
6.428712493051604859e-01
6.209185697470060994e-01
5.989251557320505182e-01
4.587473746346739101e-01
4.278808976823381682e-01
3.969420956847500292e-01
3.661067300233077360e-01
3.355114659100788543e-01
3.052572465946000180e-01
2.754209273598703933e-01
2.460579311963262406e-01
2.172323284614536276e-01
1.889834242138812292e-01
3.869264864717025798e-02
3.003727470336448047e-03
-3.213849918796904404e-02
-6.656487172814881670e-02
-1.001488900337566823e-01
-1.328041610193604338e-01
-1.644711941819764767e-01
-1.951089297065975448e-01
-2.246892850173971556e-01
-2.531936230704617263e-01
-4.061558584333476163e-01
-4.407059431961526386e-01
-4.743257711402094623e-01
-5.068506906528240652e-01
-5.381675139684327647e-01
-5.682115655600306070e-01
-5.970188415442720942e-01
-6.244377377480365698e-01
-6.504826242276828818e-01
-6.752187776498548288e-01
-8.255213532328682380e-01
-8.553099159897369352e-01
-8.841121796631505880e-01
-9.117480700316277220e-01
-9.381022469619708648e-01
-9.631151064706483522e-01
-9.867666658767813015e-01
-1.009110974052154885e+00
-1.030066149423262134e+00
-1.049638033225695599e+00
-1.194653103677453032e+00
-1.218645182422018802e+00
-1.241831161947978046e+00
-1.263999002483493284e+00
-1.285058734962434279e+00
-1.304859024094567665e+00
-1.323334252951249512e+00
-1.340564051022174574e+00
-1.356565992014679090e+00
-1.371365581144272205e+00
-1.510269055372969405e+00
-1.529051698518416380e+00
-1.547307615713118256e+00
-1.564765430642828026e+00
-1.581252642906147532e+00
-1.596681856586166237e+00
-1.611031478468841982e+00
-1.624284705497013537e+00
-1.636386930090079517e+00
-1.647427761736870000e+00
-1.643236623474075397e+00
-1.651163453226124567e+00
-1.658496232178133134e+00
-1.665173130477090702e+00
-1.671157516672135745e+00
-1.676307094913417339e+00
-1.680732805704755695e+00
-1.684415315071009500e+00
-1.687414820914092006e+00
-1.689744492387017960e+00
-1.538271207868526780e+00
-1.531469691637012520e+00
-1.524271907984410923e+00
-1.516751656589873543e+00
-1.508966786300590890e+00
-1.500960786626021726e+00
-1.492763589219144649e+00
-1.484398313840232353e+00
-1.475899856884808514e+00
-1.467294497321726787e+00
-1.304270755321182307e+00
-1.287426573304701227e+00
-1.270946061225247892e+00
-1.254733481322919619e+00
-1.238785666377431927e+00
-1.223117459616388736e+00
-1.207723273032111910e+00
