-3.713510182931425430e-01
-3.716002394786883101e-01
-3.718513187646212415e-01
-3.721021146704773241e-01
-3.723507818373064104e-01
-3.725956884297757510e-01
-3.728355953483456497e-01
-3.730694465427216167e-01
-3.732961601723681633e-01
-3.735147357933616408e-01
-3.737242473550275723e-01
-3.739238386528132563e-01
-3.741127225814980806e-01
-3.742901782368112107e-01
-3.744555514014550335e-01
-3.746082534157714194e-01
-3.747481000563423481e-01
-3.748750077896250144e-01
-3.749887373844981719e-01
-3.750891047800768430e-01
-3.751759814988734343e-01
-3.752492938173576653e-01
-3.753090195001865248e-01
-3.753551866545844495e-01
-3.753878740928495161e-01
-3.754072101837885866e-01
-3.754137929778060268e-01
-3.754082618702514473e-01
-3.753909955897524187e-01
-3.753624040647126070e-01
-3.753229259325875367e-01
-3.752730241481069262e-01
-3.752131847162740730e-01
-3.751439144765065237e-01
-3.750657390774672639e-01
-3.749792010434975786e-01
-3.748853247736724792e-01
-3.747851098346871024e-01
-3.746792130102705176e-01
-3.745682870834418643e-01
-3.744529794353804175e-01
-3.743339299884408944e-01
-3.742117696062952636e-01
-3.740871187710782531e-01
-3.739605864815075398e-01
-3.738327693314825173e-01
-3.737047161334762779e-01
-3.735773965579529676e-01
-3.734513974706841766e-01
-3.733272784570262903e-01
-3.732055709145862266e-01
-3.730867776312961070e-01
-3.729713727461091421e-01
-3.728598019821198761e-01
-3.727524830770190256e-01
-3.726498063586600740e-01
-3.725525541480765312e-01
-3.724614009396953196e-01
-3.723766519027148503e-01
-3.722985775397467667e-01
-3.722274125605645745e-01
-3.721633567034896561e-01
-3.721065778635128662e-01
-3.720572125546952047e-01
-3.720153675112192748e-01
-3.719811212828116331e-01
-3.719548591503964441e-01
-3.719368531845506087e-01
-3.719270657563485960e-01
-3.719254280024518744e-01
-3.719318421131583285e-01
-3.719461811243813809e-01
-3.719682907916504466e-01
-3.719979935370550939e-01
-3.720350894978334266e-01
-3.720793585318264429e-01
-3.721307783414787296e-01
-3.721892264107117820e-01
-3.722543644806861063e-01
-3.723258330571448949e-01
-3.724032552237151461e-01
-3.724862376554473609e-01
-3.725743738795057047e-01
-3.726672439406046866e-01
-3.727644167334542291e-01
-3.728654542581643638e-01
-3.729699897042647594e-01
-3.730775789544086840e-01
-3.731876834145576582e-01
-3.732997655664898051e-01
-3.734132761211491069e-01
-3.735276655410930680e-01
-3.736423875797574845e-01
-3.737568975989559728e-01
-3.738706596979448071e-01
-3.739831451543531027e-01
-3.740937561571108239e-01
-3.742018580340262801e-01
-3.743068642092968190e-01
-3.744081984018970966e-01
-3.745053007415740653e-01
-3.745976290327877600e-01
-3.746846618400045403e-01
-3.747659006209724808e-01
-3.748408716845563204e-01
-3.749091280645236446e-01
-3.749702460147852356e-01
-3.750238330895377947e-01
-3.750695313117130558e-01
-3.751070163082909081e-01
-3.751360013626022782e-01
-3.751562345300921142e-01
-3.751675036865181334e-01
-3.751696366816129613e-01
-3.751624972462948571e-01
-3.751459915043071081e-01
-3.751204318180797470e-01
-3.750861482932301705e-01
-3.750432255154326211e-01
-3.749917894882001113e-01
-3.749319998205754567e-01
-3.748640532837964057e-01
-3.747882754354426860e-01
-3.747049055099838100e-01
-3.746142144901114523e-01
-3.745166470786053248e-01
-3.744131098010288761e-01
-3.743044065264455322e-01
-3.741909784934212557e-01
-3.740732936526381391e-01
-3.739518445303237626e-01
-3.738271464575034786e-01
-3.736997361359702396e-01
-3.735701704596428030e-01
-3.734390255351168753e-01
-3.733068958635097356e-01
-3.731749648237764339e-01
-3.730443298381875827e-01
-3.729156207708460569e-01
-3.727894741306450044e-01
-3.726665325405412732e-01
-3.725474442460902647e-01
-3.724328627522057178e-01
-3.723234465772929380e-01
-3.722198591147428681e-01
-3.721227685947791075e-01
-3.720334636648753301e-01
-3.719531033170895284e-01
-3.718823155047404350e-01
-3.718217220294913750e-01
-3.717719392199650419e-01
-3.717335784890178352e-01
-3.717072469035370696e-01
-3.716935477826342482e-01
-3.716930813320843408e-01
-3.717064453193489326e-01
-3.717348565463428067e-01
-3.717793705831624052e-01
-3.718404847574783290e-01
-3.719186836158865361e-01
-3.720144405183470893e-01
-3.721282189569683485e-01
-3.722604737656000640e-01
-3.724116522605213087e-01
-3.725821950113746284e-01
-3.727725378308801574e-01
-3.729837003296881948e-01
-3.732165167243075565e-01
-3.734712662801473737e-01
-3.737482131621815973e-01
-3.740476074646935656e-01
-3.743696866938778234e-01
-3.747146772858273023e-01
-3.750827958374765014e-01
-3.754742502387745651e-01
-3.758892407303908167e-01
-3.763282685701249131e-01
-3.767916096380121704e-01
-3.772791537054829281e-01
-3.777907822970647533e-01
-3.783263666127806291e-01
-3.788857652760042605e-01
-3.794688230667597195e-01
-3.800753708148108534e-01
-3.807052254067788133e-01
-3.813581900043352402e-01
-3.820342846924176805e-01
-3.827332775941709175e-01
-3.834545790822786460e-01
-3.841975852468789698e-01
-3.849616734755410552e-01
-3.857462030401351272e-01
-3.865505086233104182e-01
-3.873739045793228031e-01
-3.882156826699956209e-01
-3.890751122597167488e-01
-3.899515969938553428e-01
-3.908442612467247224e-01
-3.917518980569795195e-01
-4.471255809363937073e-01
-4.476092365727303291e-01
-4.480592565837645536e-01
-4.484730525753945485e-01
-4.488483663405213875e-01
-4.491828195553918546e-01
-4.494744325487499692e-01
-4.497219863604545731e-01
-4.499237514448195530e-01
-4.500781000461490655e-01
-4.501835044682233056e-01
-4.502385453609062949e-01
-4.502419240162757186e-01
-4.501924626119344630e-01
-4.500891103368190871e-01
-4.499309487544556063e-01
-4.497183575092051910e-01
-4.494519463938863035e-01
-4.491317479344034136e-01
-4.487579202780586085e-01
-4.483307468024245734e-01
-4.478506353558850961e-01
-4.473181171408714407e-01
-4.467338451997882043e-01
-4.460985924777817746e-01
-4.454132494484023264e-01
-4.446799989448027013e-01
-4.439011797565537432e-01
-4.430784712780481138e-01
-4.422136264005146478e-01
-4.413084535307095768e-01
-4.403648266576624115e-01
-4.393846609213520882e-01
-4.383699201505827370e-01
-4.373226034917967464e-01
-4.362447393882903368e-01
-4.351395177444273843e-01
-4.340101443649001522e-01
-4.328590637517878426e-01
-4.316886867174989928e-01
-4.305013833459567230e-01
-4.292994766172506527e-01
-4.280852367002904724e-01
-4.268608758609334641e-01
-4.256285439492171196e-01
-4.243903244371564631e-01
-4.231492750927112745e-01
-4.219083452536710466e-01
-4.206696800888840571e-01
-4.194353081235375758e-01
-4.182071511455459079e-01
-4.169870061787557258e-01
-4.157765643224317076e-01
-4.145773962989225403e-01
-4.133909610312853644e-01
-4.122186069600187741e-01
-4.110624811359868680e-01
-4.099245698027115248e-01
-4.088061105997943256e-01
-4.077082102099630068e-01
-4.066318487399451787e-01
-4.055778845996809157e-01
-4.045470597791175349e-01
-4.035400053889917626e-01
-4.025572473667765050e-01
-4.015992122681629195e-01
-4.006669782699463500e-01
-3.997614741036267239e-01
-3.988830155835927371e-01
-3.980318191622672641e-01
-3.972080003974838847e-01
-3.964115874410335527e-01
-3.956425272071226740e-01
-3.949006918921663112e-01
-3.941858854425687175e-01
-3.934978458932307799e-01
-3.928368404710587125e-01
-3.922030343666002006e-01
-3.915961342212800900e-01
-3.910157893616832414e-01
-3.904615975882202439e-01
-3.899331111616367584e-01
-3.894298427430966658e-01
-3.889512711512912446e-01
-3.884968461716422627e-01
-3.880659945014808265e-01
-3.876585403784059136e-01
-3.872742649496193068e-01
-3.869126562100580480e-01
-3.865731842817936026e-01
-3.862553079262870392e-01
-3.859584758204912536e-01
-3.856821344063898205e-01
-3.854257326809649165e-01
-3.851887238897758192e-01
-3.849705717518726034e-01
-3.847707645646283869e-01
-3.845888099747530320e-01
-3.844242295762685946e-01
-3.842765695792040859e-01
-3.841454005229834046e-01
-3.840303223358754736e-01
-3.839309658666804070e-01
-3.838469952647785566e-01
-3.837781100439027204e-01
-3.837240469674653154e-01
-3.836844762570753020e-01
-3.836590820637963417e-01
-3.836476211740998954e-01
-3.836498942776646048e-01
-3.836657460080802884e-01
-3.836950649323985219e-01
-3.837377835063592868e-01
-3.837938780096359914e-01
-3.838633684724886419e-01
-3.839463186507699466e-01
-3.840428507082023213e-01
-3.841530703071975306e-01
-3.842770497110153394e-01
-3.844149018969824083e-01
-3.845667766480970196e-01
-3.847328622669642928e-01
-3.849133842889170820e-01
-3.851086049506137199e-01
-3.853188227342027039e-01
-3.855443719902483801e-01
-3.857857289163176273e-01
-3.860433118601346858e-01
-3.863174103874962850e-01
-3.866083404760843334e-01
-3.869164443538496978e-01
-3.872420903141543524e-01
-3.875856725585895557e-01
-3.879476110846493686e-01
-3.883283516287132642e-01
-3.887283656730115000e-01
-3.891483176132554123e-01
-3.895887727967599634e-01
-3.900500924579060613e-01
-3.905326515041600555e-01
-3.910368392655219627e-01
-3.915630600564874442e-01
-3.921117336477344950e-01
-3.926832956905747518e-01
-3.932781981215204281e-01
-3.938969095649055285e-01
-3.945401144216288403e-01
-3.952083589604194480e-01
-3.959019305056540317e-01
-3.966211185589251231e-01
-3.973662161121123693e-01
-3.981375207392010007e-01
-3.989353354946055807e-01
-3.997599702179575054e-01
-4.006117488071612165e-01
-4.014909944272223585e-01
-4.023982340974324723e-01
-4.033338215214380962e-01
-4.042978128869094689e-01
-4.052902542517958229e-01
-4.063111830356349596e-01
-4.073606290694437582e-01
-4.084386153551213816e-01
-4.095451586143383227e-01
-4.106802696813346421e-01
-4.118439537743781020e-01
-4.130361383352710858e-01
-4.142564948221627574e-01
-4.155045280547918773e-01
-4.167797306003673263e-01
-4.180815788838670444e-01
-4.194095305880881086e-01
-4.207630228972070174e-01
-4.221414712198282571e-01
-4.235442682821981553e-01
-4.249707845031978071e-01
-4.264202748056375447e-01
-4.278916917155086708e-01
-4.293837870113558774e-01
-4.308952844195901299e-01
-4.324248754521924365e-01
-4.339712169463089131e-01
-4.355329304151129843e-01
-4.371085988373759612e-01
-4.386967713601045427e-01
-4.402959596131527098e-01
-4.419045588452114037e-01
-4.435206213379387918e-01
-4.451419571659605001e-01
-4.467663534615969878e-01
-4.781878077846585806e-01
-4.780738007776552667e-01
-4.779081416183482700e-01
-4.776891506861802861e-01
-4.774155405490598802e-01
-4.770859421535220135e-01
-4.766990852412030799e-01
-4.762538511472766412e-01
-4.757492508815936438e-01
-4.751844406234113638e-01
-4.745587320286474009e-01
-4.738716003236797536e-01
-4.731226913482778351e-01
-4.723125032185689354e-01
-4.714419568060217447e-01
-4.705118734460848051e-01
-4.695232107839366620e-01
-4.684771054350110320e-01
-4.673748354239321556e-01
-4.662178261593590833e-01
-4.650076482584649673e-01
-4.637460134357697106e-01
-4.624347693799875092e-01
-4.610765966944011529e-01
-4.596744789715292434e-01
-4.582311634125002531e-01
-4.567494564134024770e-01
-4.552322140766824066e-01
-4.536823258498230982e-01
-4.521027169165541260e-01
-4.504963337238854781e-01
-4.488661305760621167e-01
-4.472150561365190180e-01
-4.455467191803085258e-01
-4.438648201226082501e-01
-4.421726495972088666e-01
-4.404734051616468471e-01
-4.387701835253737248e-01
-4.370659733733304186e-01
-4.353636489579368885e-01
-4.336659645334028368e-01
-4.319755496671156547e-01
-4.302949054366402848e-01
-4.286269820270641739e-01
-4.269746577238102692e-01
-4.253403279996335051e-01
-4.237262052349711761e-01
-4.221343211820579033e-01
-4.205665301157252012e-01
-4.190246726410525868e-01
-4.175101289989955333e-01
-4.160242120056069637e-01
-4.145678739052272022e-01
-4.131423119441554603e-01
-4.117489540008072435e-01
-4.103887949826129922e-01
-4.090626866993895550e-01
-4.077713127555369632e-01
-4.065151988856762766e-01
-4.052947229418232267e-01
-4.041101247306720379e-01
-4.029615157080077559e-01
-4.018488885066509031e-01
-4.007724023349306663e-01
-3.997321466689776059e-01
-3.987279513264392894e-01
-3.977595280854391846e-01
-3.968264860991577714e-01
-3.959283420760169037e-01
-3.950645302030691974e-01
-3.942344073442670682e-01
-3.934372759503427242e-01
-3.926723793812591512e-01
-3.919390275537965596e-01
-3.912365195535608686e-01
-3.905640745870946895e-01
-3.899208654368638838e-01
-3.893060235449128381e-01
-3.887186432851632012e-01
-3.881577905087401636e-01
-3.876225195737825202e-01
-3.871118713775902331e-01
-3.866248789797085417e-01
-3.861605443947656036e-01
-3.857179205545295253e-01
-3.852961403650124739e-01
-3.848943311449217197e-01
-3.845116217477653198e-01
-3.841471498199434675e-01
-3.838000646698861984e-01
-3.834695341355510712e-01
-3.831547482348955369e-01
-3.828549229145109534e-01
-3.825693460349642860e-01
-3.822973434766385736e-01
-3.820382498179890063e-01
-3.817914327691294130e-01
-3.815562986093610776e-01
-3.813322914605878911e-01
-3.811188974681903874e-01
-3.809156459132315709e-01
-3.807221105917736881e-01
-3.805379109596823684e-01
-3.803630983119508091e-01
-3.801976782025143775e-01
-3.800413524480278360e-01
-3.798938699745390002e-01
-3.797550261619879741e-01
-3.796246621120190623e-01
-3.795026639086157560e-01
-3.793889618751806747e-01
-3.792835298336663663e-01
-3.791863843755015617e-01
-3.790980839423107041e-01
-3.790191050564817310e-01
-3.789495122526060911e-01
-3.788894031707695786e-01
-3.788389078059434811e-01
-3.787981880247448530e-01
-3.787674368014752879e-01
-3.787468775030967683e-01
-3.787367631977361371e-01
-3.787373760059126737e-01
-3.787496021917632905e-01
-3.787742047508214638e-01
-3.788114483263984589e-01
-3.788616144000681585e-01
-3.789249991788248284e-01
-3.790019160424283884e-01
-3.790926951907317433e-01
-3.791976836907704485e-01
-3.793172454852241637e-01
-3.794517618873605724e-01
-3.796022415818030571e-01
-3.797695360694006705e-01
-3.799539445283868222e-01
-3.801557683117999242e-01
-3.803753130994907417e-01
-3.806128903718340450e-01
-3.808688182345467688e-01
-3.811434225856385472e-01
-3.814370375888844755e-01
-3.817500063033603119e-01
-3.820832913236382189e-01
-3.824376674344727722e-01
-3.828133347588137947e-01
-3.832104872923450811e-01
-3.836293157663643871e-01
-3.840700096603734681e-01
-3.845327587164232286e-01
-3.850177541276189053e-01
-3.855251895132330575e-01
-3.860552617521560981e-01
-3.866087411093634962e-01
-3.871861829068846128e-01
-3.877875727003867179e-01
-3.884128844462182983e-01
-3.890620832069900947e-01
-3.897351270704524362e-01
-3.904319685963894559e-01
-3.911525559476466407e-01
-3.918968338065379475e-01
-3.926647441878209355e-01
-3.934564035627629575e-01
-3.942716600786296821e-01
-3.951100263650119682e-01
-3.959710193910543907e-01
-3.968541525340493759e-01
-3.977589329808107754e-01
-3.986848597068686217e-01
-3.996314222779075442e-01
-4.005981001913462847e-01
-4.015843625702945063e-01
-4.025897915506005398e-01
-4.036136702250978092e-01
-4.046549559436071752e-01
-4.057126030653815940e-01
-4.067855544494911046e-01
-4.078727387495864609e-01
-4.089730686115948255e-01
-4.100854394045130302e-01
-4.112087277139353514e-01
-4.123417945435348120e-01
-4.134835626353229876e-01
-4.146326283747906460e-01
-4.404719280129530956e-01
-4.404171471342425703e-01
-4.403311252552075672e-01
-4.402119224107045037e-01
-4.400577337282274293e-01
-4.398673817915132456e-01
-4.396400459311073927e-01
-4.393748738653920904e-01
-4.390711334196168991e-01
-4.387282155807110118e-01
-4.383456302581590913e-01
-4.379230216684558696e-01
-4.374601630880576297e-01
-4.369569461603040050e-01
-4.364134066252937094e-01
-4.358302307050846425e-01
-4.352084039666839210e-01
-4.345487970893290863e-01
-4.338523906158091026e-01
-4.331202428475487975e-01
-4.323534947056537070e-01
-4.315533668886308849e-01
-4.307211557597696583e-01
-4.298582214209311081e-01
-4.289660038968087230e-01
-4.280465174854909405e-01
-4.271019713332703249e-01
-4.261343511383531291e-01
-4.251456453887929032e-01
-4.241378409656579862e-01
-4.231129174216046729e-01
-4.220728418982412355e-01
-4.210195637337176833e-01
-4.199550093464867739e-01
-4.188810773852734148e-01
-4.178001079868857714e-01
-4.167144858824043396e-01
-4.156262961021054414e-01
-4.145375337829623197e-01
-4.134501071414659612e-01
-4.123658359134559914e-01
-4.112864501788600080e-01
-4.102135896097828249e-01
-4.091488031505843281e-01
-4.080935491206663657e-01
-4.070495784271824236e-01
-4.060186054422768032e-01
-4.050020228254321841e-01
-4.040011045533655754e-01
-4.030170055778058980e-01
-4.020507653983373952e-01
-4.011033123293719083e-01
-4.001754679359646460e-01
-3.992679516175960952e-01
-3.983813853085362844e-01
-3.975165570164030937e-01
-3.966741963735481713e-01
-3.958548048113662010e-01
-3.950587705649981629e-01
-3.942863809962647847e-01
-3.935378219482825735e-01
-3.928131969384130451e-01
-3.921125288786891927e-01
-3.914357653064922116e-01
-3.907827846868636712e-01
-3.901535217189307514e-01
-3.895478836601338757e-01
-3.889656659045376830e-01
-3.884065958710862798e-01
-3.878703331370049190e-01
-3.873564831683150578e-01
-3.868646008178889262e-01
-3.863941965241863841e-01
-3.859447420830147135e-01
-3.855156760400960669e-01
-3.851063869784022153e-01
-3.847162767453636278e-01
-3.843447792496955118e-01
-3.839912918033108191e-01
-3.836551826949416988e-01
-3.833357982188082547e-01
-3.830324744226110134e-01
-3.827445294139513177e-01
-3.824712800881569508e-01
-3.822120336946112085e-01
-3.819659471612802393e-01
-3.817322360499835199e-01
-3.815102756814626184e-01
-3.812994377276094915e-01
-3.810990994294387035e-01
-3.809086389682719287e-01
-3.807274507347367942e-01
-3.805549374835272558e-01
-3.803905236736703777e-01
-3.802336550724155773e-01
-3.800838284467460970e-01
-3.799405705080537987e-01
-3.798034194152093979e-01
-3.796719415733326719e-01
-3.795457382439906269e-01
-3.794244387760249415e-01
-3.793077047142920932e-01
-3.791952364171334300e-01
-3.790867724069364453e-01
-3.789820896658332439e-01
-3.788814469661344608e-01
-3.787850447356841399e-01
-3.786927800095725161e-01
-3.786044159650806540e-01
-3.785199335089949324e-01
-3.784392721471078191e-01
-3.783625939584269182e-01
-3.782902103542180594e-01
-3.782221732507771161e-01
-3.781585732913170794e-01
-3.781000923996749585e-01
-3.780473277371860785e-01
-3.780004320593514100e-01
-3.779595892712382943e-01
-3.779250128950649157e-01
-3.778969447897488898e-01
-3.778756541176098716e-01
-3.778614364931123237e-01
-3.778546132733398566e-01
-3.778555309634671344e-01
-3.778651757478065920e-01
-3.778844045414003205e-01
-3.779135465793290183e-01
-3.779529436951721832e-01
-3.780029509711191893e-01
-3.780639370422475554e-01
-3.781362842658631540e-01
-3.782203888248596435e-01
-3.783166608099486350e-01
-3.784255243098593735e-01
-3.785480536999561996e-01
-3.786851604505773738e-01
-3.788371868182939806e-01
-3.790044758916316647e-01
-3.791873733377570943e-01
-3.793862286072341994e-01
-3.796013958656100362e-01
-3.798332347567837108e-01
-3.800821110669933001e-01
-3.803483973335939350e-01
-3.806330939207646091e-01
-3.809370109856342612e-01
-3.812603779644295754e-01
-3.816034177162531127e-01
-3.819663488539493668e-01
-3.823493874297501094e-01
-3.827527482628262367e-01
-3.831766460297524324e-01
-3.836212961980880465e-01
-3.840869158534989669e-01
-3.845742924958569509e-01
-3.850839983305131553e-01
-3.856160398260802813e-01
-3.861704119014961467e-01
-3.867471000524511093e-01
-3.873460819116394394e-01
-3.879673283337399803e-01
-3.886108047765770568e-01
-3.892764722319228543e-01
-3.899642863740316878e-01
-3.906744113437177202e-01
-3.914067489594816873e-01
-3.921608521210765974e-01
-3.929362739571222729e-01
-3.937325628970302360e-01
-3.945492596070942493e-01
-3.953858951536402544e-01
-3.962419899555472136e-01
-3.971170532433617728e-01
-3.980105828430548498e-01
-3.989222104585511408e-01
-3.998512783780306945e-01
-4.007967994950397683e-01
-4.017577798105312348e-01
-4.027332131221056932e-01
-4.037220776959992152e-01
-4.047233350653836603e-01
-4.057359276829251016e-01
-4.067587810443528129e-01
-4.077908019156879504e-01
-4.088309680940405144e-01
-4.098779436425661338e-01
-4.109300816275452406e-01
-4.302272715994485131e-01
-4.302277233614897334e-01
-4.302059582854978470e-01
-4.301601055367212934e-01
-4.300883992858491323e-01
-4.299891785403707201e-01
-4.298611552864858854e-01
-4.297033734170445096e-01
-4.295149889892077577e-01
-4.292952550209744311e-01
-4.290435260247882909e-01
-4.287592614009921865e-01
-4.284420273283465197e-01
-4.280914981394839391e-01
-4.277074572953090126e-01
-4.272897980075738844e-01
-4.268388107318887292e-01
-4.263550913514173590e-01
-4.258392866787964470e-01
-4.252921181783887450e-01
-4.247143827460607701e-01
-4.241069514951157915e-01
-4.234707671404448481e-01
-4.228068408632912889e-01
-4.221162488018682657e-01
-4.214001282567880757e-01
-4.206599708164975304e-01
-4.198974715842377359e-01
-4.191142770559851960e-01
-4.183120415958688776e-01
-4.174924234333943773e-01
-4.166570803054078231e-01
-4.158076606544159337e-01
-4.149458114866984570e-01
-4.140731626820597922e-01
-4.131913219374153123e-01
-4.123021457012381319e-01
-4.114075734331463785e-01
-4.105094109252714341e-01
-4.096093944987902469e-01
-4.087091894633996247e-01
-4.078103886621594620e-01
-4.069145112389357943e-01
-4.060230016991240864e-01
-4.051372292976235800e-01
-4.042584877647840136e-01
-4.033881940900903018e-01
-4.025277608709091903e-01
-4.016784543279573461e-01
-4.008414361967496675e-01
-4.000177591215925421e-01
-3.992083771868603637e-01
-3.984141479639172756e-01
-3.976358356567589181e-01
-3.968741147917251855e-01
-3.961295740364091378e-01
-3.954028195803054868e-01
-3.946944387305356683e-01
-3.940049260397281983e-01
-3.933346735313362763e-01
-3.926839842151593762e-01
-3.920530718403453796e-01
-3.914420715226028524e-01
-3.908510450792754276e-01
-3.902799860777912411e-01
-3.897288252099542771e-01
-3.891974300348201576e-01
-3.886856622454842869e-01
-3.881933883858695311e-01
-3.877204096172075509e-01
-3.872664700221902234e-01
-3.868312578045333683e-01
-3.864144166131590064e-01
-3.860155473037144014e-01
-3.856342176925551812e-01
-3.852699647950951767e-01
-3.849221831781994840e-01
-3.845903038773795801e-01
-3.842738711404447560e-01
-3.839723978660400938e-01
-3.836853722164554337e-01
-3.834122634579731903e-01
-3.831525271758615681e-01
-3.829056115835128282e-01
-3.826709580455355253e-01
-3.824480088091098962e-01
-3.822359938302133942e-01
-3.820342196441134375e-01
-3.818422112682903213e-01
-3.816594890233414583e-01
-3.814855797416940031e-01
-3.813200220564246234e-01
-3.811623641257063655e-01
-3.810121752382568672e-01
-3.808690428259227101e-01
-3.807325787503829106e-01
-3.806024457891776236e-01
-3.804783386200730755e-01
-3.803599678000139095e-01
-3.802470744601617048e-01
-3.801394348728512895e-01
-3.800368577091682853e-01
-3.799391871303652857e-01
-3.798463067533733306e-01
-3.797581402356819402e-01
-3.796746516440768771e-01
-3.795962626247983418e-01
-3.795233293943826580e-01
-3.794558767527148602e-01
-3.793939683414065400e-01
-3.793377069483567232e-01
-3.792872357287035423e-01
-3.792427371017929594e-01
-3.792044316840572082e-01
-3.791725778318829621e-01
-3.791474712546800130e-01
-3.791299104995129454e-01
-3.791205998642103170e-01
-3.791198531099815305e-01
-3.791280129915106656e-01
-3.791454505820807119e-01
-3.791725646406410855e-01
-3.792097810888579446e-01
-3.792575535886730798e-01
-3.793163601830390474e-01
-3.793867040514781186e-01
-3.794695938894955822e-01
-3.795659124750602742e-01
-3.796761187150387573e-01
-3.798006865180961200e-01
-3.799401052056147754e-01
-3.800948797914297517e-01
-3.802655312601002091e-01
-3.804525968719108531e-01
-3.806566305134780892e-01
-3.808782031048057459e-01
-3.811183537418985079e-01
-3.813779697918237011e-01
-3.816575123881296161e-01
-3.819574478518169003e-01
-3.822782491648972214e-01
-3.826203971414242622e-01
-3.829843814706002103e-01
-3.833707016941039214e-01
-3.837798681561918057e-01
-3.842124029528339313e-01
-3.846692287976599678e-01
-3.851510961215443563e-01
-3.856583553998690905e-01
-3.861913563417160855e-01
-3.867504498875476426e-01
-3.873359898085391717e-01
-3.879483340955374171e-01
-3.885878462144818912e-01
-3.892548962777018229e-01
-3.899498621635235085e-01
-3.906734203236513769e-01
-3.914260513434453248e-01
-3.922078903221913326e-01
-3.930190608268357422e-01
-3.938596893641425623e-01
-3.947298958954779113e-01
-3.956297977751242478e-01
-3.965595116689891730e-01
-3.975191551810277613e-01
-3.985088506797124785e-01
-3.995288650275335418e-01
-4.005792484593468372e-01
-4.016597708331615113e-01
-4.027701821172410823e-01
-4.039102293598678672e-01
-4.050796354987409864e-01
-4.062781205095662984e-01
-4.075053878087933623e-01
-4.087611274589185162e-01
-4.100450176953704950e-01
-4.113564915232567620e-01
-4.126947034928425961e-01
-4.140587485329173534e-01
-4.154477053288909705e-01
-4.168606307833618296e-01
-4.182965501879248316e-01
-4.197544680330432265e-01
-4.212333644680462674e-01
-4.227321851938902753e-01
-4.242498437451412974e-01
-4.257848610713770854e-01
-4.273354329334406732e-01
-4.288997586184485344e-01
-4.169413234479484309e-01
-4.168085098119586052e-01
-4.166666576346814699e-01
-4.165138912353383294e-01
-4.163484211463354123e-01
-4.161685489696041462e-01
-4.159726688631977254e-01
-4.157592748029923513e-01
-4.155268471717662448e-01
-4.152742446914510221e-01
-4.150007117081150332e-01
-4.147055750161444676e-01
-4.143882474240401237e-01
-4.140482246878050554e-01
-4.136850993972050472e-01
-4.132985574552769936e-01
-4.128883670454394639e-01
-4.124544013119834096e-01
-4.119965127631417534e-01
-4.115148973511885133e-01
-4.110101064389742320e-01
-4.104827478921216355e-01
-4.099334992522910559e-01
-4.093630935814654981e-01
-4.087723211785730948e-01
-4.081620278337610430e-01
-4.075331128723187479e-01
-4.068865196690175656e-01
-4.062231282393037324e-01
-4.055440936359978044e-01
-4.048508429660921948e-01
-4.041448039592852037e-01
-4.034274036320271706e-01
-4.027000652929901836e-01
-4.019642052359366224e-01
-4.012212293109879702e-01
-4.004725294980547301e-01
-3.997194805619082025e-01
-3.989632909581720677e-01
-3.982053344175189857e-01
-3.974471898626994459e-01
-3.966903711172867775e-01
-3.959363264588992570e-01
-3.951864379867581212e-01
-3.944420209933784394e-01
-3.937043234694758698e-01
-3.929745258149422993e-01
-3.922537407914076235e-01
-3.915428151198109830e-01
-3.908426864691345592e-01
-3.901544737333306201e-01
-3.894791968159915241e-01
-3.888177804082230682e-01
-3.881710575423419352e-01
-3.875397730490893755e-01
-3.869245915531527857e-01
-3.863260869447831536e-01
-3.857447644475417436e-01
-3.851807766715383829e-01
-3.846343470176200596e-01
-3.841059167973929767e-01
-3.835958346678133291e-01
-3.831043670297463732e-01
-3.826316940184719129e-01
-3.821779278761031629e-01
-3.817431052122984836e-01
-3.813272033383246495e-01
-3.809301425233244109e-01
-3.805514434553305403e-01
-3.801907001612453429e-01
-3.798478021089975454e-01
-3.795225673670156175e-01
-3.792147618492815453e-01
-3.789241013911185396e-01
-3.786502577267211733e-01
-3.783928640592173487e-01
-3.781515201960787276e-01
-3.779257984790778124e-01
-3.777148182856175929e-01
-3.775178092858858525e-01
-3.773343735336950333e-01
-3.771640813725970487e-01
-3.770064794394234475e-01
-3.768610932946948600e-01
-3.767274369844494375e-01
-3.766050114247403435e-01
-3.764933137256227247e-01
-3.763918435080002567e-01
-3.762996130130079053e-01
-3.762157784537371596e-01
-3.761399459213377594e-01
-3.760717125546477746e-01
-3.760106767449255538e-01
-3.759564475554488805e-01
-3.759086479712826501e-01
-3.758669180240221674e-01
-3.758309182745050991e-01
-3.758003368699489588e-01
-3.757748936914044879e-01
-3.757543368806908757e-01
-3.757384420927162294e-01
-3.757270169943069948e-01
-3.757199028818665743e-01
-3.757169767774289904e-01
-3.757181532156586568e-01
-3.757233857820299616e-01
-3.757326684492950930e-01
-3.757460403756340828e-01
-3.757641678079631231e-01
-3.757875945843753840e-01
-3.758163837266804141e-01
-3.758506445195963219e-01
-3.758905301296807666e-01
-3.759362364234590248e-01
-3.759880011134994482e-01
-3.760461031176411950e-01
-3.761108620644285638e-01
-3.761826379044532209e-01
-3.762624271505076723e-01
-3.763510869042545615e-01
-3.764489689693346630e-01
-3.765564597172079697e-01
-3.766739815682796921e-01
-3.768019838045232328e-01
-3.769409523533843176e-01
-3.770913983991645568e-01
-3.772538662023638412e-01
-3.774289307896429024e-01
-3.776177561641888003e-01
-3.778213441287214258e-01
-3.780401985217393679e-01
-3.782748441974530529e-01
-3.785258268129890746e-01
-3.787937126988360492e-01
-3.790790888770212419e-01
-3.793825632060749964e-01
-3.797047646399412946e-01
-3.800463424323713424e-01
-3.804084448495050341e-01
-3.807920432841176983e-01
-3.811976487597723007e-01
-3.816257897140310495e-01
-3.820770038393670465e-01
-3.825518415087442725e-01
-3.830508665827598302e-01
-3.835746572322109027e-01
-3.841238068008841489e-01
-3.846989348805338049e-01
-3.853010212043035398e-01
-3.859308426254062230e-01
-3.865888056810652396e-01
-3.872753214244038511e-01
-3.879908066535626143e-01
-3.887356850560205190e-01
-3.895103883050811122e-01
-3.903153571334027072e-01
-3.911510423989474905e-01
-3.920179061539459386e-01
-3.929166080732267585e-01
-3.938476021299098795e-01
-3.948110639386364085e-01
-3.958071668349769090e-01
-3.968360772891693089e-01
-3.978979710334661912e-01
-3.989930137087326356e-01
-4.001213818966804503e-01
-4.012832486005423749e-01
-4.024787879182079031e-01
-4.037081530839073396e-01
-4.049712689948262723e-01
-4.062679042790527939e-01
-4.075978127192174671e-01
-4.089607326137333354e-01
-4.103563864051474885e-01
-4.117844804709642204e-01
-4.132447049993072108e-01
-4.147367339020140431e-01
-4.162602247350090101e-01
-4.178144096277766617e-01
-4.193982455149724009e-01
-4.210107492060443102e-01
-4.226509169915560471e-01
-4.243177178523820370e-01
-4.260100777280304563e-01
-4.277268819502870745e-01
-4.294669747822024153e-01
-4.312291582195115214e-01
-4.330121911159919845e-01
-4.348141789832642989e-01
-4.366329128832281414e-01
-4.384663501220265047e-01
-4.132366133076914028e-01
-4.132553431127415910e-01
-4.132550161578643633e-01
-4.132345106239428967e-01
-4.131927566492532566e-01
-4.131286174737346939e-01
-4.130412611949584867e-01
-4.129301792600173493e-01
-4.127948958926666023e-01
-4.126349913524812729e-01
-4.124501083116750011e-01
-4.122399472066118342e-01
-4.120042707654978376e-01
-4.117428973268222325e-01
-4.114557320005751695e-01
-4.111425993811710367e-01
-4.108036142928644385e-01
-4.104392200745679009e-01
-4.100499061887217800e-01
-4.096362109693845732e-01
-4.091987228162755064e-01
-4.087380700559836710e-01
-4.082549494842092064e-01
-4.077500997619660228e-01
-4.072243048978854141e-01
-4.066782236344014811e-01
-4.061127573592537843e-01
-4.055291058371979229e-01
-4.049284794523754782e-01
-4.043120984997345402e-01
-4.036811915443967447e-01
-4.030369932004912448e-01
-4.023807415730474291e-01
-4.017136755199231524e-01
-4.010370318373768228e-01
-4.003518387226353004e-01
-3.996592909031103091e-01
-3.989608347289004819e-01
-3.982578751487871327e-01
-3.975517750924575933e-01
-3.968438544369092269e-01
-3.961353887900845860e-01
-3.954276041344250703e-01
-3.947216874902010897e-01
-3.940187751074801792e-01
-3.933197045451454210e-01
-3.926254151812646476e-01
-3.919370752059386787e-01
-3.912557759497890530e-01
-3.905825340666090328e-01
-3.899182934382738330e-01
-3.892639304628624508e-01
-3.886202457504097652e-01
-3.879879752307648921e-01
-3.873677896408411758e-01
-3.867599874300205465e-01
-3.861649401334296683e-01
-3.855832690503460114e-01
-3.850155141342318510e-01
-3.844621389296019598e-01
-3.839235350630063048e-01
-3.834000264190750573e-01
-3.828918731109285378e-01
-3.823992753063003569e-01
-3.819223769419529124e-01
-3.814608935065816331e-01
-3.810146173978236628e-01
-3.805836458530962862e-01
-3.801680122137748863e-01
-3.797676921382265869e-01
-3.793826116431114892e-01
-3.790126473354484271e-01
-3.786576296868880420e-01
-3.783173528652814532e-01
-3.779915775719619453e-01
-3.776795905868284287e-01
-3.773807769504273768e-01
-3.770948952321653280e-01
-3.768216643019592360e-01
-3.765607696636717461e-01
-3.763118688476984608e-01
-3.760745982525211528e-01
-3.758485732340551277e-01
-3.756333904963288228e-01
-3.754286365319638441e-01
-3.752333869954877499e-01
-3.750468430957044075e-01
-3.748686459032724017e-01
-3.746984211460633873e-01
-3.745357811270745851e-01
-3.743803282346169770e-01
-3.742316646716480899e-01
-3.740893948257375534e-01
-3.739531271027306536e-01
-3.738224757517542018e-01
-3.736965183835825322e-01
-3.735744858385148248e-01
-3.734561037785442683e-01
-3.733410997886211224e-01
-3.732292053647265351e-01
-3.731201644087064895e-01
-3.730137367893616718e-01
-3.729096978923583938e-01
-3.728078452153270606e-01
-3.727079989773811608e-01
-3.726101017808403082e-01
-3.725141133182163222e-01
-3.724199441467239691e-01
-3.723275312978397422e-01
-3.722368338819880829e-01
-3.721478413775554661e-01
-3.720605755262740288e-01
-3.719750868570446123e-01
-3.718914575143318912e-01
-3.718098057160061920e-01
-3.717311046783058903e-01
-3.716561743906885984e-01
-3.715851498617764315e-01
-3.715181989471780244e-01
-3.714555215019846313e-01
-3.713973478668094463e-01
-3.713439382878376827e-01
-3.712955824710493236e-01
-3.712526022120717362e-01
-3.712153417465156036e-01
-3.711850367775114679e-01
-3.711627440403075795e-01
-3.711488000217467165e-01
-3.711435575169760304e-01
-3.711473915379204236e-01
-3.711606985341170395e-01
-3.711838952772598677e-01
