-5.160740006882144071e-01
-1.717310406491088237e-01
-7.356771488069585585e-02
-7.726807254510414946e-03
3.704708120085969947e-02
6.796768815818338139e-02
9.835076410465963537e-02
1.109676537581250066e-01
1.199086485034985827e-01
1.262863609780912610e-01
1.308395847420826819e-01
1.340694736646658447e-01
1.363201611911778466e-01
1.378375516931423239e-01
1.388012855444388793e-01
1.393451568171203414e-01
1.538629180965023768e-01
1.520913662866494875e-01
1.504156181782024815e-01
1.488032904920917887e-01
1.472532657886637397e-01
1.457445560436531617e-01
1.443115388954360201e-01
1.429512810051891125e-01
1.416789833687180644e-01
1.404818608482120423e-01
1.544937909934570031e-01
1.518286600034018108e-01
1.494661921972884611e-01
1.473518554093824484e-01
1.454229505635349362e-01
1.436760935089401170e-01
1.420802038498448217e-01
1.406207161710650022e-01
1.392862888787834152e-01
1.380676222628517691e-01
1.528766527353912219e-01
1.502298260499703997e-01
1.478184340469072822e-01
1.456055398768539566e-01
1.435384206302637022e-01
1.415880041480847562e-01
1.397337907014505887e-01
1.379609159658972684e-01
1.362582593601213421e-01
1.346172371153787628e-01
1.496684309917098443e-01
1.464910437224439255e-01
1.434920680368795276e-01
1.406201301850469321e-01
1.378398164424617378e-01
1.351283855921119603e-01
1.324712696934450262e-01
1.298591995655749565e-01
1.272863641405832524e-01
1.247492281767274974e-01
1.394194152024254563e-01
1.352783675004964881e-01
1.312981550028731181e-01
1.274343734596241062e-01
1.236524621125684037e-01
1.199524472022457933e-01
1.163043559400168542e-01
1.127127740926240906e-01
1.091759431273234687e-01
1.056940720527704269e-01
1.197198172398588750e-01
1.146292295058055632e-01
1.097356308027852140e-01
1.049968079588844833e-01
1.003857605604707298e-01
9.588301367568430322e-02
9.149873388064418134e-02
8.720895022594687962e-02
8.302348736385981032e-02
7.894386954795920563e-02
9.236506240318394234e-02
8.671332529793840393e-02
8.132542023839368917e-02
7.617505627868381701e-02
7.121156691664014271e-02
6.643006597310655015e-02
6.182177878765954260e-02
5.738077500609117809e-02
5.312422386272805386e-02
4.902893063978304433e-02
6.203010285770674259e-02
5.641679073849892312e-02
5.117573329198270293e-02
4.623223555752087321e-02
4.155812151356878814e-02
3.716611754762468023e-02
3.300532651029558506e-02
2.911159495727956570e-02
2.543681669944641843e-02
2.203102856940991616e-02
3.483674303856877652e-02
2.996976839647941260e-02
2.555501779944825691e-02
2.153892242396798773e-02
1.790273312966290942e-02
1.459546551216019117e-02
1.161870045846491450e-02
8.963901225099907277e-03
6.625490872149406019e-03
4.597429911230868638e-03
2.086254901754819313e-03
4.052084972208935820e-04
-9.176347479190744005e-04
-1.900803229236830427e-03
-2.572134752709454020e-03
-2.923010703806155908e-03
-2.969513518054772705e-03
-2.762049903154831232e-03
-2.214530821747884293e-03
-1.419726208612109852e-03
-1.560343355428277234e-02
-1.300625903121256643e-02
-1.027624911123328766e-02
-7.418964398446636910e-03
-4.409596139127579251e-03
-1.277702456694472521e-03
1.374625974674165141e-03
5.211229112737400526e-03
8.539296863868582610e-03
1.134203044151358558e-02
1.504213704907178539e-03
6.699456108524792786e-03
1.182592189957988593e-02
1.689982950093874003e-02
2.193068916155428705e-02
2.692223603783528568e-02
3.187501076127999267e-02
3.678793928736608099e-02
4.165928458157185099e-02
4.648720552516255600e-02
3.887647580472157471e-02
4.456998469264773777e-02
5.012593698390639674e-02
5.553878439466071459e-02
6.080727324180255911e-02
6.593146840713917656e-02
7.091259002803756983e-02
7.575285065582137989e-02
8.045530173004181163e-02
8.502369334561582503e-02
7.892520002113417865e-02
8.412962594894093926e-02
8.912663292631073375e-02
9.391415955115273162e-02
9.849543778856148513e-02
1.028757374966507987e-01
1.070617401713984951e-01
1.110610941412439046e-01
1.148820937044127688e-01
1.185334440573614923e-01
1.134408588395375006e-01
1.176524273844143931e-01
1.216314052770581522e-01
1.253799296091566151e-01
1.289051221507935274e-01
1.322160518850971911e-01
1.353229650166501707e-01
1.382367654936975943e-01
1.409702032065407451e-01
1.435319682123544771e-01
1.393355201181586955e-01
1.424927471234866405e-01
1.454090938695354884e-01
1.480998924498759806e-01
1.505740120990838316e-01
1.528424155971141452e-01
1.549174389306438582e-01
1.568116145748471579e-01
1.585373505384994608e-01
1.601067596049869091e-01
1.589496665102221318e-01
1.616294020532446640e-01
1.639833022125789797e-01
1.660581435781867121e-01
1.678850696236284246e-01
1.694987170233545892e-01
1.709204845452165222e-01
1.721693427920753527e-01
1.732614725305433589e-01
1.742109869210384243e-01
1.735650069101134230e-01
1.756062689794956055e-01
1.773528228515175997e-01
1.788507490131756583e-01
1.801346035085201192e-01
1.812332603820540622e-01
1.821576774464586101e-01
1.829357377744130209e-01
1.835780897533901834e-01
1.840975508716576614e-01
1.839895210873511988e-01
1.856075905765003364e-01
1.869729719379799038e-01
-9.276101790265794955e-02
-9.866259547762637472e-02
-1.044342790221414463e-01
-1.100765416672969954e-01
-1.150354647711539502e-01
-1.212273713409606490e-01
-1.336898677998611396e-01
-1.368287971884933618e-01
-1.400930487145832515e-01
-1.434122706286544702e-01
-1.467551412967123270e-01
-1.500707829177337638e-01
-1.533691039259309219e-01
-1.566333528823042887e-01
-1.598598751839128140e-01
-1.630475941934329820e-01
-1.730523855556934110e-01
-1.745560367926556888e-01
-1.760796757013664005e-01
-1.776060051656129235e-01
-1.791230851788924994e-01
-1.806227853275220452e-01
-1.820993069518333785e-01
-1.835482500729510580e-01
-1.849660273833847457e-01
-1.863494994444370167e-01
-1.948595232342312800e-01
-1.945385980607975407e-01
-1.942206044001071885e-01
-1.938840327332612967e-01
-1.935204134410191679e-01
-1.931231447272807045e-01
-1.926621442156545017e-01
-1.921563471249628230e-01
-1.915924706472467709e-01
-1.909668129449751117e-01
-1.979286647296617241e-01
-1.955404393510049299e-01
-1.931244742425750616e-01
-1.906649502877898750e-01
-1.881513744341373751e-01
-1.855774810947604658e-01
-1.829398606232245372e-01
-1.802370768063361606e-01
-1.774690950926793298e-01
-1.746369081286049396e-01
-1.799053760648079703e-01
-1.753232835833478109e-01
-1.707294395585668978e-01
-1.661159008209933119e-01
-1.614723426966978015e-01
-1.567963017775039214e-01
-1.521099277467539146e-01
-1.473953164372098223e-01
-1.426658891093703918e-01
-1.379279969757437052e-01
-1.417331559721961565e-01
-1.353739602331737180e-01
-1.290857210496316188e-01
-1.228609524026960664e-01
-1.166979227013152376e-01
-1.105993272880133604e-01
-1.045705423665695688e-01
-9.861849486287915800e-02
-9.275092731713061034e-02
-8.697591674195834233e-02
-8.997342439279198967e-02
-8.278369744816410636e-02
-7.578284086137315745e-02
-6.898116251544880728e-02
-6.235414270534958558e-02
-5.590999370076099595e-02
-4.965248918588399674e-02
-4.358670095901701069e-02
-3.771825350471119664e-02
-3.204898541153300418e-02
-3.506228518377668690e-02
-2.819242258234727627e-02
-2.164903902973033811e-02
-1.541435479521843788e-02
-9.477718117383793217e-03
-3.834117604565923099e-03
1.518200128409863403e-03
6.579262834275845240e-03
1.134933257678427676e-02
1.582361365632298233e-02
1.211521762668454905e-02
1.761789005696684507e-02
2.269126813917705932e-02
2.736091161526005289e-02
3.163275516909319629e-02
3.553111796485561302e-02
3.907359623585683617e-02
4.224258431527871949e-02
4.505926538565314943e-02
4.752377084579921529e-02
4.997673916592003385e-02
5.185162375338270291e-02
5.336409338721692652e-02
5.451539531805205119e-02
5.532788634401984706e-02
5.581981688090596749e-02
5.598900518199497606e-02
5.584808281144401643e-02
5.540587306114255067e-02
5.467105168461918602e-02
6.086530255770638415e-02
5.839638102470501302e-02
5.576703387532615241e-02
5.298101578070010809e-02
5.004383973944429020e-02
4.696275203706869877e-02
4.374582584679162500e-02
4.040140277575596239e-02
3.693775337855141616e-02
3.335949253369444728e-02
3.612685696999028140e-02
3.136072627257809747e-02
2.660525226236704760e-02
2.185388709346354486e-02
1.712726926742585976e-02
1.242633819675910412e-02
7.755644570690362061e-03
3.119065204951892989e-03
-1.480270985867088163e-03
-6.039945336170624013e-03
-5.164587003720286229e-03
-1.048896249596187324e-02
-1.568050665275437516e-02
-2.073396087167006518e-02
-2.564762778829224321e-02
-3.042163643900819281e-02
-3.505748162320762584e-02
-3.955769401760417248e-02
-4.392559836484741242e-02
-4.816513210495131092e-02
-4.810480019001672769e-02
-5.285026173332649235e-02
-5.739310116154092145e-02
-6.173282324881768091e-02
-6.587284945205536257e-02
-6.981861152663956793e-02
-7.357684537190532781e-02
-7.715511647531742012e-02
-8.056149668593068358e-02
-8.380434101791246759e-02
-8.397544029236812813e-02
-8.760017060464468652e-02
-9.099582634134219250e-02
-9.416674397075655567e-02
-9.711755183269714375e-02
-9.986618130012119010e-02
-1.024141510433780045e-01
-1.047785315565297332e-01
-1.069564081835360503e-01
-1.089512415356641978e-01
-1.090901324605901973e-01
-1.114477157865704504e-01
-1.135740055126586295e-01
-1.154776321965538949e-01
-1.171692014573744445e-01
-1.186601022980485060e-01
-1.199619992715242889e-01
-1.210865101059551835e-01
-1.220450026533227011e-01
-1.228484690575712690e-01
-1.232013487084846898e-01
-1.243252940420036534e-01
-1.252079382082078862e-01
-1.258755560640537341e-01
-1.263488666111298175e-01
-1.266448128723667022e-01
-1.267777444695499245e-01
-1.267577010423455164e-01
-1.266031062879143798e-01
-1.263204759556985912e-01
-1.260182881901107943e-01
-1.259841185082641868e-01
-1.257514364936427320e-01
-1.253415935440850282e-01
-1.247715725355327959e-01
-1.240554392220612756e-01
-1.232086373943917096e-01
-1.222313032406883715e-01
-1.211425069495300350e-01
-1.199518979500154431e-01
-1.190407133767983627e-01
-1.180531814641653660e-01
-1.169027241515965820e-01
-1.156266244412573196e-01
1.360089664889308977e-02
1.423778710480256768e-02
1.487304408753604285e-02
2.000074920193792294e-02
2.027069909322060104e-02
2.061743125420086378e-02
2.106192023375186295e-02
2.151073901298294205e-02
2.206000123587203987e-02
2.267816594449122494e-02
2.336831237061531841e-02
2.413445635223318911e-02
2.498098827261343441e-02
3.069499418929763981e-02
3.130078959512432035e-02
3.203278519446298850e-02
3.290759435727541593e-02
3.381989744033825351e-02
3.486395243189692461e-02
3.599978944887807786e-02
3.722395877246829909e-02
3.853382970936520407e-02
3.992708106355934844e-02
4.666488455877663977e-02
4.777812016092379543e-02
4.898577747892648299e-02
5.026815753994699765e-02
5.161028261890915347e-02
5.302958049822712600e-02
5.442966012179282359e-02
5.588848651738015372e-02
5.737275519782712718e-02
5.887268518537287082e-02
6.622206477781124312e-02
6.725061373072756254e-02
6.828434146239242830e-02
6.930256377794824507e-02
7.028964093887493658e-02
7.123379257697046163e-02
7.212590010150805864e-02
7.295874784407782587e-02
7.372654233956391079e-02
7.442460742258417972e-02
8.149082038198787736e-02
8.149163212058688210e-02
8.141829801196411032e-02
8.125544953391605763e-02
8.099328780844659847e-02
8.062641774698983688e-02
7.975891928229833505e-02
7.939807913152152619e-02
7.896196357657794818e-02
8.002157302883852741e-02
8.640831210699742582e-02
8.477787392779267961e-02
8.317376793909037058e-02
8.155233874346390355e-02
7.988040984840483194e-02
7.813765620315926697e-02
7.631462657245394188e-02
7.440890829932966799e-02
7.242264594111552656e-02
7.036092187478008853e-02
7.561172766512791465e-02
7.271101491721485011e-02
6.978466282419440447e-02
6.682558664867158105e-02
6.383397206359547882e-02
6.081483254348672013e-02
5.777577053781229877e-02
5.472369414057439568e-02
5.167482337897161271e-02
4.863498203951392013e-02
5.318679485040069682e-02
4.939953391440772557e-02
4.570809887030304053e-02
4.209992328343381551e-02
3.857361246279656514e-02
3.512596857251625015e-02
3.176026437954480169e-02
2.848623897950470357e-02
2.531021447097753230e-02
2.223339610488741375e-02
2.685705004765153586e-02
2.315070026288081062e-02
1.965803441630999820e-02
1.635755680977748691e-02
1.323160059340031114e-02
1.028054712670002299e-02
7.498630331257223960e-03
4.886575241377059606e-03
2.446012368580767482e-03
1.789010796886762039e-04
-2.470232638768474903e-03
-4.483530724144777456e-03
-6.277968536450778854e-03
-7.869189252187601055e-03
-9.260941980671901289e-03
-1.046405956033035628e-02
-1.148284475500005106e-02
-1.232075648604533114e-02
-1.298085245382772299e-02
-1.346592354436578626e-02
-2.271916325897839484e-02
-2.226646906168209053e-02
-2.168702301234390686e-02
-2.098799055752693932e-02
-2.017477928157956901e-02
-1.925273009597261442e-02
-1.822700743429031545e-02
-1.710252648620395194e-02
-1.588391270276377776e-02
-1.457550216933485576e-02
-2.236102374206868498e-02
-2.039716254187391720e-02
-1.838513987189529381e-02
-1.634153943413561155e-02
-1.427398586328161578e-02
-1.218867570157228242e-02
-1.009060089782452818e-02
-7.983529326487076583e-03
-5.870269697946142728e-03
-3.752871048558995004e-03
-1.087812464520124256e-02
-8.369450729218533280e-03
-5.884834036533018176e-03
-3.434488659671983135e-03
-1.030058089068752736e-03
1.324135747357346737e-03
3.626221013177208241e-03
5.875809544649293614e-03
8.073651844024143376e-03
1.022324331235967276e-02
3.182931076562284245e-03
5.541678181272005621e-03
7.840821129105599030e-03
1.006579767007151349e-02
1.221035728749320093e-02
1.427128428570134666e-02
1.625148219150632234e-02
1.815254218552267429e-02
1.997737953499273411e-02
2.173017522411642422e-02
1.455745831899230014e-02
1.643160439001406514e-02
1.823287023003426766e-02
1.994935635777259075e-02
2.157705792543535006e-02
2.311598123790459258e-02
2.456863389801264286e-02
2.593905079425941340e-02
2.723216541377448952e-02
2.845340404083346320e-02
2.123449798355728224e-02
2.256420229411149059e-02
2.381909210359334228e-02
2.499215057406063700e-02
2.608258331866440682e-02
2.709260934985474600e-02
2.802625708474304478e-02
2.888859280257646822e-02
2.968522741729597014e-02
3.042085329860048926e-02
2.539958162039485101e-02
2.654936964264617560e-02
2.751317233714133115e-02
2.833855776791599501e-02
2.905700585585029028e-02
2.969080531878431906e-02
3.025642545581572196e-02
3.076640061857148500e-02
3.123062650522227812e-02
3.165719648918410845e-02
2.671984114699997581e-02
2.761557693168092964e-02
2.835671363767114372e-02
2.899028193777566931e-02
2.954686967456064683e-02
3.004798386366944185e-02
3.050842687943722265e-02
3.094313695046767981e-02
3.135694060061050559e-02
3.175977532243369483e-02
2.722988031014834942e-02
2.819037963558375381e-02
-9.595020730305564571e-02
-9.941948913596337922e-02
-1.028416358608803538e-01
-1.062237307153312271e-01
-1.095728141843911041e-01
-1.111376050913003011e-01
-1.133990394044157024e-01
-1.156655557162347969e-01
-1.179355336288415851e-01
-1.202086498675251358e-01
-1.224859437529038086e-01
-1.247760146208161114e-01
-1.270545310790741622e-01
-1.293856919555282925e-01
-1.316473122588789624e-01
-1.324251645111295950e-01
-1.336660842098749691e-01
-1.349459808033881547e-01
-1.361706577753152292e-01
-1.374329523610943182e-01
-1.386936284090788951e-01
-1.399485230358457899e-01
-1.411939857155547207e-01
-1.424313731576135611e-01
-1.436440493398349061e-01
-1.436589910380537405e-01
-1.436722960811170624e-01
-1.437021896234522145e-01
-1.437027708976847673e-01
-1.436683492145431340e-01
-1.435934472277685392e-01
-1.434742777722637641e-01
-1.433078975634109464e-01
-1.430920182744505609e-01
-1.428248936181963913e-01
-1.417143777278550565e-01
-1.401400601333960272e-01
-1.385514820481247300e-01
-1.369092201077216076e-01
-1.352110292870288000e-01
-1.334562403087260762e-01
-1.316454972139665947e-01
-1.297804134394752174e-01
-1.278633345680498246e-01
-1.258971702910973711e-01
-1.235205668911173588e-01
-1.202342841762170655e-01
-1.169876894188245225e-01
-1.136819887208190827e-01
-1.103527224672821716e-01
-1.070037258023917581e-01
-1.036400015192033425e-01
-1.002672936552158472e-01
-9.689178541535675704e-02
-9.351988776798532410e-02
-9.026451360122340895e-02
-8.570057340688030934e-02
-8.118293226070913415e-02
-7.671847492285566172e-02
-7.229213566812599245e-02
-6.797061331145159979e-02
-6.367498998987869419e-02
-5.944942273898798368e-02
-5.530040126031129932e-02
-5.123419925212562009e-02
-4.777794969649983015e-02
-4.266177747292698719e-02
-3.767338248392905486e-02
-3.286281280759212331e-02
-2.817759247253756594e-02
-2.362787571799575270e-02
-1.922439908363889061e-02
-1.497090300628006743e-02
-1.087109984708992116e-02
-6.928440002860442037e-03
-3.965986540318350295e-03
9.001160053574569497e-04
5.524416704077911300e-03
9.938540688458091799e-03
1.410854550734139123e-02
1.804926429714084901e-02
2.188022909139179795e-02
2.539459826293606615e-02
2.876703683626578856e-02
3.185993171218002434e-02
3.381828202879610251e-02
3.774002717360237791e-02
4.134415035641457459e-02
4.468366157954392626e-02
4.777878781206929687e-02
5.056363630014340527e-02
5.313348589635211866e-02
5.541141415146171034e-02
5.745825990750059314e-02
5.925748720438446526e-02
6.103475084643809889e-02
6.240028922484047724e-02
6.351473218162780043e-02
6.438813027227990871e-02
6.504362395677107389e-02
6.547528296050758589e-02
6.563712635919391469e-02
6.562247739546685221e-02
6.540139774657158234e-02
6.498007489626103639e-02
6.577263753153855808e-02
6.402483346945112008e-02
6.209880003156981881e-02
5.997634396011775060e-02
5.826090828550797157e-02
5.585150572880987624e-02
5.568919625555691921e-02
5.359836995299702145e-02
5.086437105120258234e-02
4.809761139100604543e-02
4.659085751280166166e-02
4.291008220634039139e-02
3.925282318240994744e-02
3.562133866027101387e-02
3.201784400384855012e-02
2.844462461239321421e-02
2.490376385922712932e-02
2.139699718376673887e-02
1.792564350145307156e-02
1.449058312877384014e-02
1.218295252210042229e-02
8.115886318835668911e-03
4.161413828346491317e-03
3.218889432974325615e-04
-3.402745718227517813e-03
-7.013892763315807133e-03
-1.051392363240895300e-02
-1.390591653588363341e-02
-1.719347011351027299e-02
-2.038056803074068946e-02
-2.272177427122538951e-02
-2.635022851066970428e-02
-2.981339336981837784e-02
-3.311398319055758321e-02
-3.625682802379659453e-02
-3.924783129472132759e-02
-4.209355695935827757e-02
-4.480095327321108323e-02
-4.737716594936268455e-02
-4.982941047039604610e-02
-5.174529720283044254e-02
-5.453923892649549521e-02
-5.715176640560735988e-02
-5.958933979739101938e-02
-6.185990864183203708e-02
-6.397204670684125682e-02
-6.593460153507445243e-02
-6.775646726364191463e-02
-6.944643755705577626e-02
-7.101311103451113382e-02
-7.231937168435692564e-02
-7.418180229604076636e-02
-7.586806595430868605e-02
-7.738723144983043756e-02
-7.874904378969938001e-02
-7.996334642804690807e-02
-8.103924859400861436e-02
-8.198817128870354576e-02
-8.281962927952250808e-02
-8.353556065257816687e-02
-8.446126091441230610e-02
-8.546551558367142254e-02
-8.629970067670551803e-02
-8.698271480942676437e-02
-8.752983282730653070e-02
-8.795381712706758226e-02
-8.826567159383268135e-02
-8.847512621404352018e-02
-8.859095140332044760e-02
-8.862116459092948817e-02
-8.888142763704878768e-02
-8.919530943310541304e-02
-8.937362175093009620e-02
-8.943354483299516267e-02
-8.938896475160619526e-02
-8.925091587472086530e-02
-8.903363382141896154e-02
-8.873700859296444754e-02
-8.837746701796306281e-02
-8.795991013041593032e-02
-8.778156485929614061e-02
-8.768179064411382728e-02
-8.748778046548971732e-02
-1.435092087455076826e-02
-1.428337154843853374e-02
-1.424241296831350867e-02
-1.422071229951404892e-02
-1.420807765252093957e-02
-1.419146142658732346e-02
-8.632073886510605032e-03
-8.839779430517474834e-03
-9.009870649368437179e-03
-9.067323248641401268e-03
-9.044862567121961239e-03
-8.941336375612507492e-03
-8.753689123397648264e-03
-8.477936704748556540e-03
-8.109729063163678697e-03
-7.644684862282938309e-03
-1.332417134995531049e-03
-9.281586590719342889e-04
-4.410238299134838780e-04
2.045438868708837621e-04
9.646051612218903282e-04
1.831850269745749493e-03
2.801071064796586962e-03
3.868223050797592322e-03
5.029883268617432734e-03
6.282928838009960160e-03
1.367806904131127488e-02
1.477685211957734113e-02
1.597390357348127399e-02
1.725003561108670591e-02
1.859050636439861515e-02
1.998399725808033822e-02
2.142421610230461904e-02
2.289532403065374505e-02
2.439862487750285580e-02
2.596053459309531630e-02
3.388868367296145323e-02
3.506105827967460897e-02
3.624824695741055147e-02
3.743196722772090118e-02
3.859860431391563818e-02
3.973829602107399606e-02
4.084375098285424055e-02
4.190948946133336156e-02
4.293135259839890583e-02
4.390618262586804682e-02
5.163294608660889962e-02
5.204349308201108165e-02
5.240393988910960893e-02
5.266929391059369664e-02
5.293682370234207429e-02
5.309111174187113730e-02
5.316929762709381169e-02
5.317105726183538050e-02
5.309733375926056070e-02
5.295002057906061238e-02
5.990684003084099235e-02
5.907071358739512945e-02
5.817969565754725625e-02
5.723753417161984991e-02
5.618826534576892850e-02
5.515210087050424759e-02
5.400903481923162441e-02
5.280657443811709317e-02
5.154965855231514321e-02
5.024368279087863820e-02
5.634750721320601341e-02
5.438356880237996821e-02
5.236475732959521706e-02
5.033478216264984650e-02
4.827996238298250253e-02
4.623208498866236693e-02
4.412351398580885431e-02
4.209054652496504317e-02
4.000319401652173423e-02
3.792241701982237978e-02
4.359669705879305746e-02
4.083955926905914052e-02
3.815708842772960740e-02
3.553431886886080499e-02
3.296344407389192877e-02
3.044198356505312120e-02
2.797065261936158495e-02
2.553422003714920022e-02
2.318633109922970878e-02
2.084622051621802183e-02
2.650188736304627188e-02
2.359171061136421804e-02
2.078557982571047763e-02
1.816865025523014751e-02
1.563948327051711482e-02
1.320317911376769904e-02
1.092180430196441204e-02
8.695021702190424556e-03
6.642868121529768577e-03
4.668931936780723602e-03
2.499090663768320508e-03
6.854090005218166359e-04
-9.839894940217586150e-04
-2.518011732796275604e-03
-3.936058463487566994e-03
-5.232805970674277163e-03
-6.344713049337188937e-03
-7.378216850843666297e-03
-8.289341635571594036e-03
-9.079343565998987398e-03
-1.865356472712351166e-02
-1.861123120827126720e-02
-1.850950942594212223e-02
-1.836808619800628373e-02
-1.808257580634051176e-02
-1.777487188328058521e-02
-1.739869156692908092e-02
-1.695550587311600577e-02
-1.644714375266492778e-02
-1.587553329176330519e-02
-2.444526593859991381e-02
-2.324452847481625617e-02
-2.203161976147302581e-02
-2.080960217997623873e-02
-1.957976034101856222e-02
-1.834332926731407909e-02
-1.710137883342813248e-02
-1.585038800825691596e-02
-1.457299587297422594e-02
-1.332350152458319781e-02
-2.140387829495081495e-02
-1.972120282373258926e-02
-1.806970868556131982e-02
-1.645496232866655584e-02
-1.487868572438710846e-02
-1.334124438900581577e-02
-1.184205460747121685e-02
-1.037985872436839041e-02
-8.952914250493979043e-03
-7.559125863785209898e-03
-1.546386824463821807e-02
-1.376709929249486652e-02
-1.212198546475849736e-02
-1.053481369337709583e-02
-9.006853617850113514e-03
-7.537279437220961720e-03
-6.123919812718384148e-03
-4.763748436725431801e-03
-3.453206526092114648e-03
-2.188415768122314864e-03
-9.933090322199356059e-03
-8.414800845320286049e-03
-6.950906085322949846e-03
-5.546792681640169698e-03
-4.202712009850839703e-03
-2.916716785006934209e-03
-1.685513745855876655e-03
-5.050137066851534406e-04
6.293135904212598941e-04
1.722210996860831789e-03
-5.627366548466447571e-03
-4.253207325423905005e-03
-2.931783192048592612e-03
-1.637296300995683129e-03
-4.578231100943741527e-04
7.194479763980854425e-04
1.853265744298449036e-03
2.948723031697908503e-03
4.000733183405019711e-03
5.026965135637245785e-03
-1.480209834576945438e-03
-5.612659850745549406e-05
1.318070417529002003e-03
2.654926555175129987e-03
3.933928306776968142e-03
5.219122060570138832e-03
6.417285094799052292e-03
7.635786811275940833e-03
8.838502244777904360e-03
1.003070392173069370e-02
6.727311584385803345e-03
8.766652015413073373e-03
1.065332712359844114e-02
1.244326794937072878e-02
1.417432575775118275e-02
1.588095983905937758e-02
1.756579096258237271e-02
1.921688973534492473e-02
2.090825052179481891e-02
2.261271800345160399e-02
2.045190439228869450e-02
2.315068915633736180e-02
2.569666398716411587e-02
-5.906857672435233964e-02
-6.384860009016382620e-02
-6.856968833404208929e-02
-7.321996474303399394e-02
-7.779477238888926616e-02
-8.229401301286082271e-02
-8.674548214354678433e-02
-9.107555039424199139e-02
-9.495887610101141907e-02
-9.801743644003217681e-02
-1.010506790598740545e-01
-1.040545413947994297e-01
-1.070273599075748233e-01
-1.099774393913526133e-01
-1.128808690053939023e-01
-1.157620873414730439e-01
-1.186552502441872714e-01
-1.214401109752586694e-01
-1.240590688644262474e-01
-1.256220681924080096e-01
-1.271797676096376450e-01
-1.287459007855578097e-01
-1.302159675438675501e-01
-1.316949459236922970e-01
-1.331415033752130772e-01
-1.345507802725969537e-01
-1.359198601407492490e-01
-1.372524369271341804e-01
-1.387185769723629503e-01
-1.386637705490816330e-01
-1.386081765600896687e-01
-1.385037961248518634e-01
-1.383442738029327934e-01
-1.381250897568394587e-01
-1.378430119050431113e-01
-1.374957538438502380e-01
-1.370817534869607779e-01
-1.366000284880468096e-01
-1.366352347993153304e-01
-1.347307762650747365e-01
-1.327693444170111037e-01
-1.307463397248086467e-01
-1.286598355262899840e-01
-1.265098892573424394e-01
-1.242979529839890879e-01
-1.220264796504928473e-01
-1.196986550153604639e-01
-1.173182105329262093e-01
-1.159647575038159351e-01
-1.121830504400770229e-01
-1.083804402344712287e-01
-1.045574315762453632e-01
-1.007169902259623107e-01
-9.686386051719898804e-02
-9.300390110438908065e-02
-8.913689136505825727e-02
-8.529070443926911604e-02
-8.141469445573482067e-02
-7.920694184250508252e-02
-7.409684312860626010e-02
-6.905395974201236631e-02
-6.407987442879378714e-02
-5.917148193482912877e-02
-5.435582059010386768e-02
-4.957960864237292986e-02
-4.497633048840321557e-02
-4.042649197204838118e-02
-3.598207032186573340e-02
-3.362582952633008659e-02
-2.814691469789432077e-02
-2.278105655040295330e-02
-1.761273466024480816e-02
-1.260332153771225039e-02
-7.769241566114443165e-03
-3.113635448606988376e-03
1.360050785916305793e-03
5.648444331404295360e-03
9.769786574453348527e-03
1.130111632131922117e-02
1.628047816744015996e-02
2.103682960022665305e-02
2.551006336531001784e-02
2.977043769595587308e-02
3.369454905518293186e-02
3.744914532758693293e-02
4.087907606517004327e-02
4.409622195059387934e-02
4.708339691205351563e-02
4.725750471533891883e-02
5.098059203468569694e-02
5.438749375111629619e-02
5.744325677906694794e-02
6.015944070840333058e-02
6.259858659566293337e-02
6.473869462589124102e-02
6.658539450668717052e-02
6.814390080124610449e-02
6.943595135528393691e-02
7.044286067959547315e-02
7.111814962624878056e-02
7.155997446180512034e-02
7.173822909275663628e-02
7.166181208204570885e-02
7.133896576967919956e-02
7.077750868005575069e-02
6.998500551700502503e-02
6.896886964191661917e-02
6.774391079983897723e-02
6.906280838625011853e-02
6.633416845590309197e-02
6.356940474986971790e-02
6.072256933288125436e-02
5.779625095216887887e-02
5.479446710018002348e-02
5.172193338191329037e-02
4.858363394008818892e-02
4.538456130785045034e-02
4.212956190637145992e-02
4.158770483719144428e-02
3.735613723149563969e-02
3.318981512103401366e-02
2.908823832393007264e-02
2.505188026064562867e-02
2.107762884625480337e-02
1.719973005950110184e-02
1.331353212397262675e-02
9.533091811905924917e-03
5.815312477144909953e-03
4.781442618438075387e-03
4.523599367007441474e-04
-3.715483070694719503e-03
-7.726595318270121360e-03
-1.158623030085749461e-02
-1.529973112324647944e-02
-1.887255633634757346e-02
-2.231027430733192873e-02
-2.561854133441004988e-02
-2.883030565337652007e-02
-2.952512881641564113e-02
-3.309677378570612116e-02
-3.646724736409633072e-02
-3.964277107251136523e-02
-4.263481628504958709e-02
-4.545208113350505952e-02
-4.810369716570747634e-02
-5.059873528539489407e-02
-5.294611752549216455e-02
-5.511908266157049263e-02
-5.527984223459882218e-02
-5.776841532559372216e-02
-6.005445520920001112e-02
-6.214907232173806639e-02
-6.406347685919076829e-02
-6.580876735725799120e-02
-6.739579547777649338e-02
-6.883508250788375471e-02
-7.013676794948539572e-02
-7.131057900767449886e-02
-7.088089122752626314e-02
-7.229733614992529811e-02
-7.352876333770692885e-02
-7.458856528832490118e-02
-7.549255126525168669e-02
-7.624176758210375604e-02
-7.688181045229278143e-02
-7.734298433154264407e-02
-7.772473208026661751e-02
-7.800122295734937539e-02
-7.716784196614322189e-02
-7.769631140753631426e-02
-7.806596478711858023e-02
-7.829241676207125689e-02
-7.838951870226715246e-02
-7.836964682845033725e-02
-7.824402336743593867e-02
-7.802292761697550427e-02
-7.771583827069987460e-02
-7.733153281006148461e-02
-7.671990029070199779e-02
-7.668368890856276654e-02
-7.650322061847450450e-02
-7.620555343156154571e-02
-7.577246548739524634e-02
-7.528226845665453304e-02
-7.471946344217415825e-02
-7.409492373676107579e-02
-7.341803503776560269e-02
-7.269708205363972775e-02
-7.191124175842586452e-02
-7.156513825232510562e-02
-7.112061506942993216e-02
-9.814784708619713263e-03
-9.530129987824853197e-03
-9.248968513259542279e-03
-8.962561282493591852e-03
-8.661855078572420694e-03
-4.472952629472752226e-03
-4.507930664126346201e-03
-4.421592053550887046e-03
-4.238102500287823857e-03
-3.964851013587414319e-03
-3.680919144439059182e-03
-3.296636742849591226e-03
-2.846847667116375602e-03
-2.295955309292630267e-03
-1.752198281207460913e-03
3.077288015899392118e-03
3.463863152905413342e-03
3.962764765784979396e-03
4.556492366338227643e-03
5.233194948318791589e-03
5.984822298650860004e-03
6.842905407607237714e-03
7.688129062160762792e-03
8.636626134365773394e-03
9.644263521138085951e-03
1.523393832721373076e-02
1.601534835742229879e-02
1.687022802812111408e-02
1.778193098121079799e-02
1.873810933992769295e-02
1.972954464066545982e-02
2.074904557516350084e-02
2.179075104460825515e-02
2.284968979823674348e-02
2.392150279816860833e-02
2.985677037365379316e-02
3.058512255393500134e-02
3.132563502781478271e-02
3.206429312830724049e-02
3.279070992059863326e-02
3.349737021545405591e-02
3.417871020318235392e-02
3.483316608077176996e-02
3.544998358419053364e-02
3.603342690385402669e-02
4.172563652914024201e-02
4.183830664158002394e-02
4.191708151672254856e-02
4.195238765596033537e-02
4.193799079928058060e-02
4.187042100034413239e-02
4.174537751260358476e-02
4.157031803618468219e-02
4.133892331038170609e-02
4.105399313681899753e-02
4.610180981375283649e-02
4.527468843577385493e-02
4.441024639154166065e-02
4.350269968604003612e-02
4.254949699799934898e-02
4.155077769649972302e-02
4.050841654694006810e-02
3.942539798186417421e-02
3.830540257434164597e-02
3.715253048114695172e-02
4.153054813803772061e-02
3.983693128419481949e-02
3.814410946786417345e-02
3.644671783454200842e-02
3.474292245419702274e-02
3.302954681914679891e-02
3.127226186478491987e-02
2.961689304528274461e-02
2.790956198040019445e-02
2.621200170696154352e-02
3.019252378298718439e-02
2.799888757732866759e-02
2.586522899481594195e-02
2.378274626131834935e-02
2.174700471274386426e-02
1.975693839078158584e-02
1.780728711010110335e-02
1.587000379005477912e-02
1.408358473780582654e-02
1.229250096939920114e-02
1.624937720376086123e-02
1.401397174594998934e-02
1.189812231387912117e-02
9.878780010256967350e-03
7.923237610567436529e-03
6.161532766243694309e-03
4.425925481747083889e-03
2.779260257341909478e-03
1.222122085487488581e-03
-2.427230524765576318e-04
4.013476183976979680e-03
2.148475278353472601e-03
4.539850200290735174e-04
-1.088849144386123090e-03
-2.496587291707479117e-03
-3.778409238640085058e-03
-4.963657012664275670e-03
-5.967460896631457401e-03
-6.892329888874353452e-03
-7.700062820928825491e-03
-9.090197915123790495e-03
-9.636600697852017866e-03
-1.005285911063618851e-02
-1.039577501820325087e-02
-1.052596556134409445e-02
-1.060318144579415131e-02
-1.057722379098170046e-02
-1.044980687319748552e-02
-1.022133259522360962e-02
-9.936754679952405911e-03
-1.657111013712686196e-02
-1.550684504676786563e-02
-1.438340498795875194e-02
-1.324877040177457194e-02
-1.208565809645800737e-02
-1.089427761574824488e-02
-9.675433153217859183e-03
-8.430115431726462050e-03
-7.187523790207615837e-03
-5.855900945945416436e-03
-1.177289921329439243e-02
-9.950770210441023389e-03
-8.187075702648483055e-03
-6.403572552645932225e-03
-4.688431093220660206e-03
-3.008797551117547986e-03
-1.363927838046827268e-03
