-8.958461384732219202e-02
-8.743185565266151094e-02
-8.487738087912280460e-02
-8.189999536081635223e-02
-7.852773939500745648e-02
-7.481224553374971054e-02
-7.102551396123489569e-02
-6.706145750843102438e-02
-6.297738799835880807e-02
-5.882819103628572632e-02
-5.466527417362741781e-02
-5.053580786202765962e-02
-4.648277161683135594e-02
-4.254463252494038172e-02
-3.875530825924995704e-02
-3.514452713509842730e-02
-3.184513601730329380e-02
-2.877785159988868746e-02
-2.595166404879295508e-02
-2.337344907987354281e-02
-2.104699950070529346e-02
-1.897561475420220245e-02
-1.715903469283387717e-02
-1.559587770282111485e-02
-1.428305071789914837e-02
-1.321706774217065727e-02
-1.240356869982167654e-02
-1.181277911780845291e-02
-1.143233113524270983e-02
-1.125001997690427968e-02
-1.125356937397631318e-02
-1.143104906314122704e-02
-1.177078531570149855e-02
-1.226142671511139259e-02
-1.289198190156470858e-02
-1.365184914289883922e-02
-1.446405900347404183e-02
-1.536179842969108422e-02
-1.633149049463532287e-02
-1.736225225034884745e-02
-1.844365754240373523e-02
-1.956618623238394472e-02
-2.072116868037247872e-02
-2.190073315432053414e-02
-2.309775590079168883e-02
-2.430581358443803519e-02
-2.540017193666717354e-02
-2.646440218735222893e-02
-2.749306827344379089e-02
-2.848172989918879017e-02
-2.942682882766082392e-02
-3.032558551283000281e-02
-3.117590897026674412e-02
-3.197631706302431209e-02
-3.272586527577821258e-02
-3.342408261059467284e-02
-3.392687457540392859e-02
-3.434797149064489075e-02
-3.468903158620022242e-02
-3.495245485795177298e-02
-3.513928175021457240e-02
-3.525566272933586265e-02
-3.530359583420501768e-02
-3.528673291961174213e-02
-3.520888848951175820e-02
-3.507398592329144527e-02
-3.474431249362661123e-02
-3.433951630774824404e-02
-3.386614269642167913e-02
-3.333089820220347388e-02
-3.274056691823894194e-02
-3.210033651381657971e-02
-3.141991142790730163e-02
-3.070424630506962682e-02
-2.995964234201806825e-02
-2.919218233539568053e-02
-2.829503434473691625e-02
-2.736925640094461931e-02
-2.642264551113340798e-02
-2.546677018989206009e-02
-2.450859080319405664e-02
-2.355619058855668024e-02
-2.261697843647167416e-02
-2.169741715084716471e-02
-2.080676975596168488e-02
-1.994995282304426465e-02
-1.907366814781327746e-02
-1.823740334520633499e-02
-1.745275503270007911e-02
-1.672642120520677345e-02
-1.606703054435208722e-02
-1.548410974471785273e-02
-1.498207236870499615e-02
-1.457029021381800460e-02
-1.425085309701540348e-02
-1.403177947402620140e-02
-1.393333998120983852e-02
-1.395404679503152445e-02
-1.410181527088603948e-02
-1.438382405289101440e-02
-1.480804582467372399e-02
-1.537913756158712508e-02
-1.610203387663826369e-02
-1.698085268124213676e-02
-1.801895747792098268e-02
-1.921866645233841209e-02
-2.058057174252366645e-02
-2.210687375377465291e-02
-2.379844964407970553e-02
-2.565570957821766696e-02
-2.767779679507056251e-02
-2.986436025657066007e-02
-3.221462913839643477e-02
-3.472507403649499613e-02
-3.739490360446307005e-02
-4.022123714352206919e-02
-4.299172013814218929e-02
-4.586820024839355359e-02
-4.884472076236906490e-02
-5.191655113776598440e-02
-5.507678306033118865e-02
-5.832063307146068132e-02
-6.165247113697051862e-02
-6.504226758726779078e-02
-6.850969133510174947e-02
-7.210154644702272686e-02
-7.547331607414649313e-02
-7.885559197558845990e-02
-8.224407889245949344e-02
-8.563524453874461762e-02
-8.902623211217478016e-02
-9.241476678194805727e-02
-9.579908165511032136e-02
-9.917785738536870344e-02
-1.025501716166221794e-01
-1.059154557620876208e-01
-1.089275360177427432e-01
-1.118706668071201560e-01
-1.147468705362315461e-01
-1.175585116549048292e-01
-1.203082689016801987e-01
-1.229990767209636626e-01
-1.256340735544915210e-01
-1.282165564610276420e-01
-1.307499415734156289e-01
-1.332377299231759515e-01
-1.353089865359242971e-01
-1.372768585030751942e-01
-1.391483560829277211e-01
-1.409303610668038997e-01
-1.426296375062540700e-01
-1.442528051668151290e-01
-1.458063161147963860e-01
-1.472964351916727921e-01
-1.487292246320209010e-01
-1.501105327611095275e-01
-1.510667633207357641e-01
-1.519175239872815886e-01
-1.526725343966376380e-01
-1.533409835571092894e-01
-1.539315817772074491e-01
-1.544525715015734046e-01
-1.549117370321052012e-01
-1.553164148007962764e-01
-1.556733467237183255e-01
-1.559893514158366412e-01
-1.559070366324903922e-01
-1.557332413734150989e-01
-1.554784571730533360e-01
-1.551526836919550623e-01
-1.547645824019514005e-01
-1.543224638829951423e-01
-1.538340224641204790e-01
-1.533063699082188314e-01
-1.527460658169714214e-01
-1.521591478653168683e-01
-1.512633573424388422e-01
-1.503067609392527149e-01
-1.492962133992010998e-01
-1.482384497737489759e-01
-1.471409789763305498e-01
-1.460097211797287686e-01
-1.448505722316433542e-01
-1.436689654572678165e-01
-1.424698816643916732e-01
-1.412578647296532930e-01
-1.397825137066449619e-01
-1.382622779003564450e-01
-1.367033021444749585e-01
-1.351115527193566257e-01
-1.334927094726027497e-01
-1.318519659880499628e-01
-1.301946409599056276e-01
-1.285251941208773452e-01
-1.268478476488906770e-01
-1.251664669491843185e-01
-1.232687939289632550e-01
-1.213412697165133503e-01
-1.193897659556462099e-01
5.562370862862880266e-02
5.564213018869192118e-02
5.564134165972704771e-02
5.563066463150995872e-02
5.564720749745594858e-02
5.561575519701202064e-02
5.560492372277506257e-02
5.562394250580593447e-02
5.567867327035905950e-02
5.577464880308606598e-02
5.591699622703534545e-02
5.611076184818866025e-02
5.636054637154157276e-02
5.667075207558470995e-02
5.704551292398536699e-02
5.748868999408193736e-02
5.798307919957886025e-02
5.853600655238434813e-02
5.914745875277876985e-02
5.981723567151529114e-02
6.054494981357926020e-02
6.133002341743554187e-02
6.217168506046215348e-02
6.306896641824950855e-02
6.402069958245545922e-02
6.502551519712242156e-02
6.601273842517003942e-02
6.702362269910347448e-02
6.805406739798293414e-02
6.910008027209842141e-02
7.015757274759261419e-02
7.122247058980329948e-02
7.229111980322808217e-02
7.335952184006200305e-02
7.442387998624944156e-02
7.548045775642708843e-02
7.641653598919680157e-02
7.730555142719564010e-02
7.814327189029962595e-02
7.892586653548047670e-02
7.964989675111790179e-02
8.031230445431479514e-02
8.091040221749168371e-02
8.144186439875809869e-02
8.190471868573193093e-02
8.229733763073224240e-02
8.248568500920885893e-02
8.256817196538857040e-02
8.254505646994328427e-02
8.241707330190055358e-02
8.218578808136819958e-02
8.185328599471716760e-02
8.142143487337499819e-02
8.089326802298388297e-02
8.027189816814292445e-02
7.956077396199945362e-02
7.862931131126163486e-02
7.758608747245328285e-02
7.643776455786757684e-02
7.519137722166983895e-02
7.385425153370567264e-02
7.243392742806517570e-02
7.093808878371440918e-02
6.937449985591685742e-02
6.775094727935708494e-02
6.607518716633026257e-02
6.424341757099313877e-02
6.235292297842039144e-02
6.041522864550623317e-02
5.844062590674614643e-02
5.644018059067605619e-02
5.442427987159907665e-02
5.240298659990889896e-02
5.038598225810804465e-02
4.838252380422465582e-02
4.640159818006370229e-02
4.438520408878864065e-02
4.239730218442150367e-02
4.044961668007793915e-02
3.855319822311326777e-02
3.671844563104301185e-02
3.495506845981498356e-02
3.327206543208288680e-02
3.167771363092820869e-02
3.017975559478936268e-02
2.878467284467383855e-02
2.749682788308862452e-02
2.632701301706463423e-02
2.528511852093036708e-02
2.437985804384738830e-02
2.361826070206811054e-02
2.300695912247103028e-02
2.255263221412420402e-02
2.225951310046126938e-02
2.213202041389517039e-02
2.217356827654800785e-02
2.238874768630820175e-02
2.277797409044931415e-02
2.334244368586035207e-02
2.408205614908006525e-02
2.499654722652182304e-02
2.608575512642248920e-02
2.734820582468093855e-02
2.878229309837128727e-02
3.038603562561121782e-02
3.215711846185757145e-02
3.393979712126058562e-02
3.585243799255206920e-02
3.788833472082166892e-02
4.004109400226131543e-02
4.230463668432452723e-02
4.467318590482092372e-02
4.714125894664029232e-02
4.970366116161285125e-02
5.235548094849543782e-02
5.509199298550018081e-02
5.768787482391575516e-02
6.031767048080356047e-02
6.297616167429151424e-02
6.565837661052681407e-02
6.836036095154637837e-02
7.107854486710216135e-02
7.380986292221647371e-02
7.655170932192988109e-02
7.930189928484709938e-02
8.205863346986450035e-02
8.455330704013944154e-02
8.700277087572037826e-02
8.940664984440213625e-02
9.176499365669349428e-02
9.407825445366158057e-02
9.634723842439901764e-02
9.857305940579424997e-02
1.007570955422478209e-01
1.029009495605468505e-01
1.050064128778627898e-01
1.067856328590865711e-01
1.084780119907844259e-01
1.100877351657770647e-01
1.116190158743888133e-01
1.130761072927379401e-01
1.144632809355582981e-01
1.157848030621037305e-01
1.170449114828786275e-01
1.182477942477805771e-01
1.193975709643877725e-01
1.202073217267838889e-01
1.209193844729757467e-01
1.215406278916063287e-01
1.220776036837642603e-01
1.225363762977325910e-01
1.229233544372030640e-01
1.232441156077319078e-01
1.235042082552034182e-01
1.237107114525259899e-01
1.238671226618371091e-01
1.237036365057720688e-01
1.234488517259296619e-01
1.231105363379495915e-01
1.226959470584482043e-01
1.222118877183429042e-01
1.216647359015821800e-01
1.210604632075847620e-01
1.204046522627238713e-01
1.197025122836953420e-01
1.189588941717094478e-01
1.179766679297410692e-01
1.169286434392476370e-01
1.158199027721628915e-01
1.146554827444990488e-01
1.134402701019382315e-01
1.121789319328244244e-01
1.108758786263314561e-01
1.095350137495741394e-01
1.081606491046830237e-01
1.067562204034950557e-01
1.051523641211252053e-01
1.034964667624999196e-01
1.017927468140824993e-01
1.000454339698132467e-01
9.825868149909107452e-02
9.643650918088725321e-02
9.458282307295046154e-02
9.270123513168079810e-02
9.079508569428124121e-02
8.886808217940209143e-02
8.678240009742162198e-02
8.465964083573410126e-02
8.250429918411819608e-02
8.032093349385092951e-02
-6.186213642298816866e-03
-5.790073274818247767e-03
-5.450158229485116759e-03
-5.168683013326201559e-03
-4.951963001423854288e-03
-4.804877811414622057e-03
-4.733635356065558908e-03
-4.740128623045538475e-03
-4.829774264785457669e-03
-5.006704203698404340e-03
-5.274826824106482528e-03
-5.637818556420164454e-03
-6.099112592709980338e-03
-6.622839883051432480e-03
-7.235008312669075764e-03
-7.935703808777307827e-03
-8.728348104713339051e-03
-9.605972216008833164e-03
-1.057091816713157453e-02
-1.162236253184074919e-02
-1.275920937010473211e-02
-1.398010002370198013e-02
-1.528341832430862510e-02
-1.659119569879512895e-02
-1.795253774475416911e-02
-1.936303546032730125e-02
-2.081822230580106931e-02
-2.231358896693147464e-02
-2.384972598719268394e-02
-2.541262631091275453e-02
-2.700144371388528419e-02
-2.861216538826056449e-02
-3.024024571636427933e-02
-3.176979948704609924e-02
-3.327599408111329288e-02
-3.475343656938185283e-02
-3.619709113003413692e-02
-3.760229716185395366e-02
-3.896477093221840937e-02
-4.028060925572179984e-02
-4.154629362392020520e-02
-4.275869372379730027e-02
-4.391506964834881316e-02
-4.487420280525895172e-02
-4.573782085331422331e-02
-4.650465764026705945e-02
-4.717409107423565368e-02
-4.774612067037107416e-02
-4.822132251047922535e-02
-4.847939448274345142e-02
-4.869462403525217503e-02
-4.888343703893099912e-02
-4.940770370812698487e-02
-4.976731493449162297e-02
-4.998926885632577061e-02
-5.007380790155181727e-02
-5.002515931720071668e-02
-4.984828152681383684e-02
-4.954877746763595991e-02
-4.913276625073817461e-02
-4.860677462120884668e-02
-4.797764252377312300e-02
-4.725243918146908306e-02
-4.628185812822684791e-02
-4.519791607558188568e-02
-4.401107296132160396e-02
-4.273133459600354789e-02
-4.136873741484463352e-02
-3.993328204316733132e-02
-3.843483826233581868e-02
-3.688334069302283413e-02
-3.528745425464878405e-02
-3.365675843013807289e-02
-3.186449132445372256e-02
-3.003162069477532253e-02
-2.816929468154547034e-02
-2.628860399556916250e-02
-2.439952460624415786e-02
-2.251229714794154846e-02
-2.063648461667481893e-02
-1.878033826630984282e-02
-1.695203737138024219e-02
-1.516000441503776580e-02
-1.331120432574637441e-02
-1.150009031825296318e-02
-9.735877650777262360e-03
-8.027152733669579154e-03
-6.383005238621161648e-03
-4.810259919901915815e-03
-3.316088380043699657e-03
-1.906770138081062549e-03
-5.879401459845251532e-04
6.353903909452479626e-04
1.755932225259035362e-03
2.772321812164288413e-03
3.681165920156492799e-03
4.480031374341608696e-03
5.167243743763146741e-03
5.740946774085334270e-03
6.199846894673913256e-03
6.542991357903735899e-03
6.769737064335028254e-03
6.879719682728560604e-03
6.869666065444462316e-03
6.755020399458053909e-03
6.539650734210079169e-03
6.227254859886299093e-03
5.821352012056382058e-03
5.325276127299966022e-03
4.742170721742784006e-03
4.074985273339524344e-03
3.326472933169209029e-03
2.499188999798111765e-03
1.639874606338513618e-03
7.284593369651717887e-04
-2.309449689574180620e-04
-1.234542222463365369e-03
-2.279160780868962066e-03
-3.362014845690215747e-03
-4.480721724435074438e-03
-5.633273792854692763e-03
-6.818012347538981999e-03
-8.033603241276290885e-03
-9.198376376886328865e-03
-1.036286858971098568e-02
-1.152556382039053584e-02
-1.268584423536293915e-02
-1.384304828585394831e-02
-1.499700330826438111e-02
-1.614784991320773050e-02
-1.729600506497826901e-02
-1.844213001999541607e-02
-1.958731768930440514e-02
-2.062866851011746494e-02
-2.163753744681051056e-02
-2.261555038917070076e-02
-2.356454466692441130e-02
-2.448653712337864330e-02
-2.538339095048570623e-02
-2.625796873178869173e-02
-2.711234874784635568e-02
-2.794896108725741096e-02
-2.877028230891544303e-02
-2.946516411680125472e-02
-3.011463706792347206e-02
-3.072224316492324150e-02
-3.129151583763382927e-02
-3.182596373960596553e-02
-3.232905180658937616e-02
-3.280418570532482592e-02
-3.325469949291366689e-02
-3.368384622009090723e-02
-3.409479117155175820e-02
-3.437785752288935459e-02
-3.461458369455670120e-02
-3.480930607863164800e-02
-3.496620934109091750e-02
-3.508932384529310500e-02
-3.518251985938542631e-02
-3.524950423332173788e-02
-3.529381927587032369e-02
-3.531884353298282708e-02
-3.532743543870588143e-02
-3.523250844826747441e-02
-3.510167283505855051e-02
-3.493809056557124759e-02
-3.474556920312170394e-02
-3.452747805446454432e-02
-3.428702245214505090e-02
-3.402725159871833327e-02
-3.375106527658013056e-02
-3.346122069180527958e-02
-3.316033934755026336e-02
-3.276926990425099717e-02
-3.234889158583116597e-02
-3.190201480613207713e-02
-3.143229645949678630e-02
-3.094304547462245134e-02
-3.043745753039484372e-02
-2.991841615398312115e-02
-2.938950346798829133e-02
-2.885310953816201673e-02
-2.831221646980857862e-02
-2.770298729822510617e-02
-2.707544324588816165e-02
4.555526092717476078e-02
4.543374141006800704e-02
4.535210291850552689e-02
4.531610449155340503e-02
4.533142857906741208e-02
4.537424670496169321e-02
4.546938636150615193e-02
4.561964889664413270e-02
4.582769319711514633e-02
4.609601486537344417e-02
4.642701201940849232e-02
4.682331897697317169e-02
4.728591669194516511e-02
4.781937184245958761e-02
4.842055295134187198e-02
4.902789815667066287e-02
4.968978962775573438e-02
5.040661458094893022e-02
5.117177621647971825e-02
5.198611002152093985e-02
5.284790381360970901e-02
5.375532560092256829e-02
5.470643207900998534e-02
5.569986011299210560e-02
5.673226848756578178e-02
5.770526719676946636e-02
5.868414231813433302e-02
5.966898543277349143e-02
6.065610733011855826e-02
6.164216337905538412e-02
6.262388545424860120e-02
6.359817051521349240e-02
6.456208587171169411e-02
6.551286757864195620e-02
6.644792025643074529e-02
6.723861945245102056e-02
6.797472377549322597e-02
6.865888018930321746e-02
6.928916448266687900e-02
6.986412985942422327e-02
7.038272729274047679e-02
7.084427485915453793e-02
7.124843169211235450e-02
7.159517464981961232e-02
7.188477652595248735e-02
7.196822638849746656e-02
7.196069104062273458e-02
7.187553619175056363e-02
7.170949104146305542e-02
7.146540386471207651e-02
7.114645664119642610e-02
7.075610353997566215e-02
7.029801871286252279e-02
6.977605003469354583e-02
6.919417738149563624e-02
6.840491616088452409e-02
6.753787974034602959e-02
6.659891659574522504e-02
6.559484379065844140e-02
6.452995361177794875e-02
6.341917438226193915e-02
6.226230741716301531e-02
6.106562654784279676e-02
5.983528927934118891e-02
5.857727630584583928e-02
5.716140835858569275e-02
5.570866936302566741e-02
5.422574999193020828e-02
5.272625235314749859e-02
5.121594639569455876e-02
4.970074164630508551e-02
4.818756591412400730e-02
4.668296544196429837e-02
4.519308295893119387e-02
4.372364494417732561e-02
4.217622416303461186e-02
4.064637366389215606e-02
3.914444902095219614e-02
3.767571990549933858e-02
3.625205977771707444e-02
3.488194760043226289e-02
3.355549415578591710e-02
3.229345812336190114e-02
3.109053842239610857e-02
2.996099116514014740e-02
2.884416012278336050e-02
2.780159446657196054e-02
2.684113165910587476e-02
2.596725686088335872e-02
2.518270320821067859e-02
2.449580591126043413e-02
2.390615064193441983e-02
2.342116766324760929e-02
2.304136679278996624e-02
2.276890080367031596e-02
2.260807199823515468e-02
2.255811348666347110e-02
2.261947075353679809e-02
2.279225599851665909e-02
2.307522103084677645e-02
2.346850453858646129e-02
2.397337208997033647e-02
2.458723878035019156e-02
2.530890885893618408e-02
2.613700352708590857e-02
2.701758217365212225e-02
2.798059279164832186e-02
2.902074803511388995e-02
3.013973604833278253e-02
3.132453845816315224e-02
3.257801404204110213e-02
3.389393681192951618e-02
3.528618197107531718e-02
3.675223523217549526e-02
3.828813697241641167e-02
3.978558892228789556e-02
4.131640949777079519e-02
4.287616682145325292e-02
4.446101654101502348e-02
4.606766017792222889e-02
4.769329722783457320e-02
4.933558175411820179e-02
5.099258286137330065e-02
5.266274860477913183e-02
5.434487300256547748e-02
5.589548316213948514e-02
5.742093306731353708e-02
5.892080787853108681e-02
6.039506967631182166e-02
6.184402882132876422e-02
6.326830242842816643e-02
6.466877519041190625e-02
6.604656319359784866e-02
6.740298101840243306e-02
6.873951219929881618e-02
6.989475319429404310e-02
7.099458300918078113e-02
7.204190273930015376e-02
7.303969785432028183e-02
7.399102923941233700e-02
7.489900882675612492e-02
7.576677632085081215e-02
7.659747804468974852e-02
7.739424839432958170e-02
7.816019406177428241e-02
7.873041975130257164e-02
7.923631178091837535e-02
7.968263340901617087e-02
8.007399104762939757e-02
8.041484501848712718e-02
8.070950425780276660e-02
8.096212083389056624e-02
8.117668536793065659e-02
8.135702388790716499e-02
8.150679630568556655e-02
8.146965321800896109e-02
8.137093937141495759e-02
8.121600731073423673e-02
8.100992330523106022e-02
8.075748772650137575e-02
8.046324160264871350e-02
8.013118756958458044e-02
7.976594097040452802e-02
7.937108223222247294e-02
7.895007050167443530e-02
7.838243192087873679e-02
7.776671601710777315e-02
7.710702260208572578e-02
7.640731693942220959e-02
7.567140363634450306e-02
7.490290766551768731e-02
7.410526675265245722e-02
7.328173081722663684e-02
7.243536575632519847e-02
7.156905986086484206e-02
7.057768381260984270e-02
6.954616005542745005e-02
6.847838152134128054e-02
6.737814945761923247e-02
6.624915877879095083e-02
6.509474918640895114e-02
6.391892206190331882e-02
6.272467205967732773e-02
6.151526817704453670e-02
6.029383487940660757e-02
5.897573315540817485e-02
5.763082902454984280e-02
5.626389526278158248e-02
7.947678430947416328e-03
8.424583941723504110e-03
8.865792643855854860e-03
9.263225882464073968e-03
9.608988513670257969e-03
9.895343950284338219e-03
1.010965332307742215e-02
1.025663321821567581e-02
1.033341410204764721e-02
1.033524196914225451e-02
1.025834794792967325e-02
1.009924834051608572e-02
9.854739770207870952e-03
9.521896440089341884e-03
9.098068398810457702e-03
8.580880255674556978e-03
7.998527255780284173e-03
7.332961299995818805e-03
6.589272725401856823e-03
5.766353797821789640e-03
4.865318566271245593e-03
3.887440451160094346e-03
2.834138448247813802e-03
1.706967135436034122e-03
5.076081205271296137e-04
-7.621380456251658497e-04
-2.033210570102396419e-03
-3.346555634499023824e-03
-4.698370867530769768e-03
-6.084945321973615762e-03
-7.502671763540517957e-03
-8.948048832874352931e-03
-1.041814124955790788e-02
-1.190888504287041655e-02
-1.341739881348856522e-02
-1.494600176525848201e-02
-1.638113808706576080e-02
-1.779531496268091373e-02
-1.918518613224078073e-02
-2.054776766738064531e-02
-2.188041960535922620e-02
-2.318082919478145487e-02
-2.444699599496090447e-02
-2.567721803761856270e-02
-2.687007847820775674e-02
-2.802443243488438041e-02
-2.901365249112851374e-02
-2.993067183473363535e-02
-3.077497347556094887e-02
-3.154111170746123904e-02
-3.224179860471709791e-02
-3.287231508936629826e-02
-3.343409263193073550e-02
-3.392884335576869248e-02
-3.435851354038994832e-02
-3.472524670987119783e-02
-3.489248250951261510e-02
-3.496966071038525720e-02
-3.495999991026671472e-02
-3.486939798371632704e-02
-3.469560970231730379e-02
-3.445564898683488309e-02
-3.414786533923930278e-02
-3.377687316253394356e-02
-3.334731272686460024e-02
-3.286379527366728448e-02
-3.218448972307322992e-02
-3.144024421623040078e-02
-3.063037623593393988e-02
-2.976136216184938760e-02
-2.883814685463917393e-02
-2.787025135079221339e-02
-2.685720092044613372e-02
-2.581608011512985523e-02
-2.474599409830436497e-02
-2.365257324621907603e-02
-2.241515662872639592e-02
-2.114395267281819757e-02
-1.984636630610367436e-02
-1.852950690197029127e-02
-1.720017519962926955e-02
-1.586482680482509400e-02
-1.452954955191233799e-02
-1.319845708528106371e-02
-1.187964846943992403e-02
-1.057284177886977372e-02
-9.189380005807962215e-03
-7.821490197236317943e-03
-6.471744040996221803e-03
-5.151790093865432629e-03
-3.865273371264472957e-03
-2.616220022185401783e-03
-1.413334221409268121e-03
-2.579517915447943066e-04
8.417627009502520741e-04
1.883611331418434676e-03
2.863666879324905379e-03
3.779122582377440753e-03
4.627251285310482465e-03
5.405609347501484641e-03
6.112546629419318700e-03
6.746111309831256952e-03
7.303048933984451763e-03
7.783039227600686838e-03
8.184859599033408872e-03
8.507474442259868597e-03
8.732961036266570498e-03
8.888332628753908837e-03
8.975745223967962483e-03
8.996926232194148165e-03
8.954410613100795280e-03
8.849715976182712107e-03
8.684476439312652229e-03
8.460180058477172194e-03
8.178168374335097190e-03
7.839636760858061104e-03
7.470353174985948363e-03
7.065732836358258606e-03
6.628156672802469618e-03
6.159645317441654611e-03
5.661882896337247506e-03
5.136241619486711651e-03
4.583805104736306257e-03
4.005545526769786757e-03
3.404155062839989143e-03
2.777726011365298786e-03
2.184516234453259820e-03
1.591439005738673473e-03
9.987070893355473600e-04
4.062298698611147008e-04
-1.863560158833418856e-04
-7.796522149755083508e-04
-1.374468152219761319e-03
-1.971794104157452432e-03
-2.572777540367901516e-03
-3.178702457954762917e-03
-3.710369558968105996e-03
-4.221744703631995915e-03
-4.714895107062324481e-03
-5.192005076335839964e-03
-5.655357676016360691e-03
-6.107307961135791802e-03
-6.550260495767366853e-03
-6.986650676111705316e-03
-7.418929430589683155e-03
-7.849550918456099646e-03
-8.188432116930616927e-03
-8.501772612383832334e-03
-8.793096327945872093e-03
-9.065860572354898089e-03
-9.323455459395349476e-03
-9.569190835919977323e-03
-9.806286560338915020e-03
-1.003786571119652526e-02
-1.026695033614064001e-02
-1.049645938750724816e-02
-1.063461486212331428e-02
-1.075111407105610109e-02
-1.085049087288117442e-02
-1.093106463268670239e-02
-1.100821055066341508e-02
-1.107929109869600949e-02
-1.114765916218227702e-02
-1.121649518751775126e-02
-1.129180623482955309e-02
-1.137311624271027978e-02
-1.137622291932164145e-02
-1.136686330103553119e-02
-1.134903804936131591e-02
-1.132402836276342334e-02
-1.130043320879111843e-02
-1.127349388118868354e-02
-1.125759247709348480e-02
-1.124984134034168887e-02
-1.125296206056502178e-02
-1.126949474845761329e-02
-1.123932441491305202e-02
-1.121297267374085638e-02
-1.119341662576485083e-02
-1.118347409761902105e-02
-1.118580708555596756e-02
-1.119969357540007496e-02
-1.123000665912798034e-02
-1.128426448581664431e-02
-1.135999111576585854e-02
-1.145916667064676708e-02
-1.153388740164911462e-02
-1.162111071355446425e-02
-1.173430817259820541e-02
4.728995309044353029e-02
4.735780000985913285e-02
4.745321769585640614e-02
4.758033791225257936e-02
4.774351283124722567e-02
4.794725740826678850e-02
4.819688999459365020e-02
4.849577122471978446e-02
4.881171088519137280e-02
4.917252523409744447e-02
4.958063870659760314e-02
5.003834331701735583e-02
5.054778082010087659e-02
5.111139203922490659e-02
5.173023753084851628e-02
5.240617395110652721e-02
5.314275636147740983e-02
5.393721188218689871e-02
5.472097990972558945e-02
5.554401029703694148e-02
5.640526179847281385e-02
5.730511331188356539e-02
5.823739223039409163e-02
5.920258357361513762e-02
6.019903929065119341e-02
6.122487075886633850e-02
6.227807116660547676e-02
6.335730566528340046e-02
6.435584674657668369e-02
6.534356147706668616e-02
6.632024393961008513e-02
6.728277562848880566e-02
6.822820747158157839e-02
6.915375560087302920e-02
7.005680010866979779e-02
7.093488577425217934e-02
7.178572387270588939e-02
7.260719446003516264e-02
7.326170903336214069e-02
7.385116407638588065e-02
7.437421360356824551e-02
7.482991785765913395e-02
7.521773250124966226e-02
7.553747804579806491e-02
7.578931318464010580e-02
7.597371046661131888e-02
7.609143334385767843e-02
7.614351401463304025e-02
7.597898897855709377e-02
7.572040564633733539e-02
7.537103647785756144e-02
7.493451673062967444e-02
7.441480456761985496e-02
7.381611997173903594e-02
7.314289107274825341e-02
7.239856530992663797e-02
7.159017960508828882e-02
7.071688140862048000e-02
6.964098709846219815e-02
6.848806465979279112e-02
6.726555518157925628e-02
6.598093507009186731e-02
6.464057703155162704e-02
6.325401178650022493e-02
6.182294142748492871e-02
6.036397148884145580e-02
5.887889973167791113e-02
5.737430874353709881e-02
5.571968155494146091e-02
5.404544601847562080e-02
5.235385879756156158e-02
5.065674687751699212e-02
4.896079434882627535e-02
4.727389196211383843e-02
4.560348256050368587e-02
4.395653678880122317e-02
4.233953933257146585e-02
4.075618498285477065e-02
3.912147571234202148e-02
3.752916342965746666e-02
3.598256147334941146e-02
3.449132447391346085e-02
3.305848610108640118e-02
3.169778868411234768e-02
3.040818730804340994e-02
2.920149751005764183e-02
2.807846326440249091e-02
2.704253151200359737e-02
2.605400303777154897e-02
2.516540524199222320e-02
2.438080335377209792e-02
2.370760529612687267e-02
2.315098511868149064e-02
2.271358110473849570e-02
2.239861098490247837e-02
2.220868797335027317e-02
2.214584818314139711e-02
2.221095282695702278e-02
2.240822085288533480e-02
2.273680877006352061e-02
2.319534569458171422e-02
2.378299142972636546e-02
2.449857988136783238e-02
2.534064965921527940e-02
2.630747465552260578e-02
2.739709386730288312e-02
2.860734021461394661e-02
2.993599680041670111e-02
3.130629884003437169e-02
3.275974720592882833e-02
3.429162924824356862e-02
3.589686260496890990e-02
3.757068774116514853e-02
3.930865702626854669e-02
4.110662370389456255e-02
4.296073068391466354e-02
4.486739930402374593e-02
4.682331817665238982e-02
4.869609743902984789e-02
5.057434140503698494e-02
5.245453788465476164e-02
5.433372022020519637e-02
5.620953716291433866e-02
5.807979006026779689e-02
5.994647851059221183e-02
6.180145280656385021e-02
6.364719951036917900e-02
6.548314127173555932e-02
6.714161822104167121e-02
6.874701403863890670e-02
7.030009620664524894e-02
7.180199212687006505e-02
7.325414981355231336e-02
7.465828298387379436e-02
7.601632286613993483e-02
7.733037605484120725e-02
7.860268780426324375e-02
7.983038746232017091e-02
8.083878726146703775e-02
8.176845017152931105e-02
8.262352684950932669e-02
8.340872646287951497e-02
8.412836381592592172e-02
8.478683308501198945e-02
8.538849661664890678e-02
8.593765277712184236e-02
8.643851237223973416e-02
8.690483883496871731e-02
8.713394230145332653e-02
8.728367159224473260e-02
8.736027997628761921e-02
8.736983689686247945e-02
8.731819783119693090e-02
8.721098570405926009e-02
8.705357913198658038e-02
8.685110561586491251e-02
8.660843856460520573e-02
8.633019739913241897e-02
8.583908566697820430e-02
8.528167316509301099e-02
8.466471398632621770e-02
8.399458767215356447e-02
8.327589801507123690e-02
8.251722362403803024e-02
8.171505647506285830e-02
8.088939255383202631e-02
8.003725250727318496e-02
7.916297304544252234e-02
7.810983103585525389e-02
7.700881672079895601e-02
7.586620272418029276e-02
7.468786264884480497e-02
7.347930142942539489e-02
7.224565795935178336e-02
7.099171349266757136e-02
6.972190380141010668e-02
6.844033371755568751e-02
6.715079311663989248e-02
6.573710581653555152e-02
6.429895129606623405e-02
6.283850959755002408e-02
6.135879050825412961e-02
5.987497777310539504e-02
5.838425098437081268e-02
5.689046194004038215e-02
5.539722695791281237e-02
5.390793185929980413e-02
5.242574171690829454e-02
5.085733348479740817e-02
4.928375242304337822e-02
4.770948363052358865e-02
1.652534109801158391e-03
2.154079709570946854e-03
2.607632109961590533e-03
3.008529590220777872e-03
3.352239081814034627e-03
3.629183796342326518e-03
3.845023937933306907e-03
3.997599109704909337e-03
4.084661081773029168e-03
4.103731892963001504e-03
4.054882866173822875e-03
3.935857646414402111e-03
3.745318184043895660e-03
3.480186878652362370e-03
3.142765286269437464e-03
2.749853947780538099e-03
2.292824133054906233e-03
1.772838194245611454e-03
1.191141277281204669e-03
5.490543189795513146e-04
-1.520283371693811891e-04
-9.138990894055412650e-04
-1.728987576511943625e-03
-2.598381759852053108e-03
-3.520455362164998103e-03
-4.450292071133531147e-03
-5.412335670698216472e-03
-6.403539418911502468e-03
-7.420926437129403419e-03
-8.461597636856291182e-03
-9.522733187899222462e-03
-1.060159428103466667e-02
-1.169552525055534559e-02
-1.280195602574946828e-02
-1.391840484274374512e-02
-1.497766368871760595e-02
-1.602113966195985173e-02
-1.704617415818317910e-02
-1.805034871651627765e-02
-1.903148670247818003e-02
-1.998764521943189459e-02
-2.091710753386259725e-02
-2.181880736941442522e-02
-2.269074884099540196e-02
-2.353205724241363983e-02
-2.426081480216757402e-02
-2.493439050643566496e-02
-2.555263644071185947e-02
-2.611569566795023806e-02
-2.662399094011382028e-02
-2.707820019820833535e-02
-2.747878088420160902e-02
-2.782761018669061004e-02
-2.812576231599900334e-02
-2.837466795947771181e-02
-2.848633501929091066e-02
-2.852966406064157134e-02
-2.850761703753368348e-02
-2.842332519492511700e-02
-2.828006323668944694e-02
-2.808121234438862301e-02
-2.783022718097670489e-02
-2.753060617294370016e-02
-2.718586463480544835e-02
-2.679951045906158597e-02
-2.628591351991606262e-02
-2.571813450981250138e-02
-2.510122406785543492e-02
-2.444017682643796763e-02
-2.373990829273882330e-02
-2.300464074784688839e-02
-2.223438242733216663e-02
-2.144486530325242363e-02
-2.063456561981868304e-02
-1.980753814991280393e-02
-1.888804734781437955e-02
-1.794478533658497299e-02
-1.698327418213489010e-02
-1.600879725861149155e-02
-1.502638551921596510e-02
-1.404079781710485669e-02
-1.305584301247882106e-02
-1.207251527089729659e-02
-1.110335891960125693e-02
-1.014726617369753059e-02
-9.145260820054110229e-03
-8.153972064082845583e-03
-7.178246360020457129e-03
-6.221886463271000811e-03
-5.286835278576998420e-03
-4.384039791444527268e-03
-3.512986482078060690e-03
-2.676802976003631040e-03
-1.878333433873155545e-03
-1.120282903324262835e-03
-3.662435083832057958e-04
3.450367172100760049e-04
1.009780438276125514e-03
1.624453936961221812e-03
2.185993638441491305e-03
2.691695331944785052e-03
3.140093199303160831e-03
3.526799869393665299e-03
3.851236613468991821e-03
4.111810701132971591e-03
4.305648044474121028e-03
4.433946746687650320e-03
4.496357342140114288e-03
4.493259402432239757e-03
4.423297818456087271e-03
4.287193593101860933e-03
4.085137678435268871e-03
3.817337007889082257e-03
3.484123833800915893e-03
3.085441912281189358e-03
2.648849722464728662e-03
2.164031538145226585e-03
1.633885871329426864e-03
1.060602329669597943e-03
4.463068371165362924e-04
-2.070833903666177700e-04
-8.978508777405941332e-04
-1.624469284222343490e-03
-2.387005032121067294e-03
-3.181530051948648630e-03
-3.947916390596925562e-03
-4.722675780717604244e-03
-5.505581852816715527e-03
-6.292772977063453010e-03
-7.084625799985304340e-03
-7.880495243001627015e-03
-8.679987200158251204e-03
