-6.064070569234957242e-01
-2.599786084431315314e-01
-1.593334933146260957e-01
-9.058854098608273842e-02
-4.251412234085832909e-02
-7.946598094925358402e-03
2.615659579742674740e-02
4.267385573013915412e-02
5.563923978213347610e-02
6.611059698518255423e-02
7.477531451650115679e-02
8.208717972762061277e-02
8.834741283278588209e-02
9.376312857063145989e-02
9.847988403125934598e-02
1.026016363180461410e-01
1.203863898280434497e-01
1.216513169171775099e-01
1.227726866258011529e-01
1.237110141543217023e-01
1.244608878694937748e-01
1.249983033904365770e-01
1.253574395152776133e-01
1.255365430527349280e-01
1.255535536621103510e-01
1.253993744855237680e-01
1.401996827142574231e-01
1.380984130687571143e-01
1.360883839501323411e-01
1.341269573328765785e-01
1.321639139491039561e-01
1.302075001900868112e-01
1.282382077434823242e-01
1.262527284467878375e-01
1.242506290683686454e-01
1.222331391019400859e-01
1.361867564681221721e-01
1.325948590564861584e-01
1.291636427382205632e-01
1.258668135448079983e-01
1.226620430369984444e-01
1.195297561915555362e-01
1.164581142462338958e-01
1.134401289676748165e-01
1.104718198384899985e-01
1.075510537583003745e-01
1.214305261327444235e-01
1.171062994664337220e-01
1.129920417966256557e-01
1.090408522852128193e-01
1.052209284078388096e-01
1.015123788678469197e-01
9.790281231525180261e-02
9.438454074027906315e-02
9.095280851310535986e-02
8.760467285860044917e-02
1.016528877021753569e-01
9.696576988703162203e-02
9.251526370344109740e-02
8.825467205192204234e-02
8.414877376565561840e-02
8.019112699309229042e-02
7.635018048499016274e-02
7.262704197372393811e-02
6.901633104628192295e-02
6.551453462148613960e-02
7.970857103883098593e-02
7.485565429040968999e-02
7.026440729622941694e-02
6.588609707636988722e-02
6.168721864532122900e-02
5.764341639964391806e-02
5.375499118125197373e-02
4.999350871726977036e-02
4.636274446103123836e-02
4.285839889691735877e-02
5.697821288816284913e-02
5.204858732192166326e-02
4.740048543747801824e-02
4.299606748879044454e-02
3.877816122328169024e-02
3.473407361137653693e-02
3.084821557899021516e-02
2.710797562985804710e-02
2.352159556217352232e-02
2.006137711474198504e-02
3.371156028868127486e-02
2.870204196042826228e-02
2.401076796643211719e-02
1.955913137313144978e-02
1.530668329222011070e-02
1.125727962387870762e-02
7.357088250799365126e-03
3.631289411199639661e-03
3.235132546787478081e-05
-3.397446553975530525e-03
9.257664745301971698e-03
4.116426249197183140e-03
-7.009587271313011403e-04
-5.255396755660293739e-03
-9.573690513811072833e-03
-1.371073715890032407e-02
-1.766963373734015130e-02
-2.146272149503297699e-02
-2.509865006143097155e-02
-2.858430918282383465e-02
-3.271650373040731891e-02
-3.618251054308180281e-02
-3.945481375669365742e-02
-4.255277171344488962e-02
-4.550095973821940976e-02
-4.829236997258362640e-02
-5.094537661364143682e-02
-5.349590058432661388e-02
-5.586594477164519984e-02
-5.814290850447202674e-02
-7.533416644853932476e-02
-7.584341496392260629e-02
-7.631507756910337059e-02
-7.675291379528265123e-02
-7.711680697831922726e-02
-7.743166932114536882e-02
-7.817887770564781180e-02
-7.789485288727450440e-02
-7.822143863063263369e-02
-7.915835755294539644e-02
-9.249997487454497680e-02
-9.081023363556586792e-02
-8.918881370495750083e-02
-8.761596095116977456e-02
-8.607934641156550493e-02
-8.457303168796043158e-02
-8.309480820015804903e-02
-8.164455174605336762e-02
-8.022321583395859712e-02
-7.883222578721624241e-02
-8.951616970885903357e-02
-8.681759464243775370e-02
-8.418264297912544936e-02
-8.161937702931232330e-02
-7.913190899138103362e-02
-7.672331121211981020e-02
-7.439572230795912788e-02
-7.215045993356405951e-02
-6.998813075798732131e-02
-6.790873310797873597e-02
-7.606987946846757720e-02
-7.281622195027631639e-02
-6.966748718326792877e-02
-6.663282184925090057e-02
-6.371598691532551206e-02
-6.091857927079055712e-02
-5.824062907765001351e-02
-5.568102035411492956e-02
-5.323779247926639646e-02
-5.090836061445676297e-02
-5.688925642721656684e-02
-5.345333315229552906e-02
-5.014941204693149079e-02
-4.698475600732689161e-02
-4.396118647932607815e-02
-4.107812447909170439e-02
-3.833336487088084832e-02
-3.572360151631258363e-02
-3.324562009170958787e-02
-3.089271714078103970e-02
-3.489241879970660098e-02
-3.143746625831234098e-02
-2.814460518744568707e-02
-2.500082989228430419e-02
-2.200808316471193626e-02
-1.916407748577475534e-02
-1.646441180123009440e-02
-1.390390769690706685e-02
-1.147695728993980424e-02
-9.177721364640997748e-03
-9.286602852814143660e-03
-5.492622087164444888e-03
-1.966414439146191295e-03
1.329493381165516852e-03
4.422033971862263102e-03
7.337825290577235093e-03
1.009182403510704151e-02
1.269721463777155612e-02
1.516486542307748930e-02
1.750403614409887232e-02
1.851764997257694667e-02
2.226903041997403687e-02
2.576703392716823970e-02
2.905115150140368668e-02
3.214920460473265351e-02
3.508753272570140636e-02
3.786708018842162293e-02
4.051344630948999770e-02
4.303253660226243060e-02
4.543290535792941787e-02
4.742690857822985662e-02
5.118080335706011452e-02
5.470723364111131082e-02
-3.169455660861361657e-02
-3.774815030605460642e-02
-4.368567394482050781e-02
-4.949904202091534589e-02
-5.467029770685671863e-02
-6.107018037903813590e-02
-7.367977456657137658e-02
-7.693173410344664176e-02
-8.027174226366837195e-02
-8.362421746606174544e-02
-8.695311843227329640e-02
-9.020075207179981125e-02
-9.337410576960156194e-02
-9.645188017417610782e-02
-9.942622831142777784e-02
-1.022921967358799422e-01
-1.119210303513181182e-01
-1.129872538192502329e-01
-1.140124605372578870e-01
-1.149795778456509376e-01
-1.158770864210415807e-01
-1.166974727470083406e-01
-1.174357523406141801e-01
-1.180885381223352737e-01
-1.186534556365522741e-01
-1.191287789138824049e-01
-1.267443405301771353e-01
-1.255014615130011224e-01
-1.242384614556362177e-01
-1.229380134251992496e-01
-1.215951678510890366e-01
-1.202091707733513037e-01
-1.187511463907772458e-01
-1.172456246073004249e-01
-1.156830591087337767e-01
-1.140634922613124880e-01
-1.201472948411872188e-01
-1.169234849673065069e-01
-1.137188804527100583e-01
-1.105215884380405800e-01
-1.073246601324429061e-01
-1.041250016736943729e-01
-1.009220108576246444e-01
-9.771670234672258371e-02
-9.451114349328110231e-02
-9.130808768020759469e-02
-9.640495829406728334e-02
-9.175214775693812941e-02
-8.718845283940401814e-02
-8.270528798578496987e-02
-7.829150224923026036e-02
-7.394123151160336693e-02
-6.967733052887009615e-02
-6.547766000169769063e-02
-6.135288827141860413e-02
-5.730621784780381978e-02
-6.201848568244294757e-02
-5.667368561390478954e-02
-5.150077232344285605e-02
-4.648556719407237470e-02
-4.161935586973114498e-02
-3.689763746061824889e-02
-3.231844717521137333e-02
-2.788128842583439959e-02
-2.358645436964149078e-02
-1.943459834663852082e-02
-2.420832348765494801e-02
-1.885032484760729155e-02
-1.372519331681851251e-02
-8.834936114917119054e-03
-4.143037077121075606e-03
3.521302747161447755e-04
4.656395510704236518e-03
8.773962247007605075e-03
1.270808886861993225e-02
1.646643049177670681e-02
1.150674974032936393e-02
1.646004174841803058e-02
2.112840311479260991e-02
2.554008565001961162e-02
2.971566677648862509e-02
3.366945561287937316e-02
3.741183243314266660e-02
4.095076094384771104e-02
4.429450181556020272e-02
4.744343969040785980e-02
4.251666552919027009e-02
4.691885527353309437e-02
5.101995288604528611e-02
5.485403677739573991e-02
5.843264721427117447e-02
6.178658170594769627e-02
6.494117737281283886e-02
6.788117902422102778e-02
7.063263734461637522e-02
7.319882132097681182e-02
7.592495891714809431e-02
7.824483514008639951e-02
8.037568502464940978e-02
8.231720632976766150e-02
8.409152965782992761e-02
8.571772707000760438e-02
8.719153186432870850e-02
8.852390527332976156e-02
8.972165053291582260e-02
9.079110429835465790e-02
9.879697016318339520e-02
9.826484801918589085e-02
9.769080010489782084e-02
9.707240283045559526e-02
9.640930100890027221e-02
9.570317127675036228e-02
9.495680781478055277e-02
9.417355779315385311e-02
9.335697667489054052e-02
9.250654500843788486e-02
9.785745932279116266e-02
9.570427326574450222e-02
9.358682288477830624e-02
9.149243216106131560e-02
8.943898179900075518e-02
8.742409118937238821e-02
8.544955048664570896e-02
8.351691925818008344e-02
8.162741423264130436e-02
7.978191177904107867e-02
8.310644044106201000e-02
8.018288616335247920e-02
7.734367286237905925e-02
7.459447698232876678e-02
7.193779207686704091e-02
6.937461553557097704e-02
6.690486353393185204e-02
6.452765840148882992e-02
6.224153159869660890e-02
6.004457012530620141e-02
6.181972178892450320e-02
5.870056725310744683e-02
5.569993327162257868e-02
5.282284403577217069e-02
5.007042124822957962e-02
4.744176949691825129e-02
4.493465972037383183e-02
4.254598166154430205e-02
4.027204697995577509e-02
3.810879500689674793e-02
3.867680452794482193e-02
3.569288748087032226e-02
3.284682146594664065e-02
3.014106730266938317e-02
2.757786078152077436e-02
2.514471956474703673e-02
2.284645041908994756e-02
2.067107399949259794e-02
1.862668850055926306e-02
1.671833482364026846e-02
1.634707915463377847e-02
1.366579323839806070e-02
1.113241457216082586e-02
8.745751862664602472e-03
6.502163688234030570e-03
4.396777526024492344e-03
2.424019151885586920e-03
5.779534472596103978e-04
-1.147495525269187633e-03
-2.758402140013729853e-03
-4.157043591893810897e-03
-6.392439071900346548e-03
-8.446863711175131573e-03
-1.034141856201470366e-02
-1.209182692626924183e-02
-1.371027923246770364e-02
-1.520664915704877940e-02
-1.658654176735510632e-02
-1.786501124068706758e-02
-1.904515301880480016e-02
-2.040418363223067688e-02
-2.208313433192837794e-02
-2.361108048450907826e-02
-2.500507749755057074e-02
-2.627791146470309647e-02
-2.743960360155842104e-02
-2.850220181651393764e-02
-2.946109906417794522e-02
-3.033238991269909812e-02
-3.112264934113793957e-02
-3.235095729168310785e-02
-3.354059559834209059e-02
-3.459905667629360748e-02
-3.556069700433250186e-02
7.499301386398921423e-03
8.492370804814410382e-03
9.423194277070216784e-03
1.478443039034631722e-02
1.521994334727837239e-02
1.565964324709707631e-02
1.611822349290543271e-02
1.650148179129150988e-02
1.689958849070668373e-02
1.727710108100454639e-02
1.763335695839909900e-02
1.796882585767521634e-02
1.828457196818721042e-02
2.340437411850089175e-02
2.332665412200303490e-02
2.328567407740145256e-02
2.329465235060606057e-02
2.325568316101293831e-02
2.326033328742883877e-02
2.326960153910426557e-02
2.328123950382978216e-02
2.329406429807726400e-02
2.330745352902671014e-02
2.866167253238858376e-02
2.833858525224407579e-02
2.806139699960142134e-02
2.781497114876557014e-02
2.758893709377705644e-02
2.740038464388123637e-02
2.716704682384701863e-02
2.696737147341462040e-02
2.677244337066623375e-02
2.657714200255176240e-02
3.233260371566154534e-02
3.179344962555745446e-02
3.129072954736252660e-02
3.080888256636378497e-02
3.033701164772626205e-02
2.986769583515762327e-02
2.939578810649065566e-02
2.891765168664784877e-02
2.843067524448975730e-02
2.793296533196499426e-02
3.400530765918435838e-02
3.311237954627048452e-02
3.224607031768800258e-02
3.139160982123721799e-02
3.053916267119904937e-02
2.968270742012802874e-02
2.852273382751677536e-02
2.793954033859721506e-02
2.731210744864895693e-02
2.786500818231157917e-02
3.391319456410443051e-02
3.208800740584177164e-02
3.043026400704730919e-02
2.888903087100262029e-02
2.742612684245415017e-02
2.601556953268133882e-02
2.464173757838297729e-02
2.329564805176232919e-02
2.197257044672490389e-02
2.067049083731350642e-02
2.692960422011191762e-02
2.515118098176024122e-02
2.345093640228443008e-02
2.181206854627817937e-02
2.022451040923568810e-02
1.868315408785681947e-02
1.718565692573060730e-02
1.572991793334600069e-02
1.432110264909035660e-02
1.295665515411069391e-02
1.934835946736292861e-02
1.744398593372113379e-02
1.566622757214639061e-02
1.399117897708162042e-02
1.240663021265275140e-02
1.090013814932534048e-02
9.466083600316262114e-03
8.104170304021402621e-03
6.812642180745740253e-03
5.585900774778784078e-03
1.211768771935392910e-02
1.028434751873878381e-02
8.618805457251167701e-03
7.090374990589436849e-03
5.673714170435549195e-03
4.360713762909950927e-03
3.139013148154023297e-03
2.002916340750716256e-03
9.483481106463981930e-04
-2.781157502388352520e-05
-1.488287903789524587e-03
-2.417067562493566656e-03
-3.233715449708364151e-03
-3.956274857385016358e-03
-4.591431643114466180e-03
-5.151260799425369172e-03
-5.641487825742785497e-03
-6.066584753845315897e-03
-6.430309289859052063e-03
-6.735870257940691080e-03
-1.593107859159876780e-02
-1.552597665249543304e-02
-1.509532877036215762e-02
-1.464266948851610656e-02
-1.416994644137659076e-02
-1.367921917869995008e-02
-1.317255518340533504e-02
-1.265196130153611875e-02
-1.211934600762420988e-02
-1.157652165764828239e-02
-2.016154157718313272e-02
-1.905080421616760222e-02
-1.794135722225956991e-02
-1.684545762391836260e-02
-1.576788133212193854e-02
-1.471207619289370550e-02
-1.368067285725051152e-02
-1.267544569290084133e-02
-1.169755217417066395e-02
-1.074770855370033029e-02
-1.899183965211623248e-02
-1.760362162885537041e-02
-1.623914319958930097e-02
-1.490847867134512117e-02
-1.362232548739088223e-02
-1.238485640546098387e-02
-1.119806732653491621e-02
-1.006273892827704020e-02
-8.978750484765110618e-03
-7.943795315237645038e-03
-1.599689682509042310e-02
-1.462045066743150601e-02
-1.327469128633981810e-02
-1.197598763628736351e-02
-1.073256542675049552e-02
-9.549397813437693339e-03
-8.426502436738328439e-03
-7.364241027143433871e-03
-6.362052978130833258e-03
-5.418157663609507457e-03
-1.327527945007728194e-02
-1.204199116873638786e-02
-1.084163648994249107e-02
-9.689575052751295270e-03
-8.593237861353963947e-03
-7.555993770594043868e-03
-6.578645357927057069e-03
-5.660391907777756471e-03
-4.799449816423995152e-03
-3.993452591970342302e-03
-1.150131250874944500e-02
-1.041585735863165274e-02
-9.364933075240999827e-03
-8.359631167754538739e-03
-7.404660369124765884e-03
-6.501551763749502388e-03
-5.649860938792411469e-03
-4.847939609876200651e-03
-4.093430628186789377e-03
-3.384474379231339203e-03
-8.330647628418008654e-03
-7.071921334218383981e-03
-5.968259235827319542e-03
-4.975606039294325211e-03
-4.065665752048377990e-03
-3.219175567107046554e-03
-2.422542913090949823e-03
-1.665966726384277008e-03
-9.421474581874089704e-04
-2.454573489587968949e-04
-4.824140278144761762e-03
-3.542030399026410703e-03
-2.389530551021395999e-03
-1.322880273926768657e-03
-3.145837157779995952e-04
6.538846083465471581e-04
1.594543771158932199e-03
2.519286004990642369e-03
3.430355233110957136e-03
4.335046575761558607e-03
3.744113750246969019e-04
1.921163752651416923e-03
-5.018192450586613645e-02
-5.375413578441943369e-02
-5.723882449906944614e-02
-6.063720570638483215e-02
-6.395055561933288280e-02
-6.545185232253872276e-02
-6.759725863153731584e-02
-6.969224344034105623e-02
-7.173250451279282458e-02
-7.371521119414131684e-02
-7.563906742733414457e-02
-7.751002781733612457e-02
-7.930276564481521240e-02
-8.107684679503858460e-02
-8.271335941498578204e-02
-8.286023299202260883e-02
-8.341614123777114920e-02
-8.395635241573190521e-02
-8.439330228535409095e-02
-8.481893518503109963e-02
-8.519579788328093817e-02
-8.552161015052314741e-02
-8.579470924638923912e-02
-8.601797452441665992e-02
-8.617798323030889662e-02
-8.520122348237579857e-02
-8.421834165312372389e-02
-8.324721407676798079e-02
-8.224567176782460187e-02
-8.121142591303302793e-02
-8.014231075259442560e-02
-7.903766916416429811e-02
-7.789751878017926734e-02
-7.672236146288329006e-02
-7.551306953971678726e-02
-7.360744529370778777e-02
-7.129490745931493789e-02
-6.902199246558547718e-02
-6.675125448255336824e-02
-6.448188150897773974e-02
-6.221423328357816862e-02
-5.994960971480767231e-02
-5.768993317270286469e-02
-5.543753479127842831e-02
-5.319500848214421540e-02
-5.075114897083467247e-02
-4.749120244271515245e-02
-4.435098825070483974e-02
-4.123466227380453986e-02
-3.817480149702226488e-02
-3.517195306202736127e-02
-3.222755437658429700e-02
-2.934355984270912987e-02
-2.652218594833236076e-02
-2.376574246386259359e-02
-2.133572100259385762e-02
-1.767722343381991634e-02
-1.413833211707016257e-02
-1.071899321968769470e-02
-7.399851581623942409e-03
-4.232630104241019708e-03
-1.138238915770903303e-03
1.845641786115986838e-03
4.718834684052777839e-03
7.481202688829874381e-03
9.474437758159315326e-03
1.308975600992635935e-02
1.654670577154603028e-02
1.980933057963862876e-02
2.293581952525564072e-02
2.592221985016632257e-02
2.876488296505265441e-02
3.146676637704703960e-02
3.403044242967624700e-02
3.645831900589607821e-02
3.782804119924269154e-02
4.111929645881060025e-02
4.419770186511333410e-02
4.710036257951034921e-02
4.980518942157140250e-02
5.233573467928619161e-02
5.480175331190850763e-02
5.701725865153052519e-02
5.915167020461603586e-02
6.108167575847565922e-02
6.189105587155221966e-02
6.473918973096202956e-02
6.735383200236247370e-02
6.979246090523938406e-02
7.207803288732951563e-02
7.415327518403659612e-02
7.611289921379212065e-02
7.788762786089913071e-02
7.953878271160422231e-02
8.105201004442756652e-02
8.265704933179789105e-02
8.396341782016168709e-02
8.513229614198827844e-02
8.617386528375281518e-02
8.710985758906070187e-02
8.793460436649579159e-02
8.860358629334462444e-02
8.920735257475510827e-02
8.971474024280955140e-02
9.013052215248357202e-02
9.181446056847475390e-02
9.104239890447407557e-02
9.016795025832979871e-02
8.918457190242293220e-02
8.867223269204826952e-02
8.753912485655417075e-02
8.868965222415256533e-02
8.798380827139756777e-02
8.670873831303724244e-02
8.547094095369449362e-02
8.545473077778735493e-02
8.329794690200655050e-02
8.119382257590798679e-02
7.914089721736713989e-02
7.713818935020207157e-02
7.518526543258835515e-02
7.328192754825943456e-02
7.142803054385563066e-02
6.962337945940308415e-02
6.786767621467765244e-02
6.710812235915436519e-02
6.456430499678053603e-02
6.210813575314641510e-02
5.974199835189970831e-02
5.746619739359515311e-02
5.527998505738977719e-02
5.318190022702191933e-02
5.116999600330449094e-02
4.924199454582439683e-02
4.739539413619830999e-02
4.621357782058793662e-02
4.368948511613712782e-02
4.127900756405868121e-02
3.898244955414724433e-02
3.679806094488122237e-02
3.472305712547504863e-02
3.275401037937762661e-02
3.088710648841719308e-02
2.911831433779027423e-02
2.744349895162813413e-02
2.610939384752845871e-02
2.383326606892818833e-02
2.167990005419725974e-02
1.964743977507027450e-02
1.773238161236163901e-02
1.593043633121551950e-02
1.423687580634190597e-02
1.264675709311902096e-02
1.115506759312161200e-02
9.756819168954225518e-03
8.431996100656050097e-03
6.489733126276500674e-03
4.668296974661881316e-03
2.963646491443858166e-03
1.370789491243876168e-03
-1.156310358226692037e-04
-1.500152037830354557e-03
-2.790902852900414843e-03
-3.993863145373491297e-03
-5.106302567721987540e-03
-6.574897956596936766e-03
-8.169398488085413690e-03
-9.636893518174038942e-03
-1.099243642943156796e-02
-1.224761097906461316e-02
-1.341166388465507564e-02
-1.449226770579750689e-02
-1.549600672729344042e-02
-1.642868781456092997e-02
-1.729554064634847288e-02
-1.851743249355240761e-02
-1.983257573302144028e-02
-2.104780200804909351e-02
-2.217665707635137207e-02
-2.322948864189602891e-02
-2.421349056626657947e-02
-2.514099384068961551e-02
-2.600700707151005348e-02
-2.682562456458027766e-02
-2.759867862746570588e-02
-2.870803318129103165e-02
-2.992275818664368037e-02
-3.106532051372897646e-02
-5.756783605023227390e-03
-5.257645702943652966e-03
-4.819927426730791220e-03
-4.444690644072130103e-03
-4.129903844012627889e-03
-3.870479182849898003e-03
1.860256733755866199e-03
1.756387845851123397e-03
1.620737674914954352e-03
1.522657290224313509e-03
1.425624307764716825e-03
1.327255467219054519e-03
1.227350071739213844e-03
1.126920461900132731e-03
1.027630108406382692e-03
9.314578698524228484e-04
6.617733365744768448e-03
6.312966684058340938e-03
6.013554069943111147e-03
5.793429974679784045e-03
5.609839273427077999e-03
5.456781670414995178e-03
5.330493100249134031e-03
5.228506446560116094e-03
5.149104192685632908e-03
5.090989959329939030e-03
1.117485020330599710e-02
1.092130883103716033e-02
1.072860037232582775e-02
1.058125991528340026e-02
1.046816769246834700e-02
1.038152318478566261e-02
1.031804521600106217e-02
1.026596421361176958e-02
1.022938050976801572e-02
1.023258428919925078e-02
1.669765569240531933e-02
1.642997224704527415e-02
1.620325613366725703e-02
1.600218597190460057e-02
1.581576305115572900e-02
1.563641224005113406e-02
1.545881462287900660e-02
1.527916182754947977e-02
1.509467845003364950e-02
1.490331536172356114e-02
2.163158765875098505e-02
2.111863727247943745e-02
2.063046929745777913e-02
2.012740609444924056e-02
1.969386792660289542e-02
1.921918149864364211e-02
1.873892409229088729e-02
1.825094937541442419e-02
1.775415066264427605e-02
1.724817712534524455e-02
2.404836858063198052e-02
2.314801574521720834e-02
2.228127511867057653e-02
2.144584881953945366e-02
2.058817692340467534e-02
1.981080832547011533e-02
1.899559095118468627e-02
1.818522754730873478e-02
1.737986415872080220e-02
1.658014906140893932e-02
2.338796201536692473e-02
2.219394070038884989e-02
2.101165599997121061e-02
1.987807648698298318e-02
1.877434224227620893e-02
1.772254029373034750e-02
1.665570429494109966e-02
1.569252548749078616e-02
1.470380128313224580e-02
1.374482550689341137e-02
2.068553373139042639e-02
1.922905241028049009e-02
1.787346583632637431e-02
1.659656071270484978e-02
1.538360188057757288e-02
1.422553646945673433e-02
1.311688605005168623e-02
1.203882794195049871e-02
1.103558747168351811e-02
1.002697151404099637e-02
1.709134407622483337e-02
1.557327862081750794e-02
1.413999239293862314e-02
1.286535583238772318e-02
1.164394575808203741e-02
1.047661475902031750e-02
9.416950625792445961e-03
8.363670551063080716e-03
7.427407430993720333e-03
6.510143305414883841e-03
5.333792726276549712e-03
4.447583782668226848e-03
3.636882508904613898e-03
2.890325284305481079e-03
2.186839118161094941e-03
1.530440514643724437e-03
9.802002898315134716e-04
4.299831036242499072e-04
-7.746080047883047159e-05
-5.444037883070296235e-04
-9.893966566331534318e-03
-9.698381284983487172e-03
-9.512545821920757871e-03
-9.353832169835527011e-03
-9.116379439541785756e-03
-8.919932441841721404e-03
-8.716522400806017701e-03
-8.506078951658016529e-03
-8.289037321213499343e-03
-8.066079865396882931e-03
-1.701557659475572137e-02
-1.623037179670933083e-02
-1.546643315149831555e-02
-1.472474442074933609e-02
-1.400485289043386372e-02
-1.330657291354592209e-02
-1.262984688293622426e-02
-1.197002926803586442e-02
-1.130732121156846626e-02
-1.069772520526546256e-02
-1.938433252780677463e-02
-1.830745118414005279e-02
-1.726128715671534919e-02
-1.625147239037381952e-02
-1.528007190745403476e-02
-1.434803710980941949e-02
-1.345558213788418389e-02
-1.260243186581065655e-02
-1.178798698041425008e-02
-1.101143495694169305e-02
-1.945824729994394264e-02
-1.828253851318134560e-02
-1.713982675837411040e-02
-1.603859075276142798e-02
-1.498239381726515496e-02
-1.397277861153373157e-02
-1.300999412808122313e-02
-1.209346717386282355e-02
-1.122210917722066270e-02
-1.039451647426051228e-02
-1.848360010420573019e-02
-1.728333175954091527e-02
-1.611493023140289638e-02
-1.498726788864838955e-02
-1.390401570087093641e-02
-1.286656644386774406e-02
-1.187487728174918544e-02
-1.092801268060958342e-02
-1.002449470025934541e-02
-9.162529137567015924e-03
-1.665068920771178851e-02
-1.539268574701199710e-02
-1.416985852437327442e-02
-1.295494013830936209e-02
-1.185092120410352612e-02
-1.074266958651085013e-02
-9.674837111672940360e-03
-8.645544782117542404e-03
-7.665547903500907756e-03
-6.717324856153894519e-03
-1.322348669465259197e-02
-1.178519424937937710e-02
-1.038792795267129421e-02
-9.020772090450573932e-03
-7.712252516699241722e-03
-6.393906617480876742e-03
-5.173402564092266509e-03
-3.940474420845413439e-03
-2.734017567923491265e-03
-1.551323686183797568e-03
-4.816753286859626337e-03
-2.742557057204497717e-03
-8.274564685347846060e-04
9.816094748596043695e-04
2.719784305002970193e-03
4.421896945817113678e-03
6.086525395021635809e-03
7.693399472621167967e-03
9.319238432871371214e-03
1.093486014909157700e-02
8.710211609601919980e-03
1.133285876063835906e-02
1.377791926670483835e-02
-1.184841622518525983e-02
-1.654905495958214345e-02
-2.116410990018272043e-02
-2.567724379327829265e-02
-3.007917359607992225e-02
-3.436505595919647771e-02
-3.855754909851062673e-02
-4.257870104490722729e-02
-4.613600923423905042e-02
-4.882341526757012773e-02
-5.143776378429046336e-02
-5.397263423023791751e-02
-5.642416780288804501e-02
-5.879837819570411794e-02
-6.106995913800189468e-02
-6.326156456728705690e-02
-6.540424620314871929e-02
-6.737969251908199064e-02
-6.919972446866312632e-02
-6.992434053882808087e-02
-7.060516749140291481e-02
-7.125588940836379004e-02
-7.177737848476317684e-02
-7.227452517987335845e-02
-7.270774909836820454e-02
-7.307413825690153852e-02
-7.337282034028297373e-02
-7.360909871205800759e-02
-7.406074229762132921e-02
-7.300237094189127030e-02
-7.195466955697235600e-02
-7.087283537203795114e-02
-6.975352661170776403e-02
-6.859506913314120102e-02
-6.739690963271537105e-02
-6.615927265713647532e-02
-6.488293726112590032e-02
-6.356908998479682271e-02
-6.294098527963150336e-02
-6.044003194690143743e-02
-5.794988581179529030e-02
-5.546692044469120342e-02
-5.298977845448488155e-02
-5.051871359190393540e-02
-4.805502823759409681e-02
-4.560070427839843510e-02
-4.315815831709980677e-02
-4.073007705718240112e-02
-3.954811053620216343e-02
-3.603427187084613792e-02
-3.259206326198473003e-02
-2.921830089239840778e-02
-2.591192977374351392e-02
-2.267340348929074156e-02
-1.950407472214182869e-02
-1.639993634794939537e-02
-1.338226323395799722e-02
-1.040040318770915628e-02
-9.292151437814796799e-03
-5.360561630345567208e-03
-1.566999355203213540e-03
2.094561126281216379e-03
5.633943166107366340e-03
9.033371047472357751e-03
1.234859841089680499e-02
1.546194127760458503e-02
1.849531755875129246e-02
2.140348490197208076e-02
2.207268340397189332e-02
2.584355747773911527e-02
2.948413967264446045e-02
3.292146554567508543e-02
3.620125481159382208e-02
3.931511893472744434e-02
4.226749717732640466e-02
4.506204350693329003e-02
4.770199069248817758e-02
5.020963210922552850e-02
5.007571852215231267e-02
5.343230155740948117e-02
5.661287745709771974e-02
5.956692849164848397e-02
6.236819569568906318e-02
6.490649888136584833e-02
6.734817589820388251e-02
6.954936149793451705e-02
7.162314973835288978e-02
7.355587882787220644e-02
7.272407515285671253e-02
7.554248442465338886e-02
7.815080366856209937e-02
8.052139507677724684e-02
8.267094429077681550e-02
8.466480558642622278e-02
8.648423957633497028e-02
8.813751834814345654e-02
8.963191157278156684e-02
9.099003531999616534e-02
9.219731526667393484e-02
9.320620941545150473e-02
9.411373227690231213e-02
9.488893623672500777e-02
9.553954437811551514e-02
9.607231865049796482e-02
9.649332387141010270e-02
9.680812852710796168e-02
9.702193701001607384e-02
9.714722816177222275e-02
9.985947044345844237e-02
9.860868035282881194e-02
9.740146093840043595e-02
9.618673563547151806e-02
9.496228538397033514e-02
9.372762632091523327e-02
9.248326965571654346e-02
9.123028221929324610e-02
8.997001620672193112e-02
8.870394446565850466e-02
9.006782525375349457e-02
8.774756913893268229e-02
8.549459086384368633e-02
8.330540545304863931e-02
8.117810793701978056e-02
7.910734626598664443e-02
7.712930407751392159e-02
7.513124952335888118e-02
7.322968099563384459e-02
7.138088916503892989e-02
7.203739984620072256e-02
6.934470538904066728e-02
6.676015162860590713e-02
6.428038790875323372e-02
6.190163578429455637e-02
5.962029018202054387e-02
5.743284626655814629e-02
5.533586362758929900e-02
5.332595199748813020e-02
5.136735527136722379e-02
5.170467432181159728e-02
4.908500505983985629e-02
4.659072943261929889e-02
4.422041547936904349e-02
4.196694248307461517e-02
3.982608173367695181e-02
3.779312865114026199e-02
3.586336907410346553e-02
3.403214604658566511e-02
3.233740544160711161e-02
3.241747569535222140e-02
3.008958976592528145e-02
2.788984052084525489e-02
2.581328941411949185e-02
2.385467252794586102e-02
2.200859683914772880e-02
2.026966548403859314e-02
1.863255549117320831e-02
1.709206687774937616e-02
1.564315372966629258e-02
1.558316077137232580e-02
1.360923358802054728e-02
1.175959641285267976e-02
1.002733403145587843e-02
8.401601539281808306e-03
6.889508992560272604e-03
5.441907515256014238e-03
4.149255739642587759e-03
2.908822228242652352e-03
1.750865814530613851e-03
1.522397144194623242e-03
-1.171755093252041524e-04
-1.640619404538079529e-03
-3.057585174294899510e-03
-4.376337083837583686e-03
-5.604037837560013613e-03
-6.747060626475717693e-03
-7.811187446349177055e-03
-8.801736374450447320e-03
-9.723644533296590953e-03
-1.054366218267850652e-02
-1.196482081582678214e-02
-1.326454575076538300e-02
-1.446850179179406948e-02
-1.554120714782430968e-02
-1.656459051032412033e-02
-1.751920043260848936e-02
-1.841225133973162231e-02
-1.924970535994604409e-02
-2.003664871363326772e-02
-2.084612363589664896e-02
-2.210170694429512001e-02
-2.326060708382569897e-02
-6.747906609188111977e-03
-5.988164363180161105e-03
-5.281864649794180099e-03
-4.624844518239659003e-03
-4.012336108829598139e-03
4.197009273200318080e-04
5.651298052472891395e-04
7.672680731511047347e-04
9.996180275535868770e-04
1.252254082057677881e-03
1.446816682613647105e-03
1.670300679836138336e-03
1.886636764956478064e-03
2.128303390813590049e-03
2.289985757863922250e-03
6.681000553879859818e-03
6.564179441714357646e-03
6.496156969460028206e-03
6.460761540455863851e-03
6.447538257716729088e-03
6.449902243743025308e-03
6.497782548006558224e-03
6.479552194757673064e-03
6.510011889665157092e-03
6.546795244808765492e-03
1.115815905940824825e-02
1.092938695357264546e-02
1.074538024543084287e-02
1.059253759889809340e-02
1.046147534393419322e-02
1.034585731719410255e-02
1.024129083928953382e-02
1.014462753689182595e-02
1.005352040594587396e-02
9.966143357531705854e-03
1.480083616201120778e-02
1.444580724082931630e-02
1.412278298233223678e-02
1.382019962324409351e-02
1.352987544866795892e-02
1.324626256820819574e-02
1.296553391093011563e-02
1.268725713026624437e-02
1.240267568023235845e-02
1.211684348491700973e-02
1.705446861727036995e-02
1.646981637664516815e-02
1.590852512228155269e-02
1.536085219349213674e-02
1.482010869631606581e-02
1.428210987279033249e-02
1.374200648087678910e-02
1.320535423610865421e-02
1.266478607288215597e-02
1.212159212272642672e-02
1.705066303797049543e-02
1.617527412522576022e-02
1.532977391354180263e-02
1.450515631320386731e-02
1.369550319173407429e-02
1.289747950183713771e-02
1.210941133101900782e-02
1.133069031795719966e-02
1.056138745825664985e-02
9.802001315750125121e-03
1.470252285674352247e-02
1.358719980202535357e-02
1.252301145555747772e-02
1.149947676647374364e-02
1.050972752578091529e-02
9.546206247531874994e-03
8.574446830645458123e-03
7.724498622472587145e-03
6.843975868459202527e-03
5.990412134367004149e-03
1.090837140222369883e-02
9.676755439836459347e-03
8.523750184498430499e-03
7.435152549879529491e-03
6.401386006325357134e-03
5.416521662956847935e-03
4.471362763102932833e-03
3.536894562069627448e-03
2.738757521911949072e-03
1.922660563739445397e-03
6.900606381575252399e-03
5.675586632185311738e-03
4.554198564825801335e-03
3.509481572564072602e-03
2.506853911045027472e-03
1.665000621923750160e-03
8.168740064521114001e-04
2.209538976080758360e-05
-7.216606753933565294e-04
-1.414315745896130641e-03
3.609451432504946419e-03
2.468631224230389241e-03
1.450856024337554909e-03
5.336761449929615028e-04
-3.025832010991203608e-04
-1.069861782721915136e-03
-1.798974258026589737e-03
-2.409540644507353682e-03
-3.004648349739550209e-03
-3.547698634298915646e-03
-4.741069126866101491e-03
-5.157454679856850188e-03
-5.510806777954846414e-03
-5.857357821807525344e-03
-6.059433897845332290e-03
-6.275895595479037692e-03
-6.456295693354829196e-03
-6.602247025374190920e-03
-6.713736448758698266e-03
-6.835492251623727367e-03
-1.391523396334208920e-02
-1.334543185498322793e-02
-1.276274247432898634e-02
-1.221283350681626190e-02
-1.167625806648314724e-02
-1.115127091581063351e-02
-1.063692180646297336e-02
-1.013263903365118485e-02
-9.667313676556231472e-03
-9.145881852937777501e-03
-1.584504439633579315e-02
-1.481364601000880604e-02
-1.384898773359595492e-02
-1.286908746636859086e-02
-1.196240574729824646e-02
-1.109540572997812224e-02
-1.026692646361693217e-02
