2.740865544506190687e+00
1.382787861213311764e+00
1.134736661156582338e+00
9.909165669563029244e-01
9.125946749841498118e-01
8.752061748663405583e-01
7.917894363735038521e-01
7.922178785464368822e-01
8.004592223673168139e-01
8.130992489177342186e-01
8.280055201753859784e-01
8.438516828550568505e-01
8.598257676635870927e-01
8.754343813688980624e-01
8.903922934338006634e-01
9.045423268468513189e-01
8.330705144018715202e-01
8.414190827471681455e-01
8.483551408879703715e-01
8.541473430692094748e-01
8.589737958455377909e-01
8.629828545228794834e-01
8.662338501353463727e-01
8.688202045959447783e-01
8.707959433228453783e-01
8.722250801800102149e-01
7.865438262790507284e-01
7.827136845045998825e-01
7.780443082960888379e-01
7.727579857287201204e-01
7.670325326513232067e-01
7.609390793804364783e-01
7.545722958700961103e-01
7.479833193930711666e-01
7.412098614602158353e-01
7.342808362572745828e-01
6.394406713795961483e-01
6.279454968999390596e-01
6.160686093242482286e-01
6.039607144371219594e-01
5.917750055319999092e-01
5.795962887242583905e-01
5.674805416945410963e-01
5.554652804010590250e-01
5.435762330065725401e-01
5.318315694702728802e-01
4.319518263319451767e-01
4.162430505007514991e-01
4.004556153375987693e-01
3.847544192271599162e-01
3.692535539778554199e-01
3.540245213429173976e-01
3.391117401143462495e-01
3.245423855430634719e-01
3.103326315897018128e-01
2.964916092617171373e-01
1.947703618816030158e-01
1.774917827552957572e-01
1.603512620142131251e-01
1.434996487622187678e-01
1.270470299354654053e-01
1.110261355286647489e-01
9.551567250926240593e-02
8.050997165379991660e-02
6.601737835819099232e-02
5.203907370145222089e-02
-4.928951343905585425e-02
-6.629438822654004637e-02
-8.304670017450488384e-02
-9.939952847963900995e-02
-1.152556053736410735e-01
-1.305534736509171567e-01
-1.452935009440270708e-01
-1.594179166757570543e-01
-1.729509196100535995e-01
-1.858973146656611175e-01
-2.855612354532808261e-01
-3.012477268621141513e-01
-3.166492267788762471e-01
-3.316425392948914030e-01
-3.460827675925924884e-01
-3.599422447137217151e-01
-3.731925156501898488e-01
-3.858240602670715003e-01
-3.978623802791642627e-01
-4.092698269874469608e-01
-5.067524694805398688e-01
-5.207092544555270708e-01
-5.344379875312814665e-01
-5.477249297092605662e-01
-5.605052856507957149e-01
-5.727434727430033012e-01
-5.843426413437926570e-01
-5.953732375448604897e-01
-6.057518253599194491e-01
-6.155861549261623100e-01
-7.108169991646459129e-01
-7.230193307369328082e-01
-7.350376987597717626e-01
-7.466978121861795881e-01
-7.579048516967457072e-01
-7.685435710034813628e-01
-7.786157245854656850e-01
-7.881079998426783195e-01
-7.970204669997071889e-01
-8.053581927754240866e-01
-8.125933321317937441e-01
-8.198580187141004672e-01
-8.267487658192184119e-01
-8.332266264135117506e-01
-8.392554218314312031e-01
-8.448624944688908345e-01
-8.500318840550296073e-01
-8.547180890782892781e-01
-8.590754979300774252e-01
-8.629666007037493092e-01
-7.785409404639437314e-01
-7.784341609428290232e-01
-7.779257535787736932e-01
-7.770885189824543460e-01
-7.759992537382407463e-01
-7.746834378380900166e-01
-7.725877387814081843e-01
-7.715324127751965744e-01
-7.691395793925134283e-01
-7.664673789042518726e-01
-6.756927801372836218e-01
-6.706575544036575964e-01
-6.653412824291149441e-01
-6.598616145988763781e-01
-6.543040848454015901e-01
-6.487228192826720585e-01
-6.431519238188474485e-01
-6.376127630566903459e-01
-6.321186097264517301e-01
-6.266776089313146336e-01
-5.300055008103411458e-01
-5.212011405440033496e-01
-5.126496690860175010e-01
-5.043288201384976688e-01
-4.962323673456510154e-01
-4.883537404065270149e-01
-4.806863260546532235e-01
-4.732236293142129124e-01
-4.659593527034593397e-01
-4.588874251134139604e-01
-3.598261628824354075e-01
-3.494549389882494195e-01
-3.395292965520966266e-01
-3.299925906294794986e-01
-3.208145298650298960e-01
-3.119715189368736374e-01
-3.034444887650135092e-01
-2.952174691684187335e-01
-2.872766465537646141e-01
-2.796097356734529304e-01
-1.799849828391691386e-01
-1.689872436757942076e-01
-1.585532942596472039e-01
-1.486054962853581296e-01
-1.390981790210058522e-01
-1.299966051701141323e-01
-1.212733498787975650e-01
-1.129059400479291431e-01
-1.048811374405944630e-01
-9.716302322117398305e-02
1.186157967180384576e-03
1.225775262484793404e-02
2.270450394714987330e-02
3.266001552964231669e-02
4.213626931135705522e-02
5.117723251544545326e-02
5.981291861287083012e-02
6.806759651266314215e-02
7.596208981167668073e-02
8.351474124609062355e-02
1.649932365169651249e-01
1.741680115444311783e-01
1.836475988109454727e-01
1.931594469623970634e-01
2.025602975036659148e-01
2.117302880749432903e-01
2.206192249956326346e-01
2.291961790935089505e-01
2.374456465884279832e-01
2.453625222323315425e-01
3.247071137556766796e-01
3.342066927512890029e-01
3.440023204589981454e-01
3.538306997895010464e-01
3.635229891006939162e-01
3.729913953019872719e-01
3.821421299309229469e-01
3.909821843155154020e-01
3.994759684454877724e-01
4.076217546545156667e-01
4.844445946050301988e-01
4.941567536019804696e-01
5.041882682294230866e-01
4.933973416929005595e-01
5.233593548983175303e-01
5.522314767305929184e-01
5.801080318441523831e-01
6.067461608134023798e-01
6.319359311340546626e-01
5.773448306457740209e-01
5.986701294208385260e-01
6.183213321212545077e-01
6.367279059266137686e-01
6.542239250540764495e-01
6.709093576463766029e-01
6.870060868803915533e-01
7.025522945346766024e-01
7.176088359599536171e-01
7.322146560437513552e-01
6.624639321981635742e-01
6.705323601766617347e-01
6.780154587634316110e-01
6.849989872276283087e-01
6.915394794757228070e-01
6.976699702089348420e-01
7.034084135025493456e-01
7.087630672842026858e-01
7.137359518923535040e-01
7.183250869087790536e-01
6.369364963551292780e-01
6.347692477197126593e-01
6.320586650204430557e-01
6.288716447726823144e-01
6.252783673622385185e-01
6.213238261919248329e-01
6.169384489591388521e-01
6.122404668141789852e-01
6.071908602499219709e-01
6.018010821996400139e-01
5.087790293895543270e-01
4.966483649869850581e-01
4.841120766551262333e-01
4.712588375389140660e-01
4.581564083077187544e-01
4.448542189975005501e-01
4.313905428966500200e-01
4.177969694582442939e-01
4.041011666646814326e-01
3.903285611673356081e-01
2.879695264686489287e-01
2.681322142961832800e-01
2.482377076007368233e-01
2.283985733089143322e-01
2.086798046643825177e-01
1.891363164833969046e-01
1.698868753020201239e-01
1.508819606213785414e-01
1.321971020018137266e-01
1.138561899069234218e-01
6.865375240837690018e-03
-1.641508824924281518e-02
-3.933667864211204401e-02
-6.178815577138402348e-02
-8.368725423650358319e-02
-1.049779541131777294e-01
-1.256217097635493329e-01
-1.455918650763017574e-01
-1.648700896595831633e-01
-1.834440937159342311e-01
-2.900373867769794334e-01
-3.124691824011183727e-01
-3.342942709893307884e-01
-3.553452975407713765e-01
-3.756104570743551418e-01
-3.950120398568043312e-01
-4.135336700758964756e-01
-4.311693920634788180e-01
-4.479211203604770430e-01
-4.638056209833146815e-01
-5.666150094029253070e-01
-5.856198397298000291e-01
-6.039507487019675214e-01
-6.214861456645340843e-01
-6.381571743671738961e-01
-6.539292196143673408e-01
-6.687904639729566059e-01
-6.827441243174096064e-01
-6.958068961651553419e-01
-7.079847825815632767e-01
-8.057492451681560475e-01
-8.206136421046088536e-01
-8.349504366665905231e-01
-8.486009720023857117e-01
-8.614549815605769822e-01
-8.735053963680403655e-01
-8.847529679246474155e-01
-8.951414953381597872e-01
-9.047373081780438753e-01
-9.135443341024114261e-01
-9.208987116355333846e-01
-9.281066705252081217e-01
-9.347702487390425752e-01
-9.408378115387445728e-01
-9.463335210364927086e-01
-9.512754235000228098e-01
-9.556389782522378695e-01
-9.594600406007751658e-01
-9.627586824992491188e-01
-9.655562070712508937e-01
-8.798202383267763604e-01
-8.775969613453686868e-01
-8.750172515764029768e-01
-8.721478077110802474e-01
-8.690425498738501009e-01
-8.657390378960457822e-01
-8.622643234601652384e-01
-8.586386709497202396e-01
-8.548779180491421492e-01
-8.509870832841448518e-01
-7.570888218909112011e-01
-7.488030449106202191e-01
-7.406498783022973376e-01
-7.325932301851013628e-01
-7.246838153913244263e-01
-7.169005592942774285e-01
-7.092446644134449141e-01
-7.017147462376633893e-01
-6.943086139174460270e-01
-6.870236094737978139e-01
-5.886151367654042232e-01
-5.772168967298564324e-01
-5.662693696197974580e-01
-5.557126168990418336e-01
-5.455112412338321004e-01
-5.356377952875814863e-01
-5.260702195111522927e-01
-5.167901517190961469e-01
-5.077818016248663024e-01
-4.990311920128454037e-01
-3.988943562363588269e-01
-3.861142974235932668e-01
-3.739883154849490410e-01
-3.624144537810212174e-01
-3.513279860738994786e-01
-3.406807685910014927e-01
-3.304356885009778200e-01
-3.205630506767472854e-01
-3.110382141725869798e-01
-3.018400348170532377e-01
-2.022484632807323157e-01
-1.890428648708067372e-01
-1.765903676528535748e-01
-1.647680646841600538e-01
-1.535120859152871997e-01
-1.427083305740018959e-01
-1.323789795924950052e-01
-1.224424839166336487e-01
-1.128680568001384499e-01
-1.037690392728850830e-01
-6.965508585740687320e-03
6.145552926054315135e-03
1.849563086877778484e-02
3.020314085596897957e-02
4.134598107583353777e-02
5.198169121420426197e-02
6.215421444105517779e-02
7.189828941202620893e-02
8.124231428615968920e-02
9.021022567551428839e-02
1.671099797857642510e-01
1.776430343325145766e-01
1.884024662478414602e-01
1.991543546345883042e-01
2.097498210053689582e-01
2.200985209936517362e-01
2.301473456047848642e-01
2.398428327441526342e-01
2.492501266944555371e-01
2.582973211144359849e-01
3.314593207174587608e-01
3.419284425538825500e-01
3.526282379932136335e-01
3.633167795365332409e-01
3.738401837181756227e-01
3.841047455942566691e-01
3.940828207457044985e-01
4.036526710890376290e-01
4.128808269743009518e-01
4.217922810745647899e-01
4.907406101475203508e-01
5.009596552447714846e-01
5.113537658764180094e-01
5.218577173636855804e-01
5.402079486562229027e-01
5.708586668920281326e-01
6.008862207963676649e-01
5.579362704643455739e-01
5.818179352899722767e-01
6.047659342608979749e-01
6.270556141571712594e-01
6.485809386776948404e-01
6.695874149021131538e-01
6.900992334045621401e-01
7.101521632781825355e-01
7.297649663297438583e-01
7.489447992202098447e-01
6.925397161569228910e-01
7.052872032978728667e-01
7.171373734953341295e-01
7.283098627455341090e-01
7.386659525041655572e-01
7.483935165854077587e-01
7.574920107777920464e-01
7.659659827704368151e-01
7.738088353377388096e-01
7.810077822823942029e-01
7.087952378205747417e-01
7.086886662489265687e-01
7.075204690400433982e-01
7.054160310889167063e-01
7.024593133822308877e-01
6.987775144389442028e-01
6.942295578618821184e-01
6.889700475269322499e-01
6.829877153322593264e-01
6.763149399638156423e-01
5.866439431304681928e-01
5.724932246878562392e-01
5.574379716132696894e-01
5.416385034598822923e-01
5.252182913606502357e-01
5.082726338704465219e-01
4.908795436893746977e-01
4.731065036888182362e-01
4.550146049203876997e-01
4.366610272112296798e-01
3.330034327346267364e-01
3.082526817264623631e-01
2.832068210163305455e-01
2.580502383614192707e-01
2.329273977087338299e-01
2.079499287158140808e-01
1.831477275705688523e-01
1.577404060081584181e-01
1.340436855967297447e-01
1.132673910962173069e-01
6.822463034934778126e-03
-1.979467632889242434e-02
-4.696678743272364454e-02
-7.420648879594243796e-02
-1.011640107296666313e-01
-1.275826435179593377e-01
-1.532938531140608795e-01
-1.781865438160043502e-01
-2.021875876933568461e-01
-2.252494293918791690e-01
-3.342541971280428292e-01
-3.605453913228133800e-01
-3.860699133179747444e-01
-4.106307873511921835e-01
-4.341283331980271276e-01
-4.565109424536673011e-01
-4.777519404562823313e-01
-4.978519344840890981e-01
-5.167758467389068633e-01
-5.345968932412281660e-01
-6.371020116367086539e-01
-6.573240068020149707e-01
-6.767657623220726393e-01
-6.952822720851167260e-01
-7.127593563402052634e-01
-7.291797851019847787e-01
-7.445114790631149893e-01
-7.587439197890886167e-01
-7.719266024270126092e-01
-7.840986272200712870e-01
-8.793324464058729362e-01
-8.935789966430992548e-01
-9.072835389117306359e-01
-9.202676066603163729e-01
-9.324517428794494300e-01
-9.437200816726976083e-01
-9.541035332896234955e-01
-9.635858925004379127e-01
-9.721850141758630048e-01
-9.799261016468840957e-01
-9.836505865771849599e-01
-9.893376467142978026e-01
-9.945828594547629908e-01
-9.992851449261611618e-01
-1.003397929509791453e+00
-1.006949216308451023e+00
-1.009923068331858298e+00
-1.012335123936885406e+00
-1.014204981244516857e+00
-1.015555336092468064e+00
-9.259667477580943995e-01
-9.219653961048028812e-01
-9.177396732715870087e-01
-9.132997805973042116e-01
-9.086672203928882752e-01
-9.038607916261187647e-01
-8.988972956563441308e-01
-8.937919197833434914e-01
-8.885585370332735877e-01
-8.832101323601471154e-01
-7.855989781051518905e-01
-7.755627317457072234e-01
-7.658001187034910728e-01
-7.562764840150113521e-01
-7.469275480143975354e-01
-7.377522108690861558e-01
-7.287387868876175068e-01
-7.198798225051639132e-01
-7.111706517366569447e-01
-7.026083174046102720e-01
-6.010242254389830396e-01
-5.881137253319302927e-01
-5.758269306958385680e-01
-5.640146272653379089e-01
-5.526514594072406972e-01
-5.416684149416711724e-01
-5.310346327707327063e-01
-5.207266175746637638e-01
-5.107266357126160061e-01
-5.010109192811434964e-01
-3.984765709313786708e-01
-3.845649556694149540e-01
-3.714627459997198455e-01
-3.590150283789085295e-01
-3.471276199050834510e-01
-3.357458395770848147e-01
-3.247853958113289252e-01
-3.142595804358739309e-01
-3.041211475453362012e-01
-2.943493820619083046e-01
-1.932442529310004486e-01
-1.793668870392836068e-01
-1.663633816865496273e-01
-1.540707028291152247e-01
-1.423868550056143212e-01
-1.312407811234740929e-01
-1.205815013289727733e-01
-1.103711197110077702e-01
-1.005803169875728598e-01
-9.118544046937898662e-02
6.194999153547847692e-03
1.951039668874077204e-02
3.200832491149593895e-02
4.382790269834133112e-02
5.505687969708003560e-02
6.575730853308026091e-02
7.597450997754467972e-02
8.574284447263649800e-02
9.508943152829267553e-02
1.040188486187379607e-01
1.793968527625897091e-01
1.897668410126258087e-01
2.004143878521264244e-01
2.111405029884717288e-01
2.217427370711420320e-01
2.321165918027910113e-01
2.421984881582630589e-01
2.519519142610736617e-01
2.613576596020423803e-01
2.704075532245692748e-01
3.427892394306472634e-01
3.532809304846220022e-01
3.640468809673944595e-01
3.749100098847334417e-01
3.856638889347986376e-01
3.962016582217884331e-01
4.064432972952446432e-01
4.164182208843301147e-01
4.260006460820301433e-01
4.352628047976552228e-01
5.047269594994191477e-01
5.154185096589588566e-01
5.551099026956186622e-01
5.782292992894182415e-01
6.011243920638331684e-01
6.237812328086552727e-01
6.461829874390729866e-01
5.903479089955261383e-01
6.072491499555343619e-01
6.233634545957773554e-01
6.388537066047196289e-01
6.538214350036395395e-01
6.683234078207913598e-01
6.824080498094324820e-01
6.960566495222290095e-01
7.093542178638735374e-01
7.221310532988085562e-01
6.540276109613960553e-01
6.606624251624746424e-01
6.664665191312735271e-01
6.714571978459047408e-01
6.758270492666914597e-01
6.796383286028090387e-01
6.829287158513512868e-01
6.857188540546685918e-01
6.880229166824350928e-01
6.898455057412620217e-01
6.078811408529187776e-01
6.032037485970656032e-01
5.976971619328022012e-01
5.915342540002788141e-01
5.848307229009032104e-01
5.776665732119873331e-01
5.700967311764912893e-01
5.621616565804148369e-01
5.538935593718277151e-01
5.453197481881345565e-01
4.505650636909208639e-01
4.358832542216629635e-01
4.206858859856955624e-01
4.051661351982780435e-01
3.894538856699660823e-01
3.736413936035871686e-01
3.577974661187943717e-01
3.419758275229078937e-01
3.262203610706051471e-01
3.105683771128456838e-01
2.073309993372355331e-01
1.865455530937603079e-01
1.657691262928248088e-01
1.451550267968229058e-01
1.248110548114256813e-01
1.048277232900174383e-01
8.526918962931018253e-02
6.618179502738180675e-02
4.759975225084883688e-02
2.954876775783671361e-02
-7.647786102852893730e-02
-9.849743028955851298e-02
-1.201549608511304212e-01
-1.412914875115255375e-01
-1.618264433773890787e-01
-1.816256495292235540e-01
-2.006459005676082263e-01
-2.188969325399232613e-01
-2.363651654692867365e-01
-2.530450545345259705e-01
-3.573907999300672822e-01
-3.771951304975301733e-01
-3.964995532092968622e-01
-4.151030958432778140e-01
-4.329147232697713177e-01
-4.498841050433942668e-01
-4.659953907466398149e-01
-4.812384221434071740e-01
-4.956161651502568599e-01
-5.091401031735061089e-01
-6.095482978036991240e-01
-6.256930162024376685e-01
-6.413558442260897108e-01
-6.563635846297929399e-01
-6.706435697831392151e-01
-6.840875913450542578e-01
-6.966846816036922352e-01
-7.085457907613696982e-01
-7.195332768780879906e-01
-7.297638154602315019e-01
-8.256719055817399733e-01
-8.382080175422399471e-01
-8.504012844376376279e-01
-8.620767971057425871e-01
-8.731230807567093022e-01
-8.834711077988819383e-01
-8.930748149727125718e-01
-9.019741463724315622e-01
-9.101134734935834025e-01
-9.175492939829676953e-01
-9.223527403068983999e-01
-9.281847563513510035e-01
-9.336084727869031763e-01
-9.385679931955689392e-01
-9.430359670301402542e-01
-9.470350606262585291e-01
-9.505235152095512507e-01
-9.534982382558070402e-01
-9.560095297345432286e-01
-9.580736857985742150e-01
-8.692376922746899437e-01
-8.665032590964776293e-01
-8.635209355079256355e-01
-8.606109889819255621e-01
-8.569817024291958019e-01
-8.534447115268881667e-01
-8.497075584644768753e-01
-8.479112497127605508e-01
-8.455900700322501740e-01
-8.423240363775275075e-01
-7.457436305988331959e-01
-7.373042206826616596e-01
-7.288600968493860188e-01
-7.204636770644275989e-01
-7.121573416015096747e-01
-7.039666943385286535e-01
-6.959067507646639061e-01
-6.879858691875955223e-01
-6.802082391914848758e-01
-6.725754492561352160e-01
-5.707786864281959582e-01
-5.590780218421503855e-01
-5.479211807802571998e-01
-5.372142230826113529e-01
-5.269035160087675029e-01
-5.169510623762091361e-01
-5.073290877431203549e-01
-4.980165375292090468e-01
-4.889968023638929795e-01
-4.802562341699417869e-01
-3.775565049163461806e-01
-3.648729180438439190e-01
-3.528940120296968352e-01
-3.414968948989680619e-01
-3.306074428896370598e-01
-3.201730672574706338e-01
-3.101552354006679169e-01
-3.005246433845580878e-01
-2.912580922271353345e-01
-2.823364598240331036e-01
-1.808188290665658782e-01
-1.680259132982248604e-01
-1.559942702540833559e-01
-1.445946011241537876e-01
-1.337471911549603654e-01
-1.233950828231679675e-01
-1.134962009980851616e-01
-1.040182735097980871e-01
-9.493554732455250500e-02
-8.622665915603255904e-02
1.208112184030213365e-02
2.451469820613766393e-02
3.623789780192290810e-02
4.735669340499379376e-02
5.793695509163826474e-02
6.802695278491488473e-02
7.764999172795508664e-02
8.688072746418759595e-02
9.570346172244628691e-02
1.041131770426369646e-01
1.821878247985735111e-01
1.920703220364412545e-01
2.022969349678093443e-01
2.125933792871760042e-01
2.227827810734770986e-01
2.327566458542365546e-01
2.424501508504123826e-01
2.518263267453967336e-01
2.608659325582254329e-01
2.695609760277593026e-01
3.451330275117089341e-01
3.552816844745487757e-01
3.657991122701478304e-01
3.764020327476849115e-01
3.869091701443976294e-01
3.971919024388602115e-01
4.072618600359742547e-01
4.169534865956415759e-01
4.263440635015283142e-01
4.353976702860335446e-01
5.084714963566792090e-01
5.190254690887212696e-01
5.300003518839256911e-01
5.137439541912378616e-01
5.382783495900332893e-01
5.621901992370957890e-01
5.855635339175458975e-01
6.084497073514090193e-01
6.308782995374607738e-01
5.732288579801726458e-01
5.897926795007216727e-01
6.054969319573413333e-01
6.205843431891022721e-01
6.351306700433074770e-01
6.491877777291521490e-01
6.627841644896781403e-01
6.759340000649169955e-01
6.886424914259001717e-01
7.009091502235464954e-01
6.312516786005717417e-01
6.373504751538950908e-01
6.425760710047812019e-01
6.471541989445086518e-01
6.511685035624921181e-01
6.546713055562255468e-01
6.576931138280592837e-01
6.602515046811481270e-01
6.623564241751203063e-01
6.640134385856253374e-01
5.813060334171382681e-01
5.765212404302825222e-01
5.710336940646071335e-01
5.649782351943380965e-01
5.584510959597880353e-01
5.515177360673211293e-01
5.442253000223582493e-01
5.366117019145615341e-01
5.286960106450767638e-01
5.205586555455947728e-01
4.259086929439056535e-01
4.116152559047295822e-01
3.969141965112119586e-01
3.819516498479400557e-01
3.668358262708137918e-01
3.516446553817278442e-01
3.364367327747707082e-01
3.212582107320971492e-01
3.061471185611865931e-01
2.911360555686658413e-01
1.884453358134756673e-01
1.682621967140802699e-01
1.481014708438611605e-01
1.280644526501739655e-01
1.083389036828695806e-01
8.898284912117021550e-02
7.002722776937647664e-02
5.151347619598289906e-02
3.347297920415043260e-02
1.592971360861314412e-02
-8.963300754988134944e-02
-1.112865521426915083e-01
-1.325673989448028223e-01
-1.533365853769495801e-01
-1.735156706448154618e-01
-1.929890986377599815e-01
-2.117202737021094405e-01
-2.297171688426542790e-01
-2.469676978023166991e-01
-2.634667541704213134e-01
-3.676758903583955407e-01
-3.874775846888079411e-01
-4.067085871099556105e-01
-4.252704191838724279e-01
-4.430762675595616429e-01
-4.600750184946187371e-01
-4.762438642393411747e-01
-4.915602723332963553e-01
-5.059979893619677149e-01
-5.196175657473789400e-01
-6.201007516841584577e-01
-6.365010072687465881e-01
-6.523992899279883462e-01
-6.676438979550550767e-01
-6.821391113119149585e-01
-6.958349268529526732e-01
-7.087105182493486089e-01
-7.207758308591822871e-01
-7.320188286976966330e-01
-7.424686548899619432e-01
-8.386283458783251321e-01
-8.515248266652758469e-01
-8.640474572065837133e-01
-8.760606527358075768e-01
-8.873787428554935630e-01
-8.979938881743305679e-01
-9.078998037975525293e-01
-9.170431283048277038e-01
-9.254617061710126436e-01
-9.331416846375394369e-01
-9.386234372415778182e-01
-9.447181527048091887e-01
-9.503620088011426326e-01
-9.555084713590261680e-01
-9.601376054124458603e-01
-9.642742746637688045e-01
-9.678814783314902970e-01
-9.709504616800228582e-01
-9.735387130641779407e-01
-9.756627921905558498e-01
-8.878541135270295870e-01
-8.850683294389354305e-01
-8.819386323275315576e-01
-8.785390364043567102e-01
-8.749133470024816894e-01
-8.710470424768510522e-01
-8.670146973268633150e-01
-8.628365371902096959e-01
-8.585285949262080329e-01
-8.541043596677235783e-01
-7.585662189901669628e-01
-7.498247029762424853e-01
-7.411854710162685267e-01
-7.326465138517590514e-01
-7.242173035206282972e-01
-7.159041093576207215e-01
-7.077111190554465914e-01
-6.996415958809576452e-01
-6.917170518787512101e-01
-6.839038247162346762e-01
-5.841350420887869710e-01
-5.723222512803862738e-01
-5.609271668272592937e-01
-5.498968357385165540e-01
-5.392051603568152052e-01
-5.288329491139229788e-01
-5.187654783638252498e-01
-5.089909175313399592e-01
-4.994993057179517582e-01
-4.902818828070761858e-01
-3.889428671941863591e-01
-3.758726215623642286e-01
-3.634175976927691565e-01
-3.514887971465341376e-01
-3.400347349318246781e-01
-3.290181096625846013e-01
-3.184108199332328359e-01
-3.081907539468198287e-01
-2.983397161876179537e-01
-2.888420848995423285e-01
-1.881087379199035126e-01
-1.748226035721635596e-01
-1.622371316058964785e-01
-1.502488653125145790e-01
-1.387953463843928370e-01
-1.278311806375567183e-01
-1.173220742701708286e-01
-1.072409972481708218e-01
-9.756571031397998084e-02
-8.827716770308513539e-02
9.853261481280572998e-03
2.282933491123825820e-02
3.513646031249423318e-02
4.689350031317079948e-02
5.808483216055237985e-02
6.876115988492559339e-02
7.898658556094537153e-02
8.878412178042673075e-02
9.817336898855975880e-02
1.071458763334145747e-01
2.004183356214233047e-01
2.128465299900410557e-01
2.247601712209506830e-01
2.361920202831484239e-01
2.471801733217877106e-01
2.577433452215923682e-01
2.678194640589006137e-01
2.774814986506476400e-01
2.867545177991515093e-01
2.956511603095419716e-01
3.680781712205342115e-01
3.781207426307856556e-01
3.887784704218083531e-01
3.996801919664464409e-01
4.105887223626689675e-01
4.213595471368039580e-01
4.319778607179281527e-01
4.421963377660248495e-01
4.521236919401916965e-01
4.617367846312270818e-01
5.322391970209366940e-01
5.431064331895161246e-01
5.547182690159000451e-01
4.813723245901864178e-01
5.058685405549501191e-01
5.291429297293783751e-01
5.515569008730863976e-01
5.733350064873714569e-01
5.946151698541963793e-01
6.155082307190913316e-01
6.360220653331045693e-01
5.795283388666909730e-01
5.944788737101049936e-01
6.087750661525992424e-01
6.225453846316402196e-01
6.358710052885825359e-01
6.488055087410959931e-01
6.613667408519930957e-01
6.735568606470944131e-01
6.854413230525508993e-01
6.968972643752943119e-01
6.287358763354222724e-01
6.341812416736559710e-01
6.389670392809967403e-01
6.432410436457950409e-01
6.469630378929072112e-01
6.502312420698762585e-01
6.530779893124388780e-01
6.555191829662456726e-01
6.575601881450424679e-01
6.592035274440074533e-01
5.781593149976497203e-01
5.734533848469004491e-01
5.681381709296856597e-01
5.623412345765282927e-01
5.561379238238486344e-01
5.495794010677597097e-01
5.427022523734976733e-01
5.355342553327337995e-01
5.280979993956582685e-01
5.204131420878370662e-01
4.273186891191235182e-01
4.135468061482583391e-01
3.994597758317376401e-01
3.851717085598469481e-01
3.707701979151377669e-01
3.563192489349096270e-01
3.418678113821689291e-01
3.274551345271761171e-01
3.131141118066579909e-01
2.988733549268364209e-01
1.975035647061494926e-01
1.780019074478799701e-01
1.585961879085014958e-01
1.393996384718957371e-01
1.204984605972081457e-01
1.019534218333392750e-01
8.380847620353529259e-02
6.609583200166477268e-02
4.883114368026714169e-02
3.203567818520161592e-02
-7.262722527227694069e-02
-9.366276501068110383e-02
-1.142677040646347536e-01
-1.343340679692013595e-01
-1.537856364010153909e-01
-1.725813705836612144e-01
-1.906907382604801637e-01
-2.080880042279905084e-01
-2.247379160380078844e-01
-2.406778729425586572e-01
-3.445146444031217947e-01
-3.639720952531422249e-01
-3.828124807361698023e-01
-4.009817179481874327e-01
-4.183813155593210653e-01
-4.349927460314286787e-01
-4.507979412741516256e-01
-4.657933222139218343e-01
-4.799847527565281324e-01
-4.933875241232803521e-01
-5.941417573319713874e-01
-6.105197058231034424e-01
-6.263284743936412546e-01
-6.415018698001784259e-01
-6.559363629892844827e-01
-6.696232599543242570e-01
-6.824695970896109687e-01
-6.945656161199285084e-01
-7.058155307028584069e-01
-7.163330295474932274e-01
-8.132358067207100527e-01
-8.264284363098887143e-01
-8.391999489190098416e-01
-8.514429721415538443e-01
-8.629958713120817748e-01
-8.738313977694467383e-01
-8.839498721807380610e-01
-8.933495908822091103e-01
-9.020393115277026697e-01
-9.100343877994317987e-01
-9.172845777289018177e-01
-9.238981692036066784e-01
-9.299625675670736280e-01
-9.355007420547138963e-01
-9.405104500993988204e-01
-9.449977506052089637e-01
-9.489744152455026338e-01
-9.524556354916036138e-01
-9.554585593586670811e-01
-9.580007974302678919e-01
-8.722642826150363016e-01
-8.700570354677126250e-01
-8.673749300362169068e-01
-8.643624296046447109e-01
-8.610913504650150596e-01
-8.576103152687644116e-01
-8.539534493650398073e-01
-8.501455604344287931e-01
-8.462054263158340639e-01
-8.421478827934597566e-01
-7.484356675035231943e-01
-7.401783993089303682e-01
-7.319212834390039779e-01
-7.237024300766335960e-01
-7.155555517815032074e-01
-7.075045723166862865e-01
-6.995660893136436131e-01
-6.917629994218584821e-01
-6.840348618320823970e-01
-6.764338894095539567e-01
-5.782185539387443285e-01
-5.667562513672291802e-01
-5.555951250633037741e-01
-5.447276711183903775e-01
-5.341559151346709777e-01
-5.238781317715158758e-01
-5.138903383761540544e-01
-5.041872249768907244e-01
-4.947627256518514205e-01
-4.855958325594391667e-01
-3.855375058659585852e-01
-3.727049036522588343e-01
-3.603467105711531948e-01
-3.484268102694717539e-01
-3.369329872266912940e-01
-3.258487060156859405e-01
-3.151589782817940666e-01
-3.048500122438189130e-01
-2.949087937618305455e-01
-2.853175901187726682e-01
-1.856495538673870738e-01
-1.724222283275944623e-01
-1.597476357221301324e-01
-1.475940827109535336e-01
-1.359326035411123068e-01
-1.247388801153451743e-01
-1.139917371371828581e-01
-1.036722024579087020e-01
-9.376290423851163514e-02
-8.424767439575475692e-02
1.321599316564375792e-02
2.618749321424521104e-02
3.866054871949040073e-02
5.065265089606099669e-02
6.217202278105615765e-02
7.324448755076723439e-02
8.389481319652841718e-02
9.407858598934762395e-02
1.038276212697225448e-01
1.131837770635291118e-01
2.062966093229004483e-01
2.188352966591326498e-01
2.310621552470093210e-01
2.429287470724552922e-01
2.544032195564293053e-01
2.654716517676510845e-01
2.761312888155019740e-01
2.863862394070674222e-01
2.962447455194890389e-01
3.057174553404007344e-01
3.803208676842222413e-01
3.909428182836796606e-01
4.023084204205197301e-01
4.140730814313362540e-01
4.257857190875026232e-01
4.373921448319658678e-01
4.487920650838905234e-01
4.599243238465579031e-01
4.707547577909005909e-01
4.812669247227896463e-01
5.551337204504667167e-01
5.669649927055796512e-01
5.796295682086758383e-01
4.657463320299436438e-01
4.830554149933459773e-01
5.001098322677863806e-01
5.169088403132893195e-01
5.334519111143262160e-01
4.936890737542192209e-01
5.064982625692765472e-01
5.185450823266889442e-01
5.300317172535853327e-01
5.411441791936080214e-01
5.517969930474686535e-01
5.621315735451535289e-01
5.721702008804214756e-01
5.819963863375658963e-01
5.914691762110546591e-01
5.412344498858657760e-01
5.464251456808087992e-01
5.509593092265109293e-01
5.549774474118536194e-01
5.585694207640732323e-01
5.617894607142760455e-01
5.647343510089296581e-01
5.672848117452377048e-01
5.695156283823336052e-01
5.714381380353129591e-01
5.103636009449120658e-01
5.075765954188453666e-01
5.042249928258984992e-01
5.004220724195458381e-01
4.962454447933520862e-01
4.917460034508672750e-01
4.869580614700227406e-01
4.819057645822640845e-01
4.766071444860658923e-01
4.710766745789257692e-01
3.998247460004831222e-01
3.895675436681412807e-01
3.789513543744044144e-01
3.680812426749788813e-01
3.570353024793682106e-01
3.458694333920265818e-01
3.346255077645405862e-01
3.233366399923450762e-01
3.120347395968958715e-01
3.007346197790612408e-01
2.218993975999142276e-01
2.063586358267670562e-01
1.907787222767893809e-01
1.752601604972391369e-01
1.598793576937219130e-01
1.446912042499167717e-01
1.297362907444166713e-01
1.150420492516017745e-01
1.006416818500611154e-01
8.655336831377857809e-02
4.054217415024319315e-03
-1.353243554712738050e-02
-3.085474299014720478e-02
-4.781847947282058531e-02
-6.435465465500381232e-02
-8.041748367409409792e-02
-9.597657026324933616e-02
-1.110119033179063769e-01
-1.255106444715097247e-01
-1.394650542345721167e-01
-2.219511564443965024e-01
-2.387260176779281151e-01
-2.550670671349741792e-01
-2.708819787620189157e-01
-2.861079536077327234e-01
-3.007090394471400585e-01
-3.146957667310040230e-01
-3.280190797299922245e-01
-3.406495326530343815e-01
-3.526368791511138578e-01
-4.327302273713714564e-01
-4.470744418999955672e-01
-4.609752581356447165e-01
-4.743304142310071914e-01
-4.870740918320723978e-01
-4.991714555789500407e-01
-5.106085726905718047e-01
-5.214053204326418722e-01
-5.315457301891769459e-01
-5.409961171005543967e-01
-6.177167625347060875e-01
-6.292293847774267368e-01
-6.403945480360994091e-01
-6.510906846763011568e-01
-6.612589224793925524e-01
-6.708432492632721011e-01
-6.797697711391188502e-01
-6.880917002278692518e-01
-6.958156666864736550e-01
-7.029529814135511145e-01
-7.761786923599214294e-01
-7.851632982769836122e-01
-7.939374684134927751e-01
-8.023502798341906050e-01
-8.103042883169730981e-01
-8.177486344168700683e-01
-8.246637956147098159e-01
-8.310549437652445803e-01
-8.368709674155812017e-01
-8.421648453610873775e-01
-8.393222832466515904e-01
-8.430431602296610816e-01
-8.464863535406094153e-01
-8.496072895733073338e-01
-8.524121487153242249e-01
-8.547942369955059405e-01
-8.568200955086029413e-01
-8.584818343079709813e-01
-8.598075409449822404e-01
-8.607965765945235770e-01
-7.796318168020988093e-01
-7.761422785697780213e-01
-7.724626835397463420e-01
-7.686187540792225326e-01
-7.646465170138292411e-01
-7.605694553078066189e-01
-7.564037876958675799e-01
-7.521621034202669032e-01
-7.478581343107293389e-01
-7.435232231506920808e-01
-6.559330378631111902e-01
-6.475269012877665764e-01
-6.393121685333384985e-01
-6.312603800946277044e-01
-6.233453951037988272e-01
-6.155842720716615535e-01
-6.079742294955758908e-01
