4.212340358987400057e-02
4.217208415286254064e-02
4.223292540086366620e-02
4.229924020210747843e-02
4.235082487315301042e-02
4.240088324275281817e-02
4.244969730675285380e-02
4.249811046863215952e-02
4.254671507904315975e-02
4.259588621973298128e-02
4.264269797376186999e-02
4.268573826650961384e-02
4.272659808685530525e-02
4.276629363543388296e-02
4.280547391511028976e-02
4.284455860333905713e-02
4.288382022003041361e-02
4.292344083478971672e-02
4.296354271325152074e-02
4.300421150147935856e-02
4.304344783928817919e-02
4.308031915932727246e-02
4.311589065413583971e-02
4.315084757062818965e-02
4.318563823194809803e-02
4.322055647794105504e-02
4.325579783345692014e-02
4.329149728038129280e-02
4.332775177833179253e-02
4.336463282375713907e-02
4.340002385279498331e-02
4.343293135348478412e-02
4.346446475830119394e-02
4.349533923079363512e-02
4.352601794791962492e-02
4.355680395068046995e-02
4.358789843351744409e-02
4.361943721344620217e-02
4.365151599773000463e-02
4.368420367089175665e-02
4.371529464300434598e-02
4.374374564905025159e-02
4.377069713822038383e-02
4.379688047593110339e-02
4.382276635586437180e-02
4.384865930554256858e-02
4.387475787630987917e-02
4.390119299027121086e-02
4.392805237986290023e-02
4.395539617091285406e-02
4.398093857837707260e-02
4.400358720243835453e-02
4.402450242506045219e-02
4.404442444100156728e-02
4.406382517100459334e-02
4.408300530579192106e-02
4.410215672174195439e-02
4.412140020953837782e-02
4.414081243311274161e-02
4.416044202751650410e-02
4.417793071703941116e-02
4.419214340140662639e-02
4.420425347757506868e-02
4.421500544182185855e-02
4.422486938922434718e-02
4.423414073869608165e-02
4.424300125858591365e-02
4.425156209150198083e-02
4.425988819116943862e-02
4.426801449251141496e-02
4.427352803254414743e-02
4.427525868925089036e-02
4.427439016177326520e-02
4.427166963612007289e-02
4.426756501386312076e-02
4.426236640854148974e-02
4.425624889257537969e-02
4.424931352207085722e-02
4.424161574325854301e-02
4.423318142813013193e-02
4.422156526586052544e-02
4.420558025484495196e-02
4.418641677485618535e-02
4.416482317985057776e-02
4.414126675170494674e-02
4.411603540709334303e-02
4.408930064234246882e-02
4.406115891912211480e-02
4.403166135401800213e-02
4.400082935763999226e-02
4.396621943931973420e-02
4.392664890906426700e-02
4.388331114283348239e-02
4.383695789962487044e-02
4.378805815103283677e-02
4.373690122676581610e-02
4.368365949969016393e-02
4.362843126786373343e-02
4.357126994500817863e-02
4.351219767264283278e-02
4.344881720979532069e-02
4.337997943976240611e-02
4.330687299134710483e-02
4.323025034503500535e-02
4.315058291128412438e-02
4.306816270237033561e-02
4.298316869285712799e-02
4.289570742102951501e-02
4.280583940823244615e-02
4.271359618859370266e-02
4.262044526871429373e-02
4.252711387979040553e-02
4.243292081407561145e-02
4.233742568292664377e-02
4.224034234971450058e-02
4.214148369842012076e-02
4.204072645171765682e-02
4.193798865302033468e-02
4.183321524553408610e-02
4.172636883032888183e-02
4.162068466708476744e-02
4.151773792496911419e-02
4.141595265271600518e-02
4.131432088701353367e-02
4.121219850663145751e-02
4.110917436066779951e-02
4.100498659815234731e-02
4.089946915460807020e-02
4.079251751174874790e-02
4.068406677735734306e-02
4.057542782577897023e-02
4.046725512017255305e-02
4.035891771446369070e-02
4.025001529804841938e-02
4.014029519098872428e-02
4.002959922588378988e-02
3.991782977689905393e-02
3.980492786706731068e-02
3.969085926455481056e-02
3.957560665658861609e-02
3.946051169315391294e-02
3.934625013027872459e-02
3.923220713619637173e-02
3.911799358088539902e-02
3.900336508916040640e-02
3.888817008223072191e-02
3.877231533942480934e-02
3.865574528762573403e-02
3.853842834832491016e-02
3.842034819380880234e-02
3.830283986316047884e-02
3.818657784574887998e-02
3.807095214960188462e-02
3.795557672754438366e-02
3.784020863017921454e-02
3.772469620065078966e-02
3.760894596954397762e-02
3.749290149221123220e-02
3.737652981438506494e-02
3.725981281118376925e-02
3.714407394378500121e-02
3.702998208520682372e-02
3.691693119745285967e-02
3.680453672421498540e-02
3.669255554030105559e-02
3.658083466968867908e-02
3.646927852239005563e-02
3.635782795605891488e-02
3.624644688946000726e-02
3.613511373971775575e-02
3.602513645303934836e-02
3.591717639897141351e-02
3.581063203358786362e-02
3.570512028420642914e-02
3.560039754768194731e-02
3.549630908702336440e-02
3.539275670519610034e-02
3.528967808881073448e-02
3.518703360434080607e-02
3.508479785441818294e-02
3.498387176703454671e-02
3.488469795340823354e-02
3.478683728206428960e-02
3.469000932344436239e-02
3.459403484950205471e-02
3.449879899181597376e-02
3.440422771187618550e-02
3.431027277098317591e-02
3.421690212747340726e-02
3.412409379973811024e-02
3.403272491819577666e-02
3.394322809765859539e-02
3.385517755276630514e-02
3.376830008587551613e-02
3.368241980400243918e-02
3.359742269735106757e-02
3.351323401459216367e-02
3.342980380943334773e-02
3.334709770524125344e-02
3.326509099188382224e-02
3.318463804763041591e-02
3.310616236883204277e-02
3.302924897684700323e-02
3.295363062114003982e-02
3.287913429061480042e-02
3.280564693506662910e-02
3.273309356270333315e-02
3.266142324232072097e-02
3.259060015440864988e-02
3.252059786709163985e-02
3.245225494196156413e-02
3.238599044602594179e-02
3.232139940777881831e-02
3.225822050301836719e-02
3.219628409221207688e-02
3.213547890775852317e-02
3.207573075676956736e-02
3.201698890117162660e-02
3.195921734327005631e-02
3.190238924548010474e-02
3.184511734368966618e-02
3.178669949452656018e-02
3.172775544386443464e-02
3.166867180765024770e-02
3.160968532561529709e-02
3.155093611190867842e-02
