5.618187145598925181e-01
5.624309138700513966e-01
5.628984418302914738e-01
5.631512370353604080e-01
5.631858858129253909e-01
5.630212905286845482e-01
5.626878256480426499e-01
5.622168247651381234e-01
5.616289535163189184e-01
5.609425321255374630e-01
5.601737111617565157e-01
5.593366606552955256e-01
5.584440998919938393e-01
5.575071760710760271e-01
5.565358119056724728e-01
5.555390115790956873e-01
5.544720769464169807e-01
5.534039925771599977e-01
5.523374743167234202e-01
5.512754520112476131e-01
5.502194305318086620e-01
5.491727154939538558e-01
5.481362315045400502e-01
5.471112569604968945e-01
5.460978608130864220e-01
5.450976708117546421e-01
5.440140043258074876e-01
5.429504645401200813e-01
5.419053877459825141e-01
5.408759908360651902e-01
5.398614741684572005e-01
5.388596182119533839e-01
5.378688055111339184e-01
5.368874800345952991e-01
5.359141436158614269e-01
5.349473512743632142e-01
5.338596435308443633e-01
5.327830312971845172e-01
5.317167143730753276e-01
5.306581187719358050e-01
5.296055420745452436e-01
5.285575794526966575e-01
5.275130643856390522e-01
5.264710218413676257e-01
5.254306359418521311e-01
5.243912268988535352e-01
5.232169263983000862e-01
5.220526502696221094e-01
5.208982193000517569e-01
5.197528227015445479e-01
5.186160167756971306e-01
5.174876099613707758e-01
5.163675866745028875e-01
5.152560559037233645e-01
5.141532157721281360e-01
5.130593285004674264e-01
5.118513508803601564e-01
5.106658381531191671e-01
5.095036940788816304e-01
5.083646864651970576e-01
5.072497692172526218e-01
5.061583187678128093e-01
5.050911361534679012e-01
5.040486159206176708e-01
5.030311598628143255e-01
5.020391474139930255e-01
5.009787885314341827e-01
4.999598404298727927e-01
4.989832481124188979e-01
4.980487897709342526e-01
4.971562638208407714e-01
4.963062204648769904e-01
4.954977767419597168e-01
4.947312465673042725e-01
4.940064989400626549e-01
4.933233579109769784e-01
4.926288964152006344e-01
4.919924818571981273e-01
4.914148470068259167e-01
4.908944770846980221e-01
4.904309284593978968e-01
4.900234538576113685e-01
4.896714590484219087e-01
4.893741240634236767e-01
4.891303222147823648e-01
4.889394937101170791e-01
4.887979425404582190e-01
4.887253233133861952e-01
4.887216568538700900e-01
4.887875724406882116e-01
4.889194418682596965e-01
4.891156366026037094e-01
4.893767606945088056e-01
4.896993916209243514e-01
4.900857322337521249e-01
4.905338218924210070e-01
4.910946894379197292e-01
4.917334867463111214e-01
4.924508926842210421e-01
4.932463432600137088e-01
4.941177522001722888e-01
4.950656635479419587e-01
4.960895266144093041e-01
4.971890386211053614e-01
4.983640907151044575e-01
4.996162046922236755e-01
5.009380698304004564e-01
5.023341597321275831e-01
5.038049840314936523e-01
5.053505797629117557e-01
5.069747471121532900e-01
5.086760854921822395e-01
5.104510908257618995e-01
5.123172361434358280e-01
5.142632475478824405e-01
5.162949119058849456e-01
5.182244165191006724e-01
5.202220127838496078e-01
5.222882605191004890e-01
5.244210429645177474e-01
5.266357358904415475e-01
5.289354081433682575e-01
5.314920531202592668e-01
5.340029559006322923e-01
5.365695671293027047e-01
5.392812831757999303e-01
5.418295803755867057e-01
5.444555962287390694e-01
5.471601742530578516e-01
5.499467152782424595e-01
5.528188971288722220e-01
5.557806077073650375e-01
5.588359021175923758e-01
5.619889771802281109e-01
5.652441577908028369e-01
5.686058914306553191e-01
5.717659439697960755e-01
5.750128886712290166e-01
5.783483186871876125e-01
5.817761258210585318e-01
5.853002245799705516e-01
5.889245619546500388e-01
5.926531271709584159e-01
5.964899632226752235e-01
6.004391797653193530e-01
6.045049670847792989e-01
6.083286232391496018e-01
6.122448492504953821e-01
6.162547500851570659e-01
6.203617095449219798e-01
6.245690805138999213e-01
6.288802222736767922e-01
6.332985283261249876e-01
6.378274500623031251e-01
6.424705176990482824e-01
6.472313594366453371e-01
6.517105596600880624e-01
6.562787484370642410e-01
6.609363234581606683e-01
6.656859840006770224e-01
6.705303891184946075e-01
6.754722102793696559e-01
6.805141670207459637e-01
6.856590538937122892e-01
6.909045289532803613e-01
6.962640062388877338e-01
7.013073965384110098e-01
7.064364183358587956e-01
7.116262904803928313e-01
7.168974304519506457e-01
7.222478415021027498e-01
7.276790689133264545e-01
7.331930265506290123e-01
7.387917025123903469e-01
7.444771718258439419e-01
7.502516054255149447e-01
7.557548462368037789e-01
7.613121514803061762e-01
7.669271128718407882e-01
7.725937015708806976e-01
7.783182106941770595e-01
7.840975520192723369e-01
7.899314282270444298e-01
7.958203065201872040e-01
8.017648328367810162e-01
8.077657798327146921e-01
8.134561015979209220e-01
8.191691243172182224e-01
8.248988771872285408e-01
8.306419024362070580e-01
8.363939132098708873e-01
8.421651950519739582e-01
8.479376420220486876e-01
8.537195396834709182e-01
8.595092566617192897e-01
8.653054841180688461e-01
8.707588860741389825e-01
8.761805678441343392e-01
8.815631692540856212e-01
8.592177505882218069e-01
8.599062207771374089e-01
8.605022843715799397e-01
8.610024012199990473e-01
8.619113096323022249e-01
8.623957472966233828e-01
8.626664855217425210e-01
8.628374616617717763e-01
8.629084852770335656e-01
8.628820418649471025e-01
8.627623105482778998e-01
8.625359932333362956e-01
8.622173495485576655e-01
8.618071195331674650e-01
8.613069508972925892e-01
8.607189830293504595e-01
8.599483080141687719e-01
8.590902748911075637e-01
8.581492588888481876e-01
8.571266314743808401e-01
8.560238051050238495e-01
8.548421964358172698e-01
8.535832013423643172e-01
8.522481773410586214e-01
8.508384308307284094e-01
8.493552076728154709e-01
8.476109895517982551e-01
8.457856476945621038e-01
8.438826362576880014e-01
8.419032808546563773e-01
8.398444496998864750e-01
8.377177908598900657e-01
8.355076944870515332e-01
8.332248338717823666e-01
8.308692298347559735e-01
8.284414241841351334e-01
8.256837182537209996e-01
8.228456022179954088e-01
8.199314833177575590e-01
8.169431690140407376e-01
8.138827774656380853e-01
8.107526733691416965e-01
8.075554267752677040e-01
8.042937855203833308e-01
8.009706554740670947e-01
7.975890851059215247e-01
7.938600567177315215e-01
7.900739292012064485e-01
7.862380992759268050e-01
7.823571272410437816e-01
7.784382108313672166e-01
7.744799358039393677e-01
7.704982353867957379e-01
7.664920868537872245e-01
7.624675266606965041e-01
7.584302291060748269e-01
7.541011279544653778e-01
7.497723840964092279e-01
7.454532531749351598e-01
7.411503362109965742e-01
7.368702270067012394e-01
7.326193940618104250e-01
7.284041011298283408e-01
7.242303538043598499e-01
7.201038636361407619e-01
7.160300243385661068e-01
7.117734767298370402e-01
7.075890710992062127e-01
7.034837139243796944e-01
6.994676418883309932e-01
6.955418948861763484e-01
6.917119071855470924e-01
6.879824708866704164e-01
6.843578437630005729e-01
6.808418172055170636e-01
6.774356145525504136e-01
6.739771648263040982e-01
6.706526767436790104e-01
6.674669149906202748e-01
6.644233361470011090e-01
6.615249976304109492e-01
6.587746039110559115e-01
6.561745266704620549e-01
6.537268176943002995e-01
6.514322929389421146e-01
6.492938114019891627e-01
6.472285413964625755e-01
6.453435656425092759e-01
6.436412062214993401e-01
6.421225608077855140e-01
6.407924077415408926e-01
6.396523534125297950e-01
6.387006918242614795e-01
6.379426291699559215e-01
6.373784969064283379e-01
6.370100389533764895e-01
6.368311894569073095e-01
6.368465260128735039e-01
6.370570780892346185e-01
6.374671045109706613e-01
6.380788378016669649e-01
6.388915881632720728e-01
6.399091248926068731e-01
6.411339977030742210e-01
6.425689324220525966e-01
6.442168798548129072e-01
6.459482314261014713e-01
6.478585569584974779e-01
6.499483092973907805e-01
6.522198605530403759e-01
6.546758513353478914e-01
6.573191983666607507e-01
6.601531022556114126e-01
6.631810562109076157e-01
6.664068560421887444e-01
6.698361316556964429e-01
6.732410685702625575e-01
6.768099667313419721e-01
6.805434959736930134e-01
6.844480713533366290e-01
6.885261571247126566e-01
6.927821207550219906e-01
6.972204782027482395e-01
7.018460284663847748e-01
7.066638661341685390e-01
7.116793961415379677e-01
7.165828584485709474e-01
7.216413624397127746e-01
7.268583546698332842e-01
7.322387822916698319e-01
7.377877647299785346e-01
7.435106233344889182e-01
7.494129079660937220e-01
7.555004218676887318e-01
7.617792458442547154e-01
7.682557624452649447e-01
7.745484465788082806e-01
7.809906145824848656e-01
7.875868446963767422e-01
7.943429337637085696e-01
8.012647555389103005e-01
8.083583227504822499e-01
8.156298354294312380e-01
8.230857204491239809e-01
8.307326656386471164e-01
8.385776507168277716e-01
8.461848453805271841e-01
8.539360019153746650e-01
8.618362276012512257e-01
8.698916153711763188e-01
8.781070894448751440e-01
8.864910785681154870e-01
8.950488002499958906e-01
9.037873721291243001e-01
9.127187640529804691e-01
9.218408118074309376e-01
9.306873618426001471e-01
9.396675323817191838e-01
9.487858639856783238e-01
9.580477397361649716e-01
9.674584454521656385e-01
9.770232479029358208e-01
9.867474479043920610e-01
9.966364171717365661e-01
1.006695624693290103e+00
1.016930656338813632e+00
1.026944697608222601e+00
1.037087417574270365e+00
1.047355367763052936e+00
1.057748827193905505e+00
1.068268721311387282e+00
1.078916372180818817e+00
1.089693335485876213e+00
1.100601041786271939e+00
1.111641685158433646e+00
1.122816381318553658e+00
1.133730903058096873e+00
1.144720530002393932e+00
1.155777193662649305e+00
1.166896613122560211e+00
1.178074895265993405e+00
1.189308267826092003e+00
1.200591946160939560e+00
1.211923939047206522e+00
1.223299034415628483e+00
1.234712357458136456e+00
1.245790987515886794e+00
1.256833604775207336e+00
1.267829776390641205e+00
1.278763831662330652e+00
1.179131660232402679e+00
1.176888822575404392e+00
1.174464764476071954e+00
1.171760180705174736e+00
1.168891640657583997e+00
1.165858730794826048e+00
1.162665568567683883e+00
1.159316253763000848e+00
1.155815837009940283e+00
1.152170061921719890e+00
1.148385089006799920e+00
1.144467425011972628e+00
1.140423844646665907e+00
1.136055492403589051e+00
1.131570865440524321e+00
1.126971514062072854e+00
1.122262465558102384e+00
1.117448768519526014e+00
1.112534676441053971e+00
1.107525265992632013e+00
1.102425404295713784e+00
1.097239742442203569e+00
1.091972690099829224e+00
1.086318316945191764e+00
1.080577327530474419e+00
1.074748945727959537e+00
1.068835371603236384e+00
1.062839037130848485e+00
1.056762867338129075e+00
1.050609797384373989e+00
1.044380837422235864e+00
1.038079442766937976e+00
1.031708293367264995e+00
1.024880389314912321e+00
1.017973985125015135e+00
1.010989275555644884e+00
1.003929704782374088e+00
9.967993804546079195e-01
9.896029226283482583e-01
9.823453630045461127e-01
9.750320751422132393e-01
9.676687232850257336e-01
9.602612219647506109e-01
9.523927232156580436e-01
9.444848231071867328e-01
9.365428491320010318e-01
9.285752576441205219e-01
9.205910757675049849e-01
9.125996715310418228e-01
9.045273033540679464e-01
8.965541463387972643e-01
8.885991604727057069e-01
8.807218485094173710e-01
8.724712795140194821e-01
8.642929599981432620e-01
8.561829350547676132e-01
8.481366128930870607e-01
8.401628405848124981e-01
8.322710971517284229e-01
8.244710281305649424e-01
8.167721314341025440e-01
8.091835472934941764e-01
8.017139194652541656e-01
7.940364765102037037e-01
7.864988674993760309e-01
7.791126280009899041e-01
7.718872806746017723e-01
7.648298426683461937e-01
7.579470632166765975e-01
7.512451343805954806e-01
7.447337907291555759e-01
7.384077304545161313e-01
7.322761258237374671e-01
7.260981509861589300e-01
7.201401462745792292e-01
7.144034648773974761e-01
7.088902403631349713e-01
7.035995310837472871e-01
6.985379352483902515e-01
6.937101778626240112e-01
6.891097616465460263e-01
6.847377477952627522e-01
6.806017818094626248e-01
6.765493721294661977e-01
6.727515725251170808e-01
6.692046645386184878e-01
6.659061685524381158e-01
6.628630590509598797e-01
6.600674987990271525e-01
6.575221993958640931e-01
6.552262557170810409e-01
6.531789038851132378e-01
6.513792411228133128e-01
6.498226841105932960e-01
6.485060877720384420e-01
6.474332442050648728e-01
6.466039607477747087e-01
6.460111441618370254e-01
6.456575419732804022e-01
6.455422296637194357e-01
6.456647531059594991e-01
6.460248359325416745e-01
6.466224060519097927e-01
6.473701794426087730e-01
6.483180742218034309e-01
6.494668650919018793e-01
6.508156952235568671e-01
6.523640011133724492e-01
6.541115255908775961e-01
6.560583301068020345e-01
6.582048059935659001e-01
6.605516850014445662e-01
6.631000496125937227e-01
6.656667754495880773e-01
6.683958016193318752e-01
6.712875262258319875e-01
6.743467703271438518e-01
6.775726020159823504e-01
6.809663394498185474e-01
6.845296415137379631e-01
6.882644882031294653e-01
6.921731906047312588e-01
6.962584004906585688e-01
7.002566541431139990e-01
7.043902449517602804e-01
7.086653196393242204e-01
7.130799132890999203e-01
7.176389986108516750e-01
7.223450234776747081e-01
7.272008981404233241e-01
7.322097936980841437e-01
7.373751617238583078e-01
7.426989465266353729e-01
7.478572862093874063e-01
7.531313627987213932e-01
7.585265404084016172e-01
7.640460843241736466e-01
7.696932832103158262e-01
7.754730384975768720e-01
7.813858528671029369e-01
7.874369989066165587e-01
7.936304724668564736e-01
7.999704953466705293e-01
8.060837124265224363e-01
8.122954085821827430e-01
8.186108786138093230e-01
8.250335814311641203e-01
8.315669004552460608e-01
8.382142408366067832e-01
8.449790941415611378e-01
8.518650818091696442e-01
8.588759849951428382e-01
8.660157657569026446e-01
8.728879970993044246e-01
8.798371700146749852e-01
8.868675399160120820e-01
8.939817755954824197e-01
9.011824195156710182e-01
9.084719702111656581e-01
9.158529344994941201e-01
9.233278600518884938e-01
9.308993553889174377e-01
9.385716258772403009e-01
9.460088343208103989e-01
9.534993922066060668e-01
9.610444362410841546e-01
9.686404255560013832e-01
9.762867050953318859e-01
9.839828575305789027e-01
9.917287199727864433e-01
9.995242752969848432e-01
1.007369578634554008e+00
1.015264706441572962e+00
1.022884123270647816e+00
1.030498478537712259e+00
1.038107723670377291e+00
1.045705636998993660e+00
1.053288847949916063e+00
1.060854046602537126e+00
1.068399245929594787e+00
1.075917340969823055e+00
1.083409391689978074e+00
1.090870062184441380e+00
1.097998059929527370e+00
1.105038019077604350e+00
9.651273778208872001e-01
9.635247541916042158e-01
9.618288715142182532e-01
9.600426503872508954e-01
9.581694825525223225e-01
9.560874153162037814e-01
9.539290680989103155e-01
9.516945590707991398e-01
9.493862903312064727e-01
9.470070018136798051e-01
9.445597478830993765e-01
9.420477124347637066e-01
9.394741076538531965e-01
9.368411896449553300e-01
9.341535615168499174e-01
9.311985464266318013e-01
9.281883568545324925e-01
9.251212695708048717e-01
9.219998286579328406e-01
9.188239049612699771e-01
9.155948969577922814e-01
9.123141609077319858e-01
9.089830041888911083e-01
9.056027098920952367e-01
9.021746241300629965e-01
8.984038869872194022e-01
8.945788755027199723e-01
8.906966898915005260e-01
8.867576086829651594e-01
8.827624452402883515e-01
8.787123205677745963e-01
8.746085422068962112e-01
8.704526256047078192e-01
8.662462484305005761e-01
8.619912261964521871e-01
8.573424839238358297e-01
8.526425870340456070e-01
8.478918045143927218e-01
8.430929633083462660e-01
8.382494905578238287e-01
8.333652492843690585e-01
8.284444117659504059e-01
8.234913698482818623e-01
8.185106692506792792e-01
8.135069593189837578e-01
8.081269978928347086e-01
8.027335961049825164e-01
7.973295400289701629e-01
7.919216208968371529e-01
7.865159798164729210e-01
7.811189933639978156e-01
7.757370695849459263e-01
7.703765419464699837e-01
7.650435944763700480e-01
7.597442079355712918e-01
7.541554332152248241e-01
7.486185674418402991e-01
7.431384055637438868e-01
7.377204371107974890e-01
7.323727743485215491e-01
7.270991039250814802e-01
7.219061696544391005e-01
7.167990355139960412e-01
7.117825675867186508e-01
7.068611758097751441e-01
7.017708003906290015e-01
6.967966880779887795e-01
6.919432700629705169e-01
6.872113557199094336e-01
6.826062071707492684e-01
6.781308733319765247e-01
6.737882550388580860e-01
6.695808489852033141e-01
6.655107386066136943e-01
6.615795935871633393e-01
6.576009807427614096e-01
6.537821370067967708e-01
6.501243556137860091e-01
6.466270192211298617e-01
6.432931589815639173e-01
6.401231738632222612e-01
6.371158130729132063e-01
6.342729997089407989e-01
6.315941605553050398e-01
6.290820446224912876e-01
6.266346493140443341e-01
6.243757080606877619e-01
6.222995726339085598e-01
6.204088898900576021e-01
6.187058635684231644e-01
6.171860754688952566e-01
6.158513538426870770e-01
6.147029835108266393e-01
6.137403222183875906e-01
6.129633424421664367e-01
6.123672966571567233e-01
6.119537687820941763e-01
6.117230279099155066e-01
6.116752949057332467e-01
6.118106391633358898e-01
6.121323935121502080e-01
6.126362301066733407e-01
6.133253334134310952e-01
6.142005289603048590e-01
6.152629217781661053e-01
6.164034686466950408e-01
6.176992562904393136e-01
6.191258383030038281e-01
6.207404834593608367e-01
6.225288576037727450e-01
6.244656693939660830e-01
6.266434007000084572e-01
6.290184723754470575e-01
6.315612348091002026e-01
6.342727577680169482e-01
6.369526608467609430e-01
6.397654855437439059e-01
6.427128187456569997e-01
6.457962916634428785e-01
6.490178051320748542e-01
6.523795189810845940e-01
6.558838476565634901e-01
6.595334600612227094e-01
6.633312824563928345e-01
6.672805036685629521e-01
6.711029801257591965e-01
6.750388141054165514e-01
6.790910322499307261e-01
6.832625066899796762e-01
6.875562062285665021e-01
6.919752340205804764e-01
6.965228558184531904e-01
7.012025219791159225e-01
7.060178855549339438e-01
7.109728180226831951e-01
7.157281264962961354e-01
7.205817710809090393e-01
7.255372864212737971e-01
7.305980555683532218e-01
7.357674573329183731e-01
7.410489298575897443e-01
7.464460154085272858e-01
7.519623928788747858e-01
7.576019024089046816e-01
7.633685650140958900e-01
7.688797393425899074e-01
7.744731929388737335e-01
7.801522086100731723e-01
7.859200577168633517e-01
7.917799386809619699e-01
7.977350511455428839e-01
8.037886459936174344e-01
8.099440596465421471e-01
8.162047382466649514e-01
8.225742553623763831e-01
8.286480725764648891e-01
8.347824379024328945e-01
8.409793961313628552e-01
8.472413105044646064e-01
8.535704487982831434e-01
8.599690397948821508e-01
8.664391417355300495e-01
8.729832847949996477e-01
8.796036314484374508e-01
8.863025098073843422e-01
8.927382166390509521e-01
8.992129650846052424e-01
9.057224433029761324e-01
9.122650429509827630e-01
9.188398386483135338e-01
9.254463304241574706e-01
9.320842763770376127e-01
9.387535826824966456e-01
9.454542302600899006e-01
9.521862249142326595e-01
9.586139189830999996e-01
9.650271544980278948e-01
9.714191465954331584e-01
9.777861935512048852e-01
9.841251773795426372e-01
9.904331386395284209e-01
9.967075132322676945e-01
1.002946026893577258e+00
1.009145864785188307e+00
1.015304294077677749e+00
1.021112361740208030e+00
1.026829833106324585e+00
1.032447536971044189e+00
9.405803811519092283e-01
9.395661604129217359e-01
9.384579533242186633e-01
9.372587687089556363e-01
9.359720207940076531e-01
9.346015354813718146e-01
9.330437538041718160e-01
9.314158415774925759e-01
9.297140276851377783e-01
9.279419839698135331e-01
9.261023547048677917e-01
9.241979122198079599e-01
9.222314949667268502e-01
9.202059547978078680e-01
9.181241166403664167e-01
9.159887453785543476e-01
9.136047388031371952e-01
9.111689625463725850e-01
9.086761454418700312e-01
9.061279926227233661e-01
9.035253131934829485e-01
9.008689707375345801e-01
8.981598392418894683e-01
8.953987679421718804e-01
8.925865612414807249e-01
8.897239681775604980e-01
8.865316084158472165e-01
8.832816052749440372e-01
8.799704052633150475e-01
8.765980440940638330e-01
8.731649555459713996e-01
8.696718685473683319e-01
8.661199420621343847e-01
8.625100204014827243e-01
8.588434829114020008e-01
8.551232790709106801e-01
8.510132645134265150e-01
8.468443367226778928e-01
8.426157745234906793e-01
8.383302072040724751e-01
8.339908034870879838e-01
8.296011243315267736e-01
8.251650208611224224e-01
8.206865608455570227e-01
8.161699734898713032e-01
8.116196060460261208e-01
8.066883163275709867e-01
8.017313613822437679e-01
7.967512715166366055e-01
7.917526136707140338e-01
7.867436391122241135e-01
7.817298292303204166e-01
7.767174010356980851e-01
7.717125511568202478e-01
7.667213632611311613e-01
7.617497538328769080e-01
7.564756456427328413e-01
7.512387337491389649e-01
7.460425870732962927e-01
7.408937664575815374e-01
7.357977251309977262e-01
7.307622186015626520e-01
7.257925731105059342e-01
7.208941966769989440e-01
7.160721658955534474e-01
7.113311662441929029e-01
7.064016986764556361e-01
7.015754903331458125e-01
6.968542144947423855e-01
6.922419097270929855e-01
6.877422251504211603e-01
6.833594770698279142e-01
6.790961571946011466e-01
6.749571471405382272e-01
6.709437760223271319e-01
6.670583178507417665e-01
6.631057893396955505e-01
6.593033878675090831e-01
6.556506657645696512e-01
6.521493176906349998e-01
6.488009630294766517e-01
6.456070260545482276e-01
6.425686753122219486e-01
6.396871353781929948e-01
6.369621668471819875e-01
6.343928764736502801e-01
6.318742040285793005e-01
6.295365316626400087e-01
6.273772457250464951e-01
6.253995353583078343e-01
6.236028903839556659e-01
6.219869734949968754e-01
6.205543364054677546e-01
6.193043713539313488e-01
6.182379371476200980e-01
6.173553580120239026e-01
6.166559688757990987e-01
6.161402561993488680e-01
6.158085138231470523e-01
6.156612148140374607e-01
6.156983547319928585e-01
6.159212057227010373e-01
6.163312281201398513e-01
6.169288290542462860e-01
6.177151161277227853e-01
6.186914126036331396e-01
6.197745315184298720e-01
6.210189155351637513e-01
6.224259583148905595e-01
6.239954948216915875e-01
6.257296560815285291e-01
6.276285081761865392e-01
6.296931947073043379e-01
6.319251541758686974e-01
6.343261146987621002e-01
6.368980995631678965e-01
6.394744696864687050e-01
6.421916133879969069e-01
6.450516650987220268e-01
6.480558526844579781e-01
6.512056935801336932e-01
6.545029942089236608e-01
6.579498508770397214e-01
6.615489554874975919e-01
6.653034170538943970e-01
6.692154435735979678e-01
6.730461010447990056e-01
6.770019051416810152e-01
6.810856847627927424e-01
6.852995314200860388e-01
6.896457664958050016e-01
6.941269564068242026e-01
6.987459243822931043e-01
7.035057605422455618e-01
7.084098311985437268e-01
7.134617879955692521e-01
7.183618973671743735e-01
7.233739561526504325e-01
7.285011564421124408e-01
7.337461200005176432e-01
7.391116217037554392e-01
7.446006262024232880e-01
7.502163134206721873e-01
7.559620972092859770e-01
7.618416398299930892e-01
7.678588640293819712e-01
7.736677610666454763e-01
7.795741713846007226e-01
7.855811477537893994e-01
7.916913809680375946e-01
7.979076459686219591e-01
8.042328500628098675e-01
8.106700644251056964e-01
8.172225451058265921e-01
8.238937474885137391e-01
8.306873367502697336e-01
8.372296011322891696e-01
8.438495609567304712e-01
8.505490735964342797e-01
8.573319389230450449e-01
8.641968630962237885e-01
8.711479162127480080e-01
8.781872865702438080e-01
8.853173074689864031e-01
8.925401890395656679e-01
8.998582039196125759e-01
9.068935863573995837e-01
9.139751932260852252e-01
9.211029835591294512e-01
9.282774982747696857e-01
9.354984740615138739e-01
9.427685098368208116e-01
9.500839849073738907e-01
9.574475304549711074e-01
9.648594215926694639e-01
9.723199745221138279e-01
9.795127240875501906e-01
9.867043492611589084e-01
9.938888066027425916e-01
1.001062112463894094e+00
1.008220992526875248e+00
1.015363322255459666e+00
1.022486320988444941e+00
1.029584778986599503e+00
1.036658063402171370e+00
1.043703310265673867e+00
1.050427229892013870e+00
1.057069089852808341e+00
1.063616557003121521e+00
9.753854311437668567e-01
9.743622248219604431e-01
9.732446401296117600e-01
9.720324946715421799e-01
9.707264133322254240e-01
9.693277194922442774e-01
9.678383914408719146e-01
9.662608953362128439e-01
9.644905148589836275e-01
9.626366920782002401e-01
9.607012070362942469e-01
9.586862441601063933e-01
9.565942504309811190e-01
9.544279878464084765e-01
9.521900778745411298e-01
9.498832934524040761e-01
9.475103289357621472e-01
9.450745525910327904e-01
9.423822963228517535e-01
9.396232038178661261e-01
9.367985400226920278e-01
9.339092958520208709e-01
9.309577111904143720e-01
9.279446766735155450e-01
9.248717783066046083e-01
9.217405644339278226e-01
9.185524674894329777e-01
9.153091132089291593e-01
9.117339047367907234e-01
9.080937421856971614e-01
9.043891916695051547e-01
9.006213717971268684e-01
8.967916689381882911e-01
8.929016870334407496e-01
8.889531959481472567e-01
8.849480989259548291e-01
8.808884121182346538e-01
8.767762516061019529e-01
8.722812934343783242e-01
8.677283444556362912e-01
8.631209142570872572e-01
8.584624543469591140e-01
8.537568140328262167e-01
8.490081206983874917e-01
8.442206951827879724e-01
8.393989901636708106e-01
8.345475433891136330e-01
8.296709405822220162e-01
8.244233609167289645e-01
8.191563532481472842e-01
8.138763536360748008e-01
8.085894096760847249e-01
8.033017362753299695e-01
7.980195723783568562e-01
7.927490809347493839e-01
7.874959620562020923e-01
7.822666466548471309e-01
7.770674264332663173e-01
7.715711832032220441e-01
7.661190970459623717e-01
7.607177980202534107e-01
7.553731943898686074e-01
7.500909020477969369e-01
7.448767299349150495e-01
7.397370024072129624e-01
7.346738408568753709e-01
7.296931978867650104e-01
7.247989075415955940e-01
7.197157985240369982e-01
7.147361042639086559e-01
7.098658173786646097e-01
7.051082100142801456e-01
7.004665464603485603e-01
6.959437011534697071e-01
6.915421733970830154e-01
6.872640665464878618e-01
6.831110812833000034e-01
6.790846334646277738e-01
6.749751919911864961e-01
6.710116059092837704e-01
6.671958958732248091e-01
6.635285597155997639e-01
6.600110805262859870e-01
6.566422276069494579e-01
6.534243545391932306e-01
6.503574714680365743e-01
6.474392278940996892e-01
6.446726095219448283e-01
6.419251596664496962e-01
6.393492467402283053e-01
6.369456695979800465e-01
6.347155552060391726e-01
6.326554383883794541e-01
6.307673429634587103e-01
6.290512334533648886e-01
6.275071524534456824e-01
6.261351459022164168e-01
6.249355966567969878e-01
6.239067506296703813e-01
6.230463799282959236e-01
6.223570621888775412e-01
6.218391550331109352e-01
6.214932159282903212e-01
6.213199617148736920e-01
6.213202792265423158e-01
6.214952389634399443e-01
6.218461102482443215e-01
6.223746827859887309e-01
6.230279805050997766e-01
6.238259192058743796e-01
6.247706033752525867e-01
6.258631517244033216e-01
6.271048911274826887e-01
6.284973676472701554e-01
6.300423606766442086e-01
6.317418934477959658e-01
6.335982416490564262e-01
6.356139412192739480e-01
6.376569859241938421e-01
6.398272766214406770e-01
6.421253980976704412e-01
6.445534066738181078e-01
6.471137074352653062e-01
6.498085559826630719e-01
6.526428093660940899e-01
6.556154037303717486e-01
6.587314422220649224e-01
6.619943492847687461e-01
6.652036400630328972e-01
6.685250691580645332e-01
6.719595765524888353e-01
6.755098017711520519e-01
6.791785666951690725e-01
6.829688776449457377e-01
6.868839301698328459e-01
6.909271155077783000e-01
6.951020283927131782e-01
6.994104634587986480e-01
7.035973837399868147e-01
7.078815175705358564e-01
7.122635030624807628e-01
7.167463496367718623e-01
7.213329293445996937e-01
7.260263307618141093e-01
7.308298153481372905e-01
7.357468219905102247e-01
7.407809739391311155e-01
7.459406874309912894e-01
7.509145011799029934e-01
7.559659536341670760e-01
7.610959935076043736e-01
7.663071968725643224e-01
7.716022541638676291e-01
7.769839777275100445e-01
7.824553086517925804e-01
7.880193227707997794e-01
7.936792360940030377e-01
7.994384099031291990e-01
8.049646513395279923e-01
8.105437313312578995e-01
8.161746463030373766e-01
8.218590952940300065e-01
8.275982160717373359e-01
8.333951454355210675e-01
8.392491638736105930e-01
8.451664705356746188e-01
8.511472371567219142e-01
8.571935681982341126e-01
8.629675524975091161e-01
8.687570758435476659e-01
8.745588510548979455e-01
8.803728359421169047e-01
8.861991079104619695e-01
8.920378037064130572e-01
8.978890783506419115e-01
9.037530760352355808e-01
9.096299087547146112e-01
9.155196399732857815e-01
9.211327098013454284e-01
9.267102119819914385e-01
9.322426857493900654e-01
9.377265153739658965e-01
9.431616740836372692e-01
9.485437349705260202e-01
9.538701227827238727e-01
9.591383791493436339e-01
9.643460240471163347e-01
9.694905076162441127e-01
9.743050545100471194e-01
9.790043223920742443e-01
9.835779382991879372e-01
9.801200064066384332e-01
9.794897747565549651e-01
9.787535116747092534e-01
9.779129435961192440e-01
9.769695107745599572e-01
9.758711274140839942e-01
9.746795087161734816e-01
9.733938347577956174e-01
9.720167498507029658e-01
9.705515172223845299e-01
9.689960968805998442e-01
9.673553339624890723e-01
9.656314733811972584e-01
9.638291979306401469e-01
9.619460860157090787e-01
9.598680654372607757e-01
9.577150810850548757e-01
9.554860481085696300e-01
9.531822354580464784e-01
9.508051089861183636e-01
9.483562424603525498e-01
9.458391765528243456e-01
9.432515688135324483e-01
9.405972680217015158e-01
9.378777735568954999e-01
9.349138240427045110e-01
9.318815882452893273e-01
9.287800093687390568e-01
9.256101058525061376e-01
9.223731540597619460e-01
9.190706110534513362e-01
9.157040660613648964e-01
9.122752100209151616e-01
9.087858166872760934e-01
9.052377310926497112e-01
9.014056449496089529e-01
8.975121650517077221e-01
8.935579264385362652e-01
8.895454658524385438e-01
8.854776563381683285e-01
8.813576163570553401e-01
8.771886474783738841e-01
8.729743444382884743e-01
8.687180076302527532e-01
8.644233352199290898e-01
8.598447437310707819e-01
8.552315702192790914e-01
8.505870452674968440e-01
8.459159980427063408e-01
8.412234683665760215e-01
8.365145991756832711e-01
8.317944309942886250e-01
8.270682701985563323e-01
8.223411966385197891e-01
8.176181625060758851e-01
8.126598403530393977e-01
8.077161915632393718e-01
8.027915994643393116e-01
7.978916703004366173e-01
7.930219784038867736e-01
7.881879598494375694e-01
7.833948424564598501e-01
7.786475996808184252e-01
7.739509205931678348e-01
7.693091909249729632e-01
7.645108567178677816e-01
7.597814895851706662e-01
7.551243913426108900e-01
7.505438312784694643e-01
7.460439036537551694e-01
7.416283604704049237e-01
7.373006327201765409e-01
7.330639298106262913e-01
7.289213581716232904e-01
7.248752620049989659e-01
7.207570060948040869e-01
7.167496377873372460e-01
7.128543256825429220e-01
7.090731388765616483e-01
7.054080032054448335e-01
7.018606189660374639e-01
6.984323704946042710e-01
6.951245110316072173e-01
6.919375465762254152e-01
6.888725683172536307e-01
6.858138722987411340e-01
6.828917248766748216e-01
6.801057358277925458e-01
6.774563880451028863e-01
6.749443003691987242e-01
6.725694774478934157e-01
6.703326728591354478e-01
6.682339139443649323e-01
6.662731384574736015e-01
6.644503583981190564e-01
6.627093200250271376e-01
6.611228680683455261e-01
6.596906275445588719e-01
6.584131188615811592e-01
6.572909000528922574e-01
6.563245754041453495e-01
6.555146070383895962e-01
6.548620304488944610e-01
6.543673109707223157e-01
6.540311793404131047e-01
6.538515775194762014e-01
6.538290248264895244e-01
6.539643369290467634e-01
6.542583035299839311e-01
6.547123503281793155e-01
6.553275758365910697e-01
6.561055860996758415e-01
6.570474112561093261e-01
6.581551068976495555e-01
6.594305706511400800e-01
6.607845331488555463e-01
6.622808346889899056e-01
6.639205112966909406e-01
6.657048037805097795e-01
6.676350528316278288e-01
6.697128476242156792e-01
6.719400191632430852e-01
6.743186458906962333e-01
6.768512763868417270e-01
6.795401662831177525e-01
6.822278011358371419e-01
6.850439704350683723e-01
6.879902739173917592e-01
6.910689630920279214e-01
6.942818669478395543e-01
6.976313294597784598e-01
7.011199157516557756e-01
