4.363649595870817965e-02
4.364779033494799870e-02
4.366026533079898214e-02
4.367310363800751272e-02
4.368729608500658557e-02
4.369874142736154821e-02
4.370921747323347484e-02
4.371885526099189567e-02
4.372775071150596105e-02
4.373597152775181990e-02
4.374317818184365186e-02
4.374922496486626650e-02
4.375433569599300465e-02
4.375865613210297433e-02
4.376228629025427641e-02
4.376529157676502246e-02
4.376771876673254957e-02
4.376959885734114930e-02
4.377095654762570148e-02
4.377181178254007515e-02
4.377193239062565633e-02
4.377122350842291287e-02
4.376983805725181975e-02
4.376787964533597475e-02
4.376541305539399795e-02
4.376248368286553281e-02
4.375912418602877219e-02
4.375535707816365083e-02
4.375119771752121467e-02
4.374665838268874257e-02
4.374146835239865749e-02
4.373550957636065245e-02
4.372894558771041329e-02
4.372188137863534940e-02
4.371438583096846908e-02
4.370650398435668021e-02
4.369826544596808887e-02
4.368969082865679920e-02
4.368079202490292995e-02
4.367157756832636128e-02
4.366173960944080834e-02
4.365114064419273882e-02
4.363995719455814742e-02
4.362830245242693000e-02
4.361624873586392170e-02
4.360384196645648164e-02
4.359111097176601723e-02
4.357807346058071435e-02
4.356473986147477856e-02
4.355111579014162709e-02
4.353685853477770595e-02
4.352181613160002738e-02
4.350618118267132739e-02
4.349007636262303828e-02
4.347357922575025707e-02
4.345673821492342798e-02
4.343958192695138859e-02
4.342212884713795434e-02
4.340438846354487817e-02
4.338636408974170383e-02
4.336768756927655150e-02
4.334819521167398992e-02
4.332809809936732232e-02
4.330752972825818725e-02
4.328657428386913086e-02
4.326528300829880075e-02
4.324368889928561360e-02
4.322181024646939984e-02
4.319965679141695575e-02
4.317723367423835501e-02
4.315415244489854280e-02
4.313024843469095981e-02
4.310574837371551615e-02
4.308079654319893481e-02
4.305548409662866838e-02
4.302986702736610186e-02
4.300398011976729051e-02
4.297784505980156711e-02
4.295147366300608449e-02
4.292487173158427566e-02
4.289764340060608916e-02
4.286962669827164285e-02
4.284106215353380293e-02
4.281210430296619046e-02
4.278285085917244573e-02
4.275336231996983150e-02
4.272367637071572410e-02
4.269381795833960408e-02
4.266380142692390715e-02
4.263363451319816116e-02
4.260292589295180260e-02
4.257152533669152084e-02
4.253968313721920996e-02
4.250755943864829162e-02
4.247525641274419589e-02
4.244283738354426294e-02
4.241034349656590263e-02
4.237780130988876709e-02
4.234522580467805358e-02
4.231262777805173264e-02
4.227963404273657466e-02
4.224611191177531089e-02
4.221231542010429882e-02
4.217840639986641244e-02
4.214448980655823018e-02
4.211063377540968933e-02
4.207688191459944826e-02
4.204326244439815508e-02
4.200979384480592327e-02
4.197648841932945241e-02
4.194362735608565818e-02
4.191134427830309900e-02
4.187950391416295909e-02
4.184802022706489433e-02
4.181683918645084236e-02
4.178592734846718615e-02
4.175526452079976469e-02
4.172483906894289968e-02
4.169464491086734281e-02
4.166467959160970874e-02
4.163551059212429462e-02
4.160737999971033524e-02
4.157996638259386230e-02
4.155306651519843214e-02
4.152655277878583573e-02
4.150034591438327147e-02
4.147439762163868809e-02
4.144867943398920090e-02
4.142317560024918327e-02
4.139787852604825263e-02
4.137304271909517800e-02
4.134879310985451611e-02
4.132500530459124605e-02
4.130160256329299534e-02
4.127853858004686127e-02
4.125578647128128745e-02
4.123333173700324816e-02
4.121116797355153794e-02
4.118929415564202140e-02
4.116771101740597516e-02
4.114667539399343571e-02
4.112631360783165768e-02
4.110650481697088882e-02
4.108717486510121697e-02
4.106827885252244126e-02
4.104978986234201349e-02
4.103169343225600979e-02
4.101398261886563673e-02
4.099665519771994449e-02
4.097971187255539105e-02
4.096340340792043594e-02
4.094785056995092071e-02
4.093293378997813620e-02
4.091857875018321128e-02
4.090473991846132334e-02
4.089139001857689665e-02
4.087851331304773878e-02
4.086610131637151422e-02
4.085415005849845488e-02
4.084265833764137710e-02
4.083186719573225071e-02
4.082189123938724518e-02
4.081261217439983990e-02
4.080395565550978820e-02
4.079587525142367582e-02
4.078834219878762352e-02
4.078133887164078070e-02
4.077485461765573138e-02
4.076888310303083268e-02
4.076342061955201546e-02
4.075869621596739378e-02
4.075481707310113499e-02
4.075166656303851748e-02
4.074917040616529013e-02
4.074728118899884760e-02
4.074596847921673620e-02
4.074521253020646494e-02
4.074500027067342461e-02
4.074532274990980141e-02
4.074617351079105193e-02
4.074768006659775649e-02
4.074989073211279095e-02
4.075272175170568945e-02
4.075611911326725706e-02
4.076004760328943988e-02
4.076448382820229560e-02
4.076941177766971180e-02
4.077482000493353603e-02
4.078069983620862676e-02
4.078704423509916382e-02
4.079396947826489928e-02
4.080151812504285991e-02
4.080961055685007610e-02
4.081819473257335823e-02
4.082723603105489762e-02
4.083671078125739040e-02
4.084660215311250453e-02
4.085689754887325553e-02
4.086758694846408246e-02
4.087866186143405273e-02
4.089022739376186460e-02
4.090232067590444942e-02
4.091486637544262950e-02
4.092781468637328446e-02
4.094113192202832041e-02
4.095479452826956968e-02
4.096878528378052747e-02
4.098309088943903611e-02
4.099770044017641418e-02
4.101260445747930555e-02
4.102789787388902432e-02
4.104361325449314146e-02
4.105967993999130178e-02
4.107605074368508857e-02
4.109269329291001527e-02
4.110958452310771449e-02
4.112670718556000332e-02
4.114404763309922192e-02
4.116159441707747946e-02
4.117933739932852499e-02
4.119714799398771499e-02
4.121498525738727381e-02
4.123293373939811851e-02
4.125104206193234979e-02
4.126933592962298697e-02
4.128782640811658189e-02
