-9.033305623528128936e-02
-8.824756779402273543e-02
-8.576577843393023981e-02
-8.286173373157235122e-02
-7.956120354171802855e-02
-7.591428625310875367e-02
-7.219416830723288103e-02
-6.829379802798585253e-02
-6.426940872136510663e-02
-6.017576399290872069e-02
-5.606427022558153200e-02
-5.198229393704523194e-02
-4.797274835839197837e-02
-4.407442312251084321e-02
-4.032140151317953336e-02
-3.674352049907421425e-02
-3.347652826845893409e-02
-3.044004936947198106e-02
-2.764293155240133554e-02
-2.509227633777008290e-02
-2.279237791916995798e-02
-2.074625265321657086e-02
-1.895409938015841372e-02
-1.741473795245419842e-02
-1.612542970660771693e-02
-1.508248636268826916e-02
-1.429410827919958861e-02
-1.373024693464469474e-02
-1.337780824715612688e-02
-1.322489807650585256e-02
-1.325903661443099055e-02
-1.346859331885329886e-02
-1.384199610636251479e-02
-1.436798772427716649e-02
-1.503565981041478372e-02
-1.583448316091167624e-02
-1.668989626726903944e-02
-1.763496699348422389e-02
-1.865479130868671898e-02
-1.973872633204596869e-02
-2.087637759326526829e-02
-2.205824795652921305e-02
-2.327567645521668241e-02
-2.452078699822245883e-02
-2.578643952163135744e-02
-2.706618335707838829e-02
-2.823790485896542773e-02
-2.938474425601021733e-02
-3.050002624025388576e-02
-3.157927789983412670e-02
-3.261888803462292818e-02
-3.361600672426504066e-02
-3.456845737819322362e-02
-3.547465882529587944e-02
-3.633355562747787870e-02
-3.714455531812704825e-02
-3.776652750025010635e-02
-3.831259761346488685e-02
-3.878289129943202074e-02
-3.917970140770207776e-02
-3.950368834691278530e-02
-3.976132020915350285e-02
-3.995417545502669143e-02
-4.008573211890014559e-02
-4.015961208104155966e-02
-4.017953743128428734e-02
-4.001124620102788909e-02
-3.977357521539588714e-02
-3.947122350655581091e-02
-3.911071088251460298e-02
-3.869854191514949387e-02
-3.823959727604039904e-02
-3.774374269939222148e-02
-3.721544150867710926e-02
-3.666074290282858583e-02
-3.608547065104183299e-02
-3.538684951502110709e-02
-3.466473797601675455e-02
-3.392493480091566399e-02
-3.317898878989337247e-02
-3.243340569335845247e-02
-3.169599236173001322e-02
-3.097356320866932744e-02
-3.027279937623312406e-02
-2.960262830055453154e-02
-2.896755352504105929e-02
-2.831854256902547468e-02
-2.771474877807066778e-02
-2.716496532555057880e-02
-2.667310418438942343e-02
-2.625143822134868438e-02
-2.590883792374597955e-02
-2.564823825949621300e-02
-2.548030554607992604e-02
-2.540446537397854365e-02
-2.542847512338543975e-02
-2.557907829326680482e-02
-2.585334214728222599e-02
-2.625597652657955458e-02
-2.679431917962828147e-02
-2.747642364347397531e-02
-2.830620267106051871e-02
-2.928833419580506234e-02
-3.042662272013288427e-02
-3.172414093358037757e-02
-3.318173909405469635e-02
-3.480275863216214516e-02
-3.658771904030270333e-02
-3.853717900877458302e-02
-4.065196848420805226e-02
-4.292882498550995574e-02
-4.536935926877746356e-02
-4.797586309558666412e-02
-5.073385068117178265e-02
-5.365141394989730861e-02
-5.672318229585991689e-02
-5.973073289425655241e-02
-6.283715593271003985e-02
-6.603882845787008293e-02
-6.933394939683601432e-02
-7.270721083919165495e-02
-7.615396686445090324e-02
-7.955350368032197694e-02
-8.310608200001190493e-02
-8.676073549450122324e-02
-9.050038799445897508e-02
-9.400418857945214146e-02
-9.750968974409066070e-02
-1.010147356045373868e-01
-1.045157904521085146e-01
-1.080100355731197920e-01
-1.114952677257957103e-01
-1.149698189614380417e-01
-1.184324910334194625e-01
-1.218825004155304481e-01
-1.253194313123787984e-01
-1.283926455135805944e-01
-1.313875793350854915e-01
-1.343085799630318600e-01
-1.371581614239730518e-01
-1.399391822331836066e-01
-1.426547796192589868e-01
-1.453083123359966977e-01
-1.479033105893854394e-01
-1.504434324880291329e-01
-1.529324264535945610e-01
-1.549950794896017559e-01
-1.569458478992172556e-01
-1.587941201095786625e-01
-1.605469814004036322e-01
-1.622114247038869972e-01
-1.637943167674413558e-01
-1.653023692490485086e-01
-1.667421144953588341e-01
-1.681198861836791791e-01
-1.694418046718182413e-01
-1.703301152667540674e-01
-1.711057605367099221e-01
-1.717808173239896430e-01
-1.723646856164835206e-01
-1.728663086301195917e-01
-1.732941763641888955e-01
-1.736563298875310191e-01
-1.739603670100101640e-01
-1.742158232982503330e-01
-1.744246853531354891e-01
-1.742279389178652826e-01
-1.739302133817989815e-01
-1.735536990569811755e-01
-1.731007223421602848e-01
-1.725820952637957539e-01
-1.720064930828889005e-01
-1.713818507318739526e-01
-1.707155222717542387e-01
-1.700143078284392650e-01
-1.692844809696278929e-01
-1.682362693630362616e-01
-1.671220241404091089e-01
-1.659497166517251709e-01
-1.647286501970212091e-01
-1.634630356517661476e-01
-1.621608917327773403e-01
-1.608286605101094946e-01
-1.594721281543037827e-01
-1.580966071074658419e-01
-1.567069507769395520e-01
-1.550473569375364624e-01
-1.533372385595215548e-01
-1.515857889243493739e-01
-1.497995975117719925e-01
-1.479853989037874518e-01
-1.461457276563526420e-01
-1.442905972580370011e-01
-1.424222914649230232e-01
-1.405455531511277389e-01
-1.386646455137282574e-01
-1.365626125091213561e-01
-1.344267872194402080e-01
-1.322657382968685791e-01
6.106646129404434686e-02
6.091444517157176830e-02
6.074860507732095238e-02
6.057749964638165646e-02
6.036516706429721768e-02
6.015719096192249232e-02
6.001009323328980460e-02
5.989706308504672699e-02
5.982130645091487953e-02
5.978805316259273167e-02
5.980202286443903059e-02
5.987003084593398028e-02
5.999499815632935301e-02
6.018147270812820859e-02
6.043364687248506395e-02
6.075539745755305365e-02
6.113135520437529974e-02
6.156878297340548367e-02
6.206721516410848571e-02
6.262642731996197198e-02
6.324599875785090475e-02
6.392531258051369070e-02
6.466355461121917059e-02
6.545971195061582593e-02
6.631257174683251321e-02
6.722072053055463958e-02
6.811518270405418629e-02
6.903713654779643216e-02
6.998214294447099859e-02
7.094601930806204715e-02
7.192524558993014516e-02
7.291397395392938685e-02
7.391099782487725589e-02
7.491072251766238421e-02
7.590941153851299417e-02
7.690332068366262375e-02
7.778136988847451916e-02
7.861695438369842304e-02
7.940559378986500327e-02
8.014336184974930888e-02
8.082671430169451054e-02
8.145247942106605132e-02
8.201784976559990670e-02
8.252037445961354911e-02
8.295795159939819974e-02
8.332882044839735880e-02
8.350041777074070082e-02
8.357113582640966765e-02
8.354098671916286578e-02
8.341061283520831426e-02
8.318084044746758277e-02
8.285507026590059609e-02
8.243259721788380456e-02
8.191765643551210396e-02
8.131300083795182931e-02
8.062177912793989931e-02
7.971467028975318114e-02
7.870027461926895618e-02
7.758494872618876270e-02
7.637538520862370561e-02
7.507856683158410649e-02
7.370168982739513930e-02
7.225209519135820935e-02
7.073720643704473066e-02
6.916447294748909180e-02
6.754131839531980763e-02
6.576510090513702778e-02
6.393337260055681481e-02
6.205764754455463106e-02
6.014622640053172292e-02
5.821110562822850998e-02
5.626212397547714072e-02
5.430888469658824019e-02
5.236066320602463658e-02
5.042634237333112196e-02
4.851541590330970405e-02
4.656903492410604389e-02
4.465246433076529298e-02
4.277744214452294108e-02
4.095444044523804950e-02
3.919338489387242525e-02
3.750357321744528238e-02
3.589363230473278932e-02
3.437149810957185192e-02
3.294516923877591208e-02
3.161982603408488440e-02
3.040144790250571410e-02
2.930096521656624931e-02
2.832868474686823027e-02
2.749312516213569049e-02
2.679989204517797124e-02
2.625546374109208325e-02
2.586758113695599229e-02
2.563859470894230830e-02
2.557337195896321885e-02
2.567505047517759653e-02
2.594821975122805699e-02
2.639321138670368619e-02
2.701159163743249020e-02
2.780181101171561031e-02
2.876364331381008055e-02
2.989791018910162995e-02
3.120252668233373244e-02
3.267582246188574513e-02
3.431577747177327192e-02
3.612005261373547188e-02
3.793166760547701105e-02
3.986846699448087783e-02
4.192376622957166843e-02
4.409138704975548717e-02
4.636546126945598895e-02
4.874041923968166351e-02
5.121098196798893470e-02
5.377215501739789766e-02
5.641922329633912436e-02
5.914705247474343758e-02
6.173060235280088126e-02
6.434354699316641168e-02
6.698157062241125170e-02
6.963854506759777074e-02
7.231171253157489542e-02
7.499775299261328410e-02
7.769390591595534690e-02
8.039785405322819045e-02
8.310768521850839252e-02
8.582185711521170268e-02
8.827102744478229623e-02
9.067184865931435245e-02
9.302417951513343441e-02
9.532843785399883196e-02
9.758541986515928413e-02
9.979625197457916985e-02
1.019623451571394779e-01
1.040853524190930024e-01
1.061671299635440213e-01
1.082097022302575123e-01
1.099245219789412309e-01
1.115508289864339392e-01
1.130930344331635001e-01
1.145556672845898516e-01
1.159432707002849422e-01
1.172603810235578192e-01
1.185115050922791596e-01
1.197010981368617222e-01
1.208335436658864587e-01
1.219131360248092155e-01
1.226522448203129501e-01
1.232930580855150088e-01
1.238426478072888332e-01
1.243078112734259388e-01
1.246954126142179181e-01
1.250109008648682130e-01
1.252606014624679520e-01
1.254496055560223311e-01
1.255830966840953133e-01
1.256695763593044801e-01
1.254372116152239758e-01
1.251135090249685111e-01
1.247064200848194554e-01
1.242233840592185112e-01
1.236713651456084750e-01
1.230568798240729983e-01
1.223860184234098758e-01
1.216644635532147939e-01
1.208975071280535274e-01
1.200900669175575392e-01
1.190443051165908789e-01
1.179328549701033069e-01
1.167610744970327546e-01
1.155341375020390304e-01
1.142570396848605757e-01
1.129345336398989985e-01
1.115710953125011451e-01
1.101711592749904239e-01
1.087380950472272984e-01
1.072753229368937911e-01
1.056141045578801313e-01
1.039009841763357950e-01
1.021403560091336399e-01
1.003365160465344574e-01
9.849366107082969946e-02
9.661583562050285456e-02
9.470643557787777889e-02
9.277020417651042627e-02
9.081011703683093683e-02
8.882924860887750351e-02
8.668975608511525488e-02
8.451258586582327537e-02
8.230366747530297455e-02
8.006592743692481084e-02
-6.101595262494168351e-03
-5.745416299988157297e-03
-5.449849810465825194e-03
-5.216318811591604855e-03
-5.050755745942230382e-03
-4.957788007103788343e-03
-4.943696740846431972e-03
-5.009257221691432171e-03
-5.160412745165356141e-03
-5.401064863486675950e-03
-5.734955412216217671e-03
-6.165630494557974503e-03
-6.696416304426224854e-03
-7.290620070796748932e-03
-7.974135473121288925e-03
-8.747111117061535934e-03
-9.612942006669353626e-03
-1.056421427932532041e-02
-1.160361914446809105e-02
-1.273018790977381229e-02
-1.394271926863851693e-02
-1.523976541128794007e-02
-1.661962753453263830e-02
-1.800321202638805601e-02
-1.943953490867972311e-02
-2.092438047932506165e-02
-2.245318639118143098e-02
-2.402134552513209703e-02
-2.562919585434588962e-02
-2.726261329794580843e-02
-2.892111504396553331e-02
-3.060031182716089343e-02
-3.229554318282111536e-02
-3.388946106214969778e-02
-3.545716410517010808e-02
-3.699361191502990864e-02
-3.849368121158446010e-02
-3.995262929114867800e-02
-4.136609674181283836e-02
-4.273011199501740298e-02
-4.404109615742996670e-02
-4.529586709507414655e-02
-4.649164209061918546e-02
-4.748551272280351898e-02
-4.837925257431639758e-02
-4.917222769427610773e-02
-4.986383971267883963e-02
-5.045412513724754910e-02
-5.094371032686179773e-02
-5.123618545478155623e-02
-5.145853879292431460e-02
-5.164985612792897390e-02
-5.215656484652695518e-02
-5.249511754289299531e-02
-5.268986652195091491e-02
-5.274350393204305792e-02
-5.266330787246127632e-02
-5.245428300595068177e-02
-5.212208667047792121e-02
-5.167288899407096459e-02
-5.111326024756732839e-02
-5.045007549439062267e-02
-4.969043103746658557e-02
-4.868212344501599703e-02
-4.755983393545460541e-02
-4.633372642190998481e-02
-4.501351810239340168e-02
-4.360946165435979072e-02
-4.213167845562990066e-02
-4.059011361208168106e-02
-3.899377620722839499e-02
-3.735372072988125958e-02
-3.567832688540322622e-02
-3.383843538303776821e-02
-3.195554798068658831e-02
-3.004187129815664992e-02
-2.810874430635219162e-02
-2.616698225014381374e-02
-2.422583042319090968e-02
-2.229418077922853958e-02
-2.038206867548330442e-02
-1.849757229023179031e-02
-1.664749533010862967e-02
-1.473936232829760849e-02
-1.286635274414202508e-02
-1.103922895905883050e-02
-9.267181819188050063e-03
-7.557886422964761944e-03
-5.919833363790072064e-03
-4.359617183103200663e-03
-2.883658900626343783e-03
-1.497664257934369072e-03
-2.067126547125595123e-04
9.819447349789503163e-04
2.066463161651210800e-03
3.044253086742414703e-03
3.912914394802584697e-03
4.669510337557435109e-03
5.312798760904987108e-03
5.841356929257262957e-03
6.254171732200015238e-03
6.550543163968670923e-03
6.730053286425093442e-03
6.788084667379627041e-03
6.740492409186659220e-03
6.591694241981750982e-03
6.345321069010839699e-03
6.004832840202978250e-03
5.573510917272665212e-03
5.054452250884983004e-03
4.450565184667834920e-03
3.764566695139567442e-03
2.998980511686573369e-03
2.199482164885553561e-03
1.346358325706323430e-03
4.437826496357312640e-04
-5.039181897827588533e-04
-1.493895468840313653e-03
-2.523400491321423945e-03
-3.590071959425982472e-03
-4.691916366413763015e-03
-5.827282476224517754e-03
-6.994837505141340492e-03
-8.113715006915002068e-03
-9.234170899636833657e-03
-1.035430916305628626e-02
-1.147399001167313977e-02
-1.259226739832213643e-02
-1.370899215281833408e-02
-1.482428833971211925e-02
-1.593854847292633034e-02
-1.705240232878925052e-02
-1.816703862759732474e-02
-1.917982790165271428e-02
-2.016212884870350816e-02
-2.111551241544542754e-02
-2.204178530635887354e-02
-2.294292271424369992e-02
-2.382068209913903653e-02
-2.467798462824465772e-02
-2.551678321266610816e-02
-2.633943251312357431e-02
-2.714833288772593861e-02
-2.783273776906958208e-02
-2.847359555875044954e-02
-2.907450671997676567e-02
-2.963893141052387561e-02
-3.017029578678930360e-02
-3.067197500849864339e-02
-3.114727925593968605e-02
-3.159944270203715599e-02
-3.203161523019848467e-02
-3.244685663280381244e-02
-3.273581049230672724e-02
-3.298005965274315721e-02
-3.318402517883434905e-02
-3.335178174181516186e-02
-3.348724368778915883e-02
-3.359416111360426921e-02
-3.367611802353544237e-02
-3.373653241245266193e-02
-3.377865804548277340e-02
-3.380532767783183540e-02
-3.373022924881286660e-02
-3.362129097686457346e-02
-3.348143157296866457e-02
-3.331416380721032022e-02
-3.312267160789866827e-02
-3.290998088589135867e-02
-3.267896836890667872e-02
-3.243236734495576201e-02
-3.217277396340968709e-02
-3.190265383814290534e-02
-3.154398142514473063e-02
-3.115760733070733340e-02
-3.074624418869255013e-02
-3.031316221170243450e-02
-2.986145339033864990e-02
-2.939409925532289122e-02
-2.891388310827828698e-02
-2.842385094547704091e-02
-2.792658536749954498e-02
-2.742472874667213276e-02
-2.685546893512364905e-02
-2.626921588293233689e-02
4.576828279718950232e-02
4.566535335154395248e-02
4.560281136181088685e-02
4.558652500894639498e-02
4.562225856505822824e-02
4.568575276876159219e-02
4.580178077287839350e-02
4.597331227589373376e-02
4.620302911604877438e-02
4.649343867338379815e-02
4.684687632556966408e-02
4.726598680347999376e-02
4.775176543425893594e-02
4.830884516048973565e-02
4.893395284389319422e-02
4.956493151910697226e-02
5.024994297210383376e-02
5.098962838765624256e-02
5.177735548996115211e-02
5.261401717606321166e-02
5.349783052579795001e-02
5.442691288532266330e-02
5.539927646916548154e-02
5.641339863319688730e-02
5.746606610952602334e-02
5.845776755567793498e-02
5.945395442799333852e-02
6.045497554668422674e-02
6.145709912986015849e-02
6.245692330151011301e-02
6.345113647517412747e-02
6.443660860809945212e-02
6.541037878323165133e-02
6.636965681156727082e-02
6.731182407847963178e-02
6.810693243414725484e-02
6.884515267408107542e-02
6.952948958253923895e-02
7.015796562516821155e-02
7.072914777805104636e-02
7.124200702514789374e-02
7.169588749915892234e-02
7.209048026677239429e-02
7.242579977677139624e-02
7.270216180895314184e-02
7.276941792028270017e-02
7.274308173350191309e-02
7.263670116811968280e-02
7.244732644701457058e-02
7.217792097025989284e-02
7.183177274036441073e-02
7.141244714261905935e-02
7.092373381250670350e-02
7.036959946702438240e-02
6.975414530412271663e-02
6.892879259862955132e-02
6.802334997306040687e-02
6.704460014363898546e-02
6.599948170316798091e-02
6.489228408650203617e-02
6.373798320721059396e-02
6.253675107410777700e-02
6.129506452510395664e-02
6.001923594436406328e-02
5.871540194095548754e-02
5.725238745465913853e-02
5.575153348285333266e-02
5.422008825547507821e-02
5.267214338723076594e-02
5.111341199779320665e-02
4.955009556816208222e-02
4.798928204869153807e-02
4.643766938332710009e-02
4.490154227676617510e-02
4.338675900875652719e-02
4.179402773956104183e-02
4.021918045345314330e-02
3.867328516103541586e-02
3.716182189105225742e-02
3.569664391423001126e-02
3.428647038214534259e-02
3.292152422051670968e-02
3.162266038859445905e-02
3.038463336835024731e-02
2.922174404629563488e-02
2.807277384275611715e-02
2.699916255735964818e-02
2.600968164594789564e-02
2.510879932569546127e-02
2.429924507526021876e-02
2.358963888389319433e-02
2.297941331744000198e-02
2.247621370943741689e-02
2.208052280410362569e-02
2.179452284004310472e-02
2.162229848535978868e-02
2.156312859532121332e-02
2.161756396036048841e-02
2.178573501147290301e-02
2.206623363228962104e-02
2.245932140598819529e-02
2.296645993415071321e-02
2.358487517928825605e-02
2.431334249623796906e-02
2.515044725622253910e-02
2.604182303693620276e-02
2.701756543502296243e-02
2.806915022675997989e-02
2.920822794230518507e-02
3.041132440654030142e-02
3.168761912774428757e-02
3.300045596859564612e-02
3.438543831840054632e-02
3.584436726183466704e-02
3.737332956268844819e-02
3.886387326498568634e-02
4.038786469566615911e-02
4.194099939349804629e-02
4.351955855709613297e-02
4.512034534635351452e-02
4.674064082019514094e-02
4.837816368903230524e-02
5.003103336008888485e-02
5.169773595795001953e-02
5.337709308590381230e-02
5.492516983705394290e-02
5.644841867794486712e-02
5.794672192479993073e-02
5.942010940860227575e-02
6.086894311182267092e-02
6.229387782070558433e-02
6.369582385943087233e-02
6.507591253918812435e-02
6.643546465933466982e-02
6.777596216693899944e-02
6.893535209181332613e-02
7.003971362680683210e-02
7.109240093387705905e-02
7.209643274470482754e-02
7.305488896867781690e-02
7.397088842019637622e-02
7.484756733873590417e-02
7.568805976162827631e-02
7.649548028715295878e-02
7.727290942202418023e-02
7.785469105035890125e-02
7.837250499542368354e-02
7.883166645980461962e-02
7.923677957246129389e-02
7.959229025419367609e-02
7.990248303805677632e-02
8.017147734141635840e-02
8.040322435676093560e-02
8.060150515017738826e-02
8.076993020346535934e-02
8.075136778501297574e-02
8.067153542231726704e-02
8.053636292897056737e-02
8.035087794127429572e-02
8.011983328094325618e-02
7.984771539222423886e-02
7.953909655617825980e-02
7.919726843580313091e-02
7.882576613414901678e-02
7.842925808485617933e-02
7.788636295781536933e-02
7.729611709558600885e-02
7.666280715853147909e-02
7.599027837999519641e-02
7.528222184824191754e-02
7.454215324241250662e-02
7.377340388803517446e-02
7.297911948675007976e-02
7.216226358875951763e-02
7.132562394458101529e-02
7.036399514349638007e-02
6.936273370008397277e-02
6.832581974288100268e-02
6.725688775664379060e-02
6.615947610971016635e-02
6.503742530845428582e-02
6.389263998072934603e-02
6.273000152145438713e-02
6.155184245338277821e-02
6.036123150295021750e-02
5.907353167800511590e-02
5.775903245747013998e-02
5.642245995176074086e-02
8.594137269527547807e-03
9.025725845494873834e-03
9.422485541582717450e-03
9.776021655441917077e-03
1.007817380850830995e-02
1.032098224373743066e-02
1.049233062026646429e-02
1.059616727636859823e-02
1.063060832428339500e-02
1.058998053886570437e-02
1.047048687488669194e-02
1.026859184283155334e-02
9.981039195136863842e-03
9.604857166648692740e-03
9.137359171570068328e-03
8.576142732135366362e-03
7.950150500740306436e-03
7.241125343130269156e-03
6.454577899856591555e-03
5.588886087808908089e-03
4.645234112205182467e-03
3.624931400669256960e-03
2.529422035452542732e-03
1.360283395762521821e-03
1.192209240682007699e-04
-1.191938878680023732e-03
-2.503218838005286453e-03
-3.855543288540179934e-03
-5.245303201155447105e-03
-6.668775695803297841e-03
-8.122338671930264681e-03
-9.602474073294675616e-03
-1.110617088630355166e-02
-1.262935981704197894e-02
-1.416924436773484355e-02
-1.572795030389606899e-02
-1.719102798055613390e-02
-1.863108603262933483e-02
-2.004499082374328750e-02
-2.142978125581630061e-02
-2.278284126275990917e-02
-2.410188378102286547e-02
-2.538493635997523395e-02
-2.663032763378388179e-02
-2.783667414836525980e-02
-2.900286726414448221e-02
-3.000135842785791457e-02
-3.092485580953164767e-02
-3.177347059165182980e-02
-3.254188781614445608e-02
-3.324295577573917887e-02
-3.387193024322749518e-02
-3.443037353480292440e-02
-3.492010788642095631e-02
-3.534318309661628466e-02
-3.570184345371536783e-02
-3.585847145020901183e-02
-3.592269784217792111e-02
-3.589842053887667972e-02
-3.579168535208038932e-02
-3.560008842236424970e-02
-3.534129254503413226e-02
-3.501344386804693815e-02
-3.462134689080836186e-02
-3.416979439359434101e-02
-3.366353372946970235e-02
-3.295954519783908521e-02
-3.218962810199111485e-02
-3.135310132962400992e-02
-3.045670567566685985e-02
-2.950562014070629013e-02
-2.850954469493201943e-02
-2.746780969086775812e-02
-2.639802103747425702e-02
-2.529939273338948844e-02
-2.417759151292897188e-02
-2.291116332740262759e-02
-2.161050685877865044e-02
-2.028362259140323309e-02
-1.893775815615595520e-02
-1.757984219331435935e-02
-1.621644709559638686e-02
-1.485376656930989872e-02
-1.349539209519869977e-02
-1.215074362754619067e-02
-1.081924900217702545e-02
-9.410543286821438508e-03
-8.018431990546710103e-03
-6.645587432771852751e-03
-5.303294422842425200e-03
-3.995537512435078271e-03
-2.726564354747379806e-03
-1.504853676171965214e-03
-3.313511511273425393e-04
7.845393094639555509e-04
1.841211368634161974e-03
2.834702062508227469e-03
3.762174782146408911e-03
4.620872002926375982e-03
5.408337017101754081e-03
6.122897581648658466e-03
6.763246485318001600e-03
7.324913339168700674e-03
7.808199954467914469e-03
8.211880835092761829e-03
8.534939777691959509e-03
8.759598160791975605e-03
8.912849923287790438e-03
8.996963604021367827e-03
9.014254028170761920e-03
8.966196366798736411e-03
8.854939441438867270e-03
8.682169166123059750e-03
8.449426921457982298e-03
8.158106431451423238e-03
7.809453426366419655e-03
7.429689343844197644e-03
7.014156678106920999e-03
6.565186609974707661e-03
6.084857759226900038e-03
5.574907450584694162e-03
5.036756353768156134e-03
4.471531950491904744e-03
3.880358740221062381e-03
3.265674661405765320e-03
2.625776319317731783e-03
2.019545767144035556e-03
1.413751639592535601e-03
8.084215288459771324e-04
2.034899382927470501e-04
-4.013861830669307506e-04
-1.006792720803611737e-03
-1.613527530412963568e-03
-2.222573141442256168e-03
-2.835072729920276244e-03
-3.452309093156477517e-03
-3.994379055305715895e-03
-4.515439220686470398e-03
-5.017841293615603500e-03
-5.503777059384334751e-03
-5.975540199415038840e-03
-6.435499174312770722e-03
-6.886074315362819033e-03
-7.329718737137387412e-03
-7.768902651128545452e-03
-8.206100706138192216e-03
-8.550509782006367188e-03
-8.868530914220639633e-03
-9.164024146079953470e-03
-9.440475207008212910e-03
-9.701303691020115791e-03
-9.949849658860816792e-03
-1.018936353589331920e-02
-1.042299897392443171e-02
-1.065380829068061398e-02
-1.088474013442785465e-02
-1.102332265924534267e-02
-1.113947842158810597e-02
-1.123807533232469395e-02
-1.131764383731369457e-02
-1.139309809400914676e-02
-1.146211756290891649e-02
-1.152810285597138766e-02
-1.159426781381545958e-02
-1.166628108690593094e-02
-1.174428999179114030e-02
-1.174327686007565173e-02
-1.172906765087191987e-02
-1.170599837020030315e-02
-1.167569864562570739e-02
-1.164618082347620640e-02
-1.161302867805102078e-02
-1.159068765889130666e-02
-1.157626123212136468e-02
-1.157251981270140083e-02
-1.158202760791447739e-02
-1.154406487124543142e-02
-1.150920907261757456e-02
-1.148078359213322575e-02
-1.146165847451111747e-02
-1.145454145274820562e-02
-1.145906289324226564e-02
-1.147926556756074384e-02
-1.152349026272376543e-02
-1.158901208892345290e-02
-1.167785785436002179e-02
-1.174169278268677973e-02
-1.181783039569900100e-02
-1.191874472045927925e-02
4.722016049916706593e-02
4.729954513058167581e-02
4.740557843385934805e-02
4.754272094975569435e-02
4.771559879280934391e-02
4.792895705366432418e-02
4.818793304503615760e-02
4.849684934933474328e-02
4.882286686677236864e-02
4.919402117246204909e-02
4.961291527558359810e-02
5.008190716456151909e-02
5.060319210468677137e-02
5.117906119564848838e-02
5.181090986739201459e-02
5.250052277418597313e-02
5.325100404103853130e-02
5.406041845617669261e-02
5.485934439576314187e-02
5.569772765357990790e-02
5.657460011823470941e-02
5.749001137719404048e-02
5.843858905910438023e-02
5.942042074381892469e-02
6.043375427684487267e-02
6.147664201569540826e-02
6.254703980046627532e-02
6.364333821507615896e-02
6.465783467474160717e-02
6.566139960719033497e-02
6.665350700311731269e-02
6.763096075281395392e-02
6.859074719122501551e-02
6.953002062369827152e-02
7.044610227232775412e-02
7.133648118671376270e-02
7.219881622583487757e-02
7.303093850325000080e-02
7.369424951968385484e-02
7.429074431817332680e-02
7.481945860521581337e-02
7.527941928011745720e-02
7.567005707180510243e-02
7.599117566543849012e-02
7.624292474639499106e-02
7.642577537209441219e-02
7.654049669826064328e-02
7.658813347574380814e-02
7.641664696761377162e-02
7.614877856923088495e-02
7.578837697248649863e-02
7.533913068384694156e-02
7.480506045221878286e-02
7.419045702790824648e-02
7.349982638224725195e-02
7.273695501710887579e-02
7.190844120531111883e-02
7.101429126802567826e-02
6.991479040469029960e-02
6.873628149826069289e-02
6.748696038680915277e-02
6.617443555507498965e-02
6.480542510093649511e-02
6.338919163757622544e-02
6.192820705326972791e-02
6.043827176600780754e-02
5.892180953079968059e-02
5.738555522383780721e-02
5.569851293030196604e-02
5.399047217563345685e-02
5.226519622304742763e-02
5.053420020591989359e-02
4.880457634930607247e-02
4.708436050084189445e-02
4.538113262593338609e-02
4.370199272101698423e-02
4.205354636108388916e-02
4.043984553477217997e-02
3.877460220083309150e-02
3.715182338996932121e-02
3.557604785687106669e-02
3.405686512633846613e-02
3.259775799973319704e-02
3.121194982618291647e-02
2.989903057061694611e-02
2.867028543276447378e-02
2.752692778775901045e-02
2.647248191581868734e-02
2.546657043751779717e-02
2.456189238996769192e-02
2.376330991744580318e-02
2.307813829771030237e-02
2.251150358237348839e-02
2.206621899076328594e-02
2.174554495044372926e-02
2.155212384145628948e-02
2.148801077153545888e-02
2.155408396471223537e-02
2.175445458707847210e-02
2.208805978920272764e-02
2.255375781509717792e-02
2.315070714396837842e-02
2.387773229606981323e-02
2.473335288081876179e-02
2.571581519135434854e-02
2.682312301010292971e-02
2.805306736809944773e-02
2.940331736193324552e-02
3.079666205720831690e-02
3.227451189692570610e-02
3.383205618853071805e-02
3.546416630259026370e-02
3.716603443180145627e-02
3.893315922073520285e-02
4.076133627380324614e-02
4.264664827920506412e-02
4.458545489887148772e-02
4.657438255928704474e-02
4.848012041656205723e-02
5.039143190743703565e-02
5.230477574280967962e-02
5.421716712911855973e-02
5.612622767637415189e-02
5.802971741973184105e-02
5.992957401801281975e-02
6.181771739938625443e-02
6.369658918372791967e-02
6.556557668789401994e-02
6.725595722776264718e-02
6.889234545233992313e-02
7.047563469930062663e-02
7.200698322702335508e-02
7.348786608515205099e-02
7.492002130526702330e-02
7.630540260290571974e-02
7.764613793492122773e-02
7.894449333189818008e-02
8.019766092474374386e-02
8.122980313822723841e-02
8.218177884554597745e-02
8.305797679671562961e-02
8.386318655188040871e-02
8.460175876812420226e-02
8.527816286718201133e-02
8.589682581684773832e-02
8.646210435949835960e-02
8.697826357207782966e-02
8.745648810317760424e-02
8.769731792995104358e-02
8.785800509151900362e-02
8.794429573004526601e-02
8.796236173585755824e-02
8.791814938713662930e-02
8.781736419640572000e-02
8.766546096181508652e-02
8.746763799905696302e-02
8.722883482723477189e-02
8.695373273734079145e-02
8.646405199889858895e-02
8.590656973794584539e-02
8.528835975055960861e-02
8.461589931978077961e-02
8.389415280453349499e-02
8.313127657466402864e-02
8.232371796754879567e-02
8.149224007118523183e-02
8.063355430850926986e-02
7.975208877187998924e-02
7.869023911033784513e-02
7.757913589821111011e-02
7.642534538258050070e-02
7.523483158777635738e-02
7.401318161842956878e-02
7.276560899089032364e-02
7.149696274096022097e-02
7.021174017062632722e-02
6.891410189624942728e-02
6.760788827676489365e-02
6.617623810802349127e-02
6.471886809273598440e-02
6.323867486770912150e-02
6.173705163976746929e-02
6.023125833957093667e-02
5.871767794633042659e-02
5.720026300956566889e-02
5.568267239702944654e-02
5.416832967781955860e-02
5.266043334000645310e-02
5.106511812252922250e-02
4.946343130802998561e-02
4.786000798560424013e-02
3.066878099431602153e-03
3.541965624644692091e-03
3.967103863465362180e-03
4.337716764253932850e-03
4.649518969742822555e-03
4.892653556792783166e-03
5.073060469373636208e-03
5.188860126701991780e-03
5.237720527841409866e-03
5.217105095645093067e-03
5.127735827052705420e-03
4.966937422685729561e-03
4.733484432072853666e-03
4.424258700106219883e-03
4.042184039071383163e-03
3.603712537980466833e-03
3.100316288808944304e-03
2.533392203675048377e-03
1.904269174117636208e-03
1.214343309397937281e-03
4.650799450921655216e-04
-3.451228596006799230e-04
-1.208576867403089727e-03
-2.126614244700615001e-03
-3.097468276329320459e-03
-4.075779267805482511e-03
-5.085961403849653326e-03
-6.124847782690272073e-03
-7.189393382312702849e-03
-8.276633995993498000e-03
-9.383687323471357269e-03
-1.050775473587396702e-02
-1.164612350771642921e-02
-1.279616939229086779e-02
-1.395535944063690248e-02
-1.505593421164258539e-02
-1.613931531310568504e-02
-1.720285204548254246e-02
-1.824409350506314698e-02
-1.926083447193067608e-02
-2.025110764724585496e-02
-2.121317629225223655e-02
-2.214590895050552732e-02
-2.304730790395817866e-02
-2.391658341893701176e-02
-2.467116791186987207e-02
-2.536849026493485579e-02
-2.600855639444099240e-02
-2.659153546246819169e-02
-2.711788210296451132e-02
-2.758831112755380510e-02
-2.800337103172679393e-02
-2.836496380007603318e-02
-2.867413723749955012e-02
-2.893240101409257081e-02
-2.905114677578234106e-02
-2.909941431054809818e-02
-2.908047247799985455e-02
-2.899754337283616881e-02
-2.885399380626527815e-02
-2.865329819466258532e-02
-2.839900521592106028e-02
-2.809470766390697455e-02
-2.774401511608499613e-02
-2.735052916539682660e-02
-2.682802528129419467e-02
-2.624973148216946592e-02
-2.562109801230669226e-02
-2.494724106806826824e-02
-2.423319492841610398e-02
-2.348334057161492738e-02
-2.269781503413946175e-02
-2.189239442281015746e-02
-2.106558611194099193e-02
-2.022158957259453937e-02
-1.928415238076348556e-02
-1.832213213749220998e-02
-1.734147881031751492e-02
-1.634759371143882159e-02
-1.534561870641850713e-02
-1.434041672782473617e-02
-1.333592434699817225e-02
-1.233310922798515168e-02
-1.134482721589387920e-02
-1.036984040565975575e-02
-9.348770822185607093e-03
-8.338385113764676740e-03
-7.343923749053319835e-03
-6.369298437692894749e-03
-5.416383699522409056e-03
-4.496532144319944149e-03
-3.609051475294972923e-03
-2.757164867581101894e-03
-1.943782760880845110e-03
-1.171592693419573009e-03
-4.040247514720331527e-04
3.201559458769166408e-04
9.968710043084818249e-04
1.622525289379085026e-03
2.194004090608358323e-03
2.708547455918169054e-03
3.164682754637685932e-03
3.557920252124103285e-03
3.887681539134804111e-03
4.152364186629909845e-03
4.349128788257689872e-03
4.479146017995165943e-03
4.542052332681341224e-03
4.538417196395726390e-03
4.466531663498763891e-03
4.327285850315114486e-03
4.120928097626875598e-03
3.847559847823294171e-03
3.507596146464914393e-03
3.101262428328680279e-03
2.655876173784772754e-03
2.161413191784639868e-03
1.620662513629767768e-03
1.035936894958308088e-03
4.094000299748612741e-04
-2.569933000623910151e-04
-9.614886532451165629e-04
-1.702523601924723663e-03
-2.479789886348615635e-03
-3.289980906992358029e-03
-4.072145183041404187e-03
-4.862875799567789592e-03
-5.661912030947465792e-03
-6.465514913722648221e-03
-7.273974654077599265e-03
-8.086608178860574259e-03
-8.902998625570103172e-03
