-7.484423879590904050e-04
-8.157121413612234122e-04
-8.883975548074339069e-04
-9.617383707559976937e-04
-1.033464146710578579e-03
-1.102040719359040095e-03
-1.168654345997987079e-03
-1.232340519554824465e-03
-1.292020723006304843e-03
-1.347572956622993066e-03
-1.398996051954114628e-03
-1.446486075017570580e-03
-1.489976741560620479e-03
-1.529790597570462570e-03
-1.566093253929578709e-03
-1.598993363975786518e-03
-1.631392251155640944e-03
-1.662197769583292949e-03
-1.691267503608381764e-03
-1.718827257896539005e-03
-1.745378418464664950e-03
-1.770637899014369495e-03
-1.795064687324536556e-03
-1.818860249633082703e-03
-1.842378988708567259e-03
-1.865418620517611883e-03
-1.890539579377912508e-03
-1.917467816836241831e-03
-1.945477111913416612e-03
-1.974878099601572873e-03
-2.005467240454677797e-03
-2.037544255712072684e-03
-2.071210790661015370e-03
-2.106561009165773459e-03
-2.143677908850075142e-03
-2.182634018012837886e-03
-2.225837263794998473e-03
-2.273168563793138801e-03
-2.323300814051395234e-03
-2.376474081697121238e-03
-2.432720050861533062e-03
-2.492061724145266596e-03
-2.554507774844204555e-03
-2.620053843901925562e-03
-2.688683620839670343e-03
-2.760369772640354838e-03
-2.837732922298254190e-03
-2.920342068657987965e-03
-3.006957966810093995e-03
-3.097548000645337397e-03
-3.192059206962102966e-03
-3.290421211435040454e-03
-3.392548407926481227e-03
-3.498341762271568213e-03
-3.607690351699662651e-03
-3.720472707532377580e-03
-3.839652924846177328e-03
-3.964626122819996101e-03
-4.093859713231800916e-03
-4.227246549750302181e-03
-4.364406596698213771e-03
-4.505657479817638464e-03
-4.650579620821674622e-03
-4.798999199288401726e-03
-4.950723591529804929e-03
-5.105551507992840340e-03
-5.266933707401279599e-03
-5.434058907647640498e-03
-5.605080810134129184e-03
-5.779812680311127368e-03
-5.957974996910554537e-03
-6.139260762223819334e-03
-6.323831271484920726e-03
-6.511195203607485042e-03
-6.701100560810514112e-03
-6.893288315646154199e-03
-7.091815170284189972e-03
-7.295481575072136106e-03
-7.502289289782253408e-03
-7.712218600001309772e-03
-7.924814890164392361e-03
-8.139801773173334712e-03
-8.356584772197653277e-03
-8.575382225385957610e-03
-8.795858544592844927e-03
-9.017600701996796378e-03
-9.244874421212195478e-03
-9.477345432864331051e-03
-9.712210292850501428e-03
-9.946682979182649986e-03
-1.018440767699659716e-02
-1.042472817902812508e-02
-1.066616589079121685e-02
-1.091001533226192144e-02
-1.115361227696314191e-02
-1.139669564935923834e-02
-1.164573831205696457e-02
-1.189929535225070154e-02
-1.215416125569351510e-02
-1.241049512673726880e-02
-1.266837781880025132e-02
-1.292706510947339363e-02
-1.318630031916679865e-02
-1.344577003889074925e-02
-1.370518345565939315e-02
-1.396307264171628773e-02
-1.422218688963847871e-02
-1.448084528652805042e-02
-1.473872936469487749e-02
-1.499625890599038704e-02
-1.525102819043939670e-02
-1.550499901220680349e-02
-1.576123395719022935e-02
-1.600877664467678305e-02
-1.625651034543423856e-02
-1.650194515233784423e-02
-1.673901275611435965e-02
-1.696895568431648627e-02
-1.719410769550101803e-02
-1.741739825907002645e-02
-1.763042777886045936e-02
-1.783333379299021845e-02
-1.790103254335145833e-02
-1.806381441274411415e-02
-1.825104415939946684e-02
-1.839884154743624822e-02
-1.853087250530565527e-02
-1.865409776850220427e-02
-1.877065671207789332e-02
-1.888054591336389351e-02
-1.898380346094501181e-02
-1.908050094384765999e-02
-1.917073730632772380e-02
-1.925463364805075211e-02
-1.933232879890827219e-02
-1.940397555029118107e-02
-1.946510949583786509e-02
-1.951691252796533896e-02
-1.956170942680030347e-02
-1.959964976906821213e-02
-1.963091333150339748e-02
-1.965570289829532413e-02
-1.967423878150517669e-02
-1.968675412835779043e-02
-1.969349091461351092e-02
-1.969469653041860946e-02
-1.968609295367746564e-02
-1.966898939614206490e-02
-1.964576402665094840e-02
-1.961662033359973245e-02
-1.958178719763293066e-02
-1.954151160062623724e-02
-1.949605313425212261e-02
-1.944567930368605244e-02
-1.939066155165826769e-02
-1.933127191070872775e-02
-1.926335194601829989e-02
-1.918823654942833357e-02
-1.910828292735201536e-02
-1.902370205937423467e-02
-1.893472685291213223e-02
-1.884160486261550124e-02
-1.874459285542580747e-02
-1.864395220921389804e-02
-1.854247657453201442e-02
-1.843533393729886172e-02
-1.832090228537489734e-02
-1.819697200838388956e-02
-1.807524188392782907e-02
-1.794803865020522596e-02
-1.781751286184436386e-02
-1.768402919989377209e-02
-1.754782826775347707e-02
-1.740915236353540729e-02
-1.726824201146785059e-02
-1.712533310431103850e-02
-1.697291202059742626e-02
-1.681526320115638712e-02
-1.665350325252407115e-02
-1.649020042327223323e-02
-1.632205667543559779e-02
-1.615117055304857857e-02
-1.597808827846614044e-02
-1.580316269703595927e-02
-1.562672544307417560e-02
-1.544908604728625727e-02
-1.526484323089151440e-02
-1.507496065916511148e-02
-1.488248677987441190e-02
-1.468804479241535635e-02
-1.449268943118470904e-02
-1.429376166830268781e-02
-1.409595629813136831e-02
-1.389709734404567104e-02
-1.369770550223707410e-02
-1.349817856454392853e-02
-1.329381858015809062e-02
-1.308551750292686819e-02
-1.287597234122236749e-02
5.442752665415542465e-03
5.272314982879850592e-03
5.107263417593901206e-03
4.946835014871699479e-03
4.717959566841272573e-03
4.541435764910469082e-03
4.405169510514738568e-03
4.273120579240789925e-03
4.142633180555821762e-03
4.013404359506663084e-03
3.885026637403686447e-03
3.759268997745317861e-03
3.634451784787781116e-03
3.510720632543495607e-03
3.388133948499696090e-03
3.266707463471118025e-03
3.148276004796441655e-03
3.032776421021133369e-03
2.919756411329716729e-03
2.809191648446683447e-03
2.701048944271648451e-03
2.595289163078148831e-03
2.491869550757024043e-03
2.390745532366312168e-03
2.291872164377048784e-03
2.195205333432213683e-03
2.102444278884142096e-03
2.013513848692957686e-03
1.928075546488065319e-03
1.845939035963621404e-03
1.767672842337529235e-03
1.691503364126088673e-03
1.619878021649166777e-03
1.551200677600384197e-03
1.485531552263550867e-03
1.422862927235528374e-03
1.364833899277722359e-03
1.311402956502781200e-03
1.262321899565381229e-03
1.217495314268833909e-03
1.176817550576603547e-03
1.140174966751261385e-03
1.107447548108226459e-03
1.078510060855444354e-03
1.053232913666271846e-03
1.031482817665119005e-03
1.014732761531843188e-03
1.002963861021095079e-03
9.959302492195849787e-04
9.935395333077585121e-04
9.950523660993823225e-04
1.001784271183433703e-03
1.011162344508800305e-03
1.024388412528222728e-03
1.041102669808900531e-03
1.061005165940444826e-03
1.085358978491545411e-03
1.114187146815666819e-03
1.147184168321184992e-03
1.184007986953861460e-03
1.224315297878431248e-03
1.267762399329958392e-03
1.314006407643794963e-03
1.362706581127878444e-03
1.413525668132010766e-03
1.466131228989548101e-03
1.521683334143889878e-03
1.580449622136427708e-03
1.642418899048396150e-03
1.705600493785576922e-03
1.770925037552453785e-03
1.837844103878066241e-03
1.905898096679340152e-03
1.974680947916593234e-03
2.043818569106469179e-03
2.113817723246001756e-03
2.183830835317401506e-03
2.255162146343791911e-03
2.327825464445001935e-03
2.401242222124782590e-03
2.474939262829413400e-03
2.548504757630297955e-03
2.621566872649903381e-03
2.693784478643646268e-03
2.765413643986548535e-03
2.835153189411043252e-03
2.904620019417090450e-03
2.973952199501615941e-03
3.043566225937864057e-03
3.113267118288301754e-03
3.181631343109861138e-03
3.248504618621052970e-03
3.314948922831789137e-03
3.379081608481040652e-03
3.441351545068050202e-03
3.501482198629589544e-03
3.559472064919854805e-03
3.615237296254373341e-03
3.669147951572137266e-03
3.719754862635546791e-03
3.767096087288258378e-03
3.812155062679141622e-03
3.854320857652793024e-03
3.893529363514460460e-03
3.929741846162053236e-03
3.962934151877901302e-03
3.991870484216427165e-03
4.016029001928807761e-03
4.035431508749999507e-03
4.050293047494169137e-03
4.060824585131461717e-03
4.067233334860738056e-03
4.069723021348644124e-03
4.068493855785043807e-03
4.063742347843689144e-03
4.055059489243255030e-03
4.042727528885126966e-03
4.025876512362845140e-03
4.005408948119743538e-03
3.980168457070958413e-03
3.951351580028519654e-03
3.919208125511117538e-03
3.884042993738873184e-03
3.846144731298305891e-03
3.805785933661296611e-03
3.763223645347204931e-03
3.717720404642852524e-03
3.669077783593977654e-03
3.617529670731293827e-03
3.563444197305338547e-03
3.507165411497703555e-03
3.449013550180154812e-03
3.389285751345232252e-03
3.328256876845177986e-03
3.266180402997172130e-03
3.203289352394720398e-03
3.138889119854666732e-03
3.072816995649519344e-03
3.005299267386437982e-03
2.936651410201038259e-03
2.867163407546995980e-03
2.797100087999526783e-03
2.726702030175423043e-03
2.656186653983096460e-03
2.585749418105878512e-03
2.515565060421437807e-03
2.444923093529061987e-03
2.373673612539263858e-03
2.302019915682502679e-03
2.230207589661675066e-03
2.159036316485326689e-03
2.087546427665160249e-03
2.016485854736041212e-03
1.945397300818911199e-03
1.872385231569322376e-03
1.802453697467359776e-03
1.733575109451906959e-03
1.664657299038844627e-03
1.595883746869863461e-03
1.527437000770301336e-03
1.459477427265576475e-03
1.392143922490819826e-03
1.325555215825115554e-03
1.259811290490924288e-03
1.194994844358178432e-03
1.131172745848085933e-03
1.067637186849804045e-03
1.004211530855667446e-03
9.411717248698644143e-04
8.786547575399818958e-04
8.167695829223425158e-04
7.556017070745760320e-04
6.952166861696863027e-04
6.361455254162891055e-04
5.774459425442681100e-04
5.191025333987370899e-04
4.617404367549272351e-04
4.045174138358787223e-04
3.476091950511372682e-04
2.910820767212147922e-04
2.349795717386270243e-04
1.793264396155968524e-04
1.236125049273129278e-04
6.896904482962901910e-05
1.503134254969713655e-05
-3.883357052458757377e-05
-9.264401230636340988e-05
-1.470549699108277919e-04
-2.006317088152183227e-04
-2.550060569261170364e-04
8.461837980464832526e-05
4.465697483009076880e-05
3.084190192912844065e-07
-4.763579826540326949e-05
-9.879274451837629712e-05
-1.529101956891662582e-04
-2.100613847808731186e-04
-2.691285986458935337e-04
-3.306384803798986891e-04
-3.943606597882715016e-04
-4.601285881097351427e-04
-5.278119381378099410e-04
-5.973037117162441909e-04
-6.677801877453167769e-04
-7.391271604522122937e-04
-8.114073082842272397e-04
-8.845939019560149002e-04
-9.582420633164876779e-04
-1.032700977336517166e-03
-1.107825377933063966e-03
-1.183509898533785260e-03
-1.259665387585960812e-03
-1.336209210224013205e-03
-1.412016327592926189e-03
-1.486997163925553138e-03
-1.561345018997759970e-03
-1.634964085380360586e-03
-1.707756558200624122e-03
-1.779469867153206982e-03
-1.849986987033054326e-03
-1.919671330080250206e-03
-1.988146438900330673e-03
-2.055297466456833429e-03
-2.119661575103597671e-03
-2.181170024056815204e-03
-2.240175345648056683e-03
-2.296590081550321447e-03
-2.350332129294727818e-03
-2.401325809594432020e-03
-2.449502739295599668e-03
-2.494802533509761500e-03
-2.537173371276848013e-03
-2.576572442270369696e-03
-2.611309917544565960e-03
-2.641431721002173837e-03
-2.667570054009044817e-03
-2.689748638443183355e-03
-2.708004466876477549e-03
-2.722387816382569777e-03
-2.756790972038107405e-03
-2.763914757672142168e-03
-2.766419088997977387e-03
-2.748861138399967714e-03
-2.727802608401371041e-03
-2.700597665625147342e-03
-2.669696030491243259e-03
-2.638148555260560937e-03
-2.606001479136842332e-03
-2.573309202841960429e-03
-2.540122743332787810e-03
-2.506485626358483446e-03
-2.472432970617500971e-03
-2.437991855997502511e-03
-2.400265316789148250e-03
-2.361917859872722340e-03
-2.322653460588377811e-03
-2.282183506389852488e-03
-2.240724239515156334e-03
-2.198396412462572808e-03
-2.155275349745864114e-03
-2.110435514205563894e-03
-2.066266475232476831e-03
-2.021568455265154197e-03
-1.973944058584044346e-03
-1.923927285911267507e-03
-1.872576616611179145e-03
-1.820140310783028258e-03
-1.767457643899657607e-03
-1.713533275249362955e-03
-1.657696162553720653e-03
-1.601730409173462251e-03
-1.545534918851547467e-03
-1.487490915070862783e-03
-1.428158002551234082e-03
-1.366262425889062547e-03
-1.303351308281568578e-03
-1.240029085518470041e-03
-1.174881184343600079e-03
-1.109573443888156466e-03
-1.043528803059501006e-03
-9.768887625452812341e-04
-9.097241119498439190e-04
-8.421030456578074749e-04
-7.739874902800851541e-04
-7.058586505130778292e-04
-6.369128334140778790e-04
-5.671169795390241077e-04
-4.977334062057119568e-04
-4.281480131803471617e-04
-3.584899654166500815e-04
-2.888196257037203363e-04
-2.191939003663568968e-04
-1.496663963034669444e-04
-8.158139806483549229e-05
-1.452799027139447217e-05
5.204350777167159568e-05
1.180662091245401717e-04
1.834808281465957584e-04
2.482347899726994062e-04
3.122815291421992146e-04
3.755799113283107924e-04
4.380937619703584134e-04
4.997915118884618205e-04
5.596075585470399426e-04
6.178989887411516415e-04
6.747276185931493260e-04
7.306240326806065152e-04
7.852653120286484136e-04
8.386143543687918020e-04
8.906497650090919663e-04
9.413574264409295313e-04
9.907298713144642444e-04
1.038765736134949959e-03
1.084661369971326146e-03
1.128697690074151588e-03
1.171254657334249143e-03
1.211854223689798728e-03
1.250780887531812314e-03
1.288011155446047457e-03
1.323561573495610818e-03
1.357456592051938015e-03
1.389727691206166195e-03
1.420279061707080404e-03
1.448840608464751524e-03
1.475408598107001744e-03
1.500037973725273878e-03
1.522759360565539063e-03
1.543614409134942082e-03
1.562708851346669486e-03
1.579984103544035314e-03
1.595565535180247518e-03
1.609528574133836003e-03
1.621949421189504848e-03
1.632426347731674374e-03
1.641041509173021655e-03
1.647736444946475620e-03
1.652584427109954953e-03
1.655667952816661931e-03
1.657076798090731037e-03
1.656906449385138567e-03
1.655256790876509163e-03
1.652230989892419528e-03
1.647934538747942946e-03
1.642047030582624752e-03
1.634524041813544210e-03
1.625280899797299818e-03
1.614427599275754330e-03
1.602080157503944433e-03
1.588358745781158834e-03
1.573386209786292473e-03
1.557286863417660459e-03
1.540185487500053685e-03
1.522107760874045167e-03
1.502279199454605637e-03
1.480381858193979003e-03
1.456658992602584326e-03
1.431405395911384800e-03
1.404806446565876488e-03
1.377041566253690494e-03
1.348283229811654766e-03
1.318697931624365728e-03
1.288446728395595525e-03
1.257685509407354546e-03
1.225288479106264152e-03
1.191284255123832569e-03
1.155770617439526565e-03
1.119134247794352456e-03
1.081592084283802520e-03
1.043358275071951200e-03
1.004533045704835478e-03
9.656525225112501994e-04
9.265241706624733785e-04
8.874877231364443429e-04
8.475183631014555994e-04
8.062273629558252977e-04
2.130218700147416518e-04
2.316119414759486360e-04
2.507084433053605047e-04
2.704205173929886442e-04
2.908299859908148634e-04
3.115060637999010943e-04
3.323944113722404332e-04
3.536633792496023630e-04
3.753359189336251270e-04
3.974238080103570207e-04
4.198643061611723052e-04
4.426678265068228839e-04
4.658487423137742944e-04
4.894733180301458729e-04
5.133998925513208250e-04
5.370333624363100421e-04
5.601533443481015485e-04
5.830138067073153789e-04
6.055792734814366852e-04
6.279071545422707217e-04
6.499267121882413211e-04
6.715872844000939351e-04
6.928443901554981552e-04
7.135385202047835442e-04
7.337976219602384198e-04
7.525003589084655782e-04
7.698121098590063674e-04
7.859901139107334676e-04
8.009917997416017479e-04
8.147599224547275899e-04
8.272510209255235598e-04
8.384380928859601519e-04
8.482929115199621057e-04
8.567892329253141807e-04
8.639038220488821571e-04
8.683129816962325415e-04
8.704288985878477075e-04
8.706093932360154178e-04
8.688011425013358099e-04
8.650179186268235239e-04
8.592797324074206381e-04
8.516126400043826788e-04
8.420485746600352411e-04
8.306251269517852219e-04
8.173852830006585060e-04
8.011915317852344801e-04
7.823906928791845780e-04
7.611649763691125592e-04
7.378354055515115887e-04
7.125171055478111276e-04
6.853160991679824697e-04
6.563436026433952433e-04
6.257150996441782119e-04
5.935494323308341830e-04
5.599679226270773587e-04
5.238764377450331978e-04
4.854702327143731069e-04
4.456835478937574307e-04
4.046379125095338181e-04
3.623304747240814515e-04
3.188088249486541073e-04
2.744436569447588747e-04
2.294379772611605914e-04
1.839466650228765467e-04
1.381256351096454404e-04
9.097909607344258813e-05
4.286411982766633218e-05
-5.661736455132837780e-06
-5.410896591673009523e-05
-1.025343979013545971e-04
-1.506460781430061114e-04
-1.982838654324724833e-04
-2.452960586371978439e-04
-2.915406821650168203e-04
-3.368859354207976624e-04
-3.821964234735675302e-04
-4.271932104390130315e-04
-4.711638599167778958e-04
-5.138980144470809471e-04
-5.554158634870614425e-04
-5.954772182869202957e-04
-6.339699352692099122e-04
-6.707977347674392698e-04
-7.059050540458629980e-04
-7.392471188445120904e-04
-7.713862800272442213e-04
-8.024319092123107346e-04
-8.314500131579781418e-04
-8.584575351878970077e-04
-8.834581329504596122e-04
-9.061670273672400248e-04
-9.267373244944169738e-04
-9.449539538101923986e-04
-9.608439886863393573e-04
-9.743779636272112410e-04
-9.857735128753653420e-04
-9.949848913422575710e-04
-1.001906793176308812e-03
-1.006520987043754787e-03
-1.008987398557156714e-03
-1.009183132598265135e-03
-1.006912155819624562e-03
-1.002363601061935288e-03
-9.955663626982135059e-04
-9.865562708633681711e-04
-9.757591367159197063e-04
-9.630273566253583477e-04
-9.515978083539112500e-04
-9.315081060275963703e-04
-9.132140516228523432e-04
-8.903949142968121695e-04
-8.934808433338726694e-04
-9.007436526747715066e-04
-9.078679703408314757e-04
-9.148074097279631578e-04
-9.217156573022090068e-04
-9.285448021046386821e-04
-9.351674279552101010e-04
-9.414579839188937701e-04
-9.473148315687115583e-04
-9.526564076394324846e-04
-9.574180650858961188e-04
-9.615495012844148216e-04
-9.650126468291133925e-04
-9.677799166616620407e-04
-9.703133250855438706e-04
-9.725143893686721309e-04
-9.740859537311594455e-04
-9.749602677095435283e-04
-9.750857095060935179e-04
-9.744246077225852476e-04
-9.729513309810330565e-04
-9.706506544097292990e-04
-9.675163590677643161e-04
-9.635500323598225874e-04
-9.594011024807145866e-04
-9.548693823739479430e-04
-9.495018054230999066e-04
-9.432651096154475671e-04
-9.361402707345224932e-04
-9.281204065597495681e-04
-9.192089821149066788e-04
-9.094182830614784985e-04
-8.987681071766259570e-04
-8.872846397501039234e-04
-8.757287009436688727e-04
-8.638067854946863879e-04
-8.509669492115566700e-04
-8.372114751681084509e-04
-8.225547642934556442e-04
-8.070212197459842099e-04
-7.906434924742054577e-04
-7.734610111697259784e-04
-7.555187377297747833e-04
-7.368661022202009202e-04
-7.182854329959794965e-04
-6.994039490976918481e-04
-6.796443817636635149e-04
-6.590453639567579909e-04
-6.376544455581243352e-04
-6.155262104244765917e-04
-5.920910134063168484e-04
-5.686725346013901672e-04
-5.453160980734537717e-04
-5.208124168182505422e-04
-4.960689630633726560e-04
-4.705989215217712407e-04
-4.442154435542460412e-04
-4.170385594270114432e-04
-3.891817881025875841e-04
-3.607544231051861092e-04
-3.318628646172797243e-04
-3.026113304765629380e-04
-2.731021675656852875e-04
-2.434359162838222162e-04
-2.136886691134600239e-04
-1.834263553434728423e-04
-1.525617784602829484e-04
-1.212617009754357947e-04
-8.968266908078296497e-05
-5.732387795465967648e-05
-2.628208117397843116e-05
5.329461777064275520e-06
3.657427633824400070e-05
6.739662354361323051e-05
9.779852259693877416e-05
1.282034329202982621e-04
1.585646889791549594e-04
6.464588385801314785e-04
6.011419037713703738e-04
5.566928977268634574e-04
5.127957729778430005e-04
4.691852948380512730e-04
4.256382934530924395e-04
3.826772971890430100e-04
3.395340581529229665e-04
2.971942222357480071e-04
2.547385697234494741e-04
2.121389269570185564e-04
1.693435023154671835e-04
1.262994249289924834e-04
8.296072655935145214e-05
3.929077275961021941e-05
-4.737523539190046989e-06
-4.837675503997817053e-05
-9.183595686554992020e-05
-1.346948255452648882e-04
-1.774677100128818218e-04
-2.200844540660630176e-04
-2.625090504908376022e-04
-3.047164127952711786e-04
-3.466837396735123009e-04
-3.883871964589288438e-04
-4.298008330548579365e-04
-4.700082679028900340e-04
-5.089876540411560025e-04
-5.469323336246775542e-04
-5.838303738296819713e-04
-6.196669083897469402e-04
-6.544252404203220342e-04
-6.880296367456441081e-04
-7.204747741715628213e-04
-7.518455542462790893e-04
-7.819485386375876323e-04
-8.098898934903721271e-04
-8.357710699484194707e-04
-8.598046915025078524e-04
-8.820135884356546541e-04
-9.024216574006835171e-04
-9.210545862414104860e-04
-9.379403650143281791e-04
-9.531095961653174688e-04
-9.665956701575028395e-04
-9.784348292601031082e-04
-9.877059367293995230e-04
-9.941839747980116705e-04
-9.984971160908798476e-04
-1.000776108683215952e-03
-1.001157171022082262e-03
-9.996151538611951909e-04
-9.962809028721891173e-04
-9.912645306522657827e-04
-9.846695562263389420e-04
-9.765967438441717358e-04
-9.659889406963956520e-04
-9.530371317926628321e-04
-9.384206286099637008e-04
-9.222873683640644450e-04
-9.044787200469480738e-04
-8.856435581992510133e-04
-8.655785288076355780e-04
-8.444737282744186257e-04
-8.224816667297405511e-04
-7.997384558024191702e-04
-7.750554747658538806e-04
-7.493838857607162431e-04
-7.227250936900672228e-04
-6.953435138174735540e-04
-6.674732860671168510e-04
-6.392933441398071254e-04
-6.106087704216248309e-04
-5.819409223444024348e-04
-5.533986350851227047e-04
-5.250182667098956309e-04
-4.960066986762321113e-04
-4.665541859604542215e-04
-4.372562852995585708e-04
-4.082512541856636113e-04
-3.796669936850899612e-04
-3.516202907712942202e-04
-3.242170173975599716e-04
-2.969350099176364978e-04
-2.710951581062667998e-04
-2.464072233072515700e-04
-2.211632810134755338e-04
-1.969417933103914556e-04
-1.738433917756310838e-04
-1.515043289769929232e-04
-1.302641411706053959e-04
-1.103443325619782398e-04
-9.151945476269720148e-05
-7.339935958254823270e-05
-5.722339148629652320e-05
-4.239996278427275592e-05
-2.896481681667801861e-05
-1.694780023103178773e-05
-6.379282384106862210e-06
2.727669600269386121e-06
1.035095222933982021e-05
1.713517548674443024e-05
2.186440518424901964e-05
2.516072686722719762e-05
2.702123605935317398e-05
2.746533543209037000e-05
2.663712452540554013e-05
2.451729453388138379e-05
2.121838005340491093e-05
1.732779597661321305e-05
1.178575369794178200e-05
5.223465256155271526e-06
-2.307273189592804440e-06
-1.075313701918978720e-05
-2.006194288367341063e-05
-3.018333449164155736e-05
-4.066383114175071978e-05
-5.157615825133782424e-05
-6.297006282776184804e-05
-7.478755821475424701e-05
-8.697544575255345290e-05
-9.948526571855540856e-05
-1.122731542444012961e-04
-1.251867865487243763e-04
-1.384804014342237146e-04
-1.519496920475671116e-04
-1.649704673092242634e-04
-1.776873661461378720e-04
-1.902855604895702275e-04
-2.027399315683676507e-04
-2.150301671835888650e-04
-2.271405058281033857e-04
-2.390593781932021404e-04
-2.507790372848037359e-04
-2.622951895523748357e-04
-2.736066352017146007e-04
-2.840094963376100070e-04
-2.936945170544745911e-04
-3.029461865532786938e-04
-3.117719830484945161e-04
-3.201825233986784749e-04
-3.281912131769785406e-04
-3.358138195954523970e-04
-3.430680610256820959e-04
-3.499732205388620255e-04
-3.565497876820932746e-04
-3.620776650757502602e-04
-3.667583018368069194e-04
-3.709278181340822447e-04
-3.746146346533140619e-04
-3.778482316247669653e-04
-3.806588229408400118e-04
-3.830769755544040128e-04
-3.851332627279060138e-04
-3.868579545399740264e-04
-3.882807469206069778e-04
-3.887077971220280698e-04
-3.883643505320057490e-04
-3.875844594435201833e-04
-3.865792046269926098e-04
-3.848875433457323286e-04
-3.828264642129070028e-04
-3.804436937891104748e-04
-3.777726262977082082e-04
-3.744748520763771949e-04
-3.711737490808601986e-04
-3.670539407540103884e-04
-3.622043498363887839e-04
-3.569603208389872926e-04
-3.516702828622843757e-04
-3.457476146850885093e-04
-3.395347968623375684e-04
-3.330951817978220712e-04
-3.264198917796749463e-04
-3.195577521363787222e-04
-3.125328594568644236e-04
-3.047404563323786357e-04
-2.962363988767185074e-04
-2.873669663683743733e-04
-2.781843768920964216e-04
-2.687343671922377895e-04
-2.593693178421905177e-04
-2.492589084327640489e-04
-2.392257769071218340e-04
-2.290209731575943569e-04
-2.186911837132554074e-04
-2.078053810376647521e-04
-1.967196821445361000e-04
-1.844365478610730303e-04
-6.979259127646325503e-05
-5.825487927745839423e-05
-4.763926199705483845e-05
-3.761696249688785518e-05
-2.791403843787888762e-05
-1.830035460246290987e-05
-8.956949557492057366e-06
1.078124614959795509e-06
1.115598158099351299e-05
2.149593836460629700e-05
3.227656898599186785e-05
4.356384754416179521e-05
5.541128458589662537e-05
6.766915642357994570e-05
8.067233654349842149e-05
9.434882307944928142e-05
1.082476795611248292e-04
1.232065739897942247e-04
1.383644860375545828e-04
1.537173565429688065e-04
1.693383197618925258e-04
1.848980653104766083e-04
2.011968287102876242e-04
2.178371702037893440e-04
2.347149861936790368e-04
2.517712568290719245e-04
2.689686338607922677e-04
2.860325497927562180e-04
3.019879281649176257e-04
3.178381301236482678e-04
3.332630635072238775e-04
3.481851243251423995e-04
3.625397196434405889e-04
3.762650228252389624e-04
3.893021636579611054e-04
4.015954124615766455e-04
4.130923531289947903e-04
4.237440432148354514e-04
4.325404863217102540e-04
4.395802417874528686e-04
4.452450016475713312e-04
4.495014224583283478e-04
4.523245705554343205e-04
4.536976196404266188e-04
4.536115617548796240e-04
4.520649054830963402e-04
4.490633544029652875e-04
4.446194611107609496e-04
4.376579890566774204e-04
4.283729228935458707e-04
4.173404946289434748e-04
4.046139532172724320e-04
3.902558845989290972e-04
3.743370561692065243e-04
3.569353094990041809e-04
3.383897071822338084e-04
3.182616002228333711e-04
2.974098594051931667e-04
2.738033062281003665e-04
2.482168384679029607e-04
2.214052052298930151e-04
1.935004849831288391e-04
1.648480693848712120e-04
1.351798510759939960e-04
1.052656257847968142e-04
7.430027716635412109e-05
4.290979912176858674e-05
1.124648030070948997e-05
-2.116862463949568387e-05
-5.497384284216551677e-05
-8.866257451413340953e-05
-1.225466715971011895e-04
-1.562179995201995702e-04
-1.895314612719432748e-04
-2.223499345702973392e-04
-2.545440677842394786e-04
-2.859929714875752223e-04
-3.163394480825881317e-04
-3.468735115089330670e-04
-3.773400396881438192e-04
-4.065136164783456421e-04
-4.344593475749915158e-04
-4.607281013532050010e-04
-4.858388579294319162e-04
-5.091567374264627504e-04
-5.312120772931689175e-04
-5.515354766434804601e-04
-5.700495961849115414e-04
-5.874326002537522302e-04
-6.035128520245319327e-04
-6.174934363262945310e-04
-6.294669984165696553e-04
-6.394815363080011677e-04
-6.473621139752086789e-04
-6.530660344587504128e-04
-6.565641318939849889e-04
-6.578374116059398534e-04
-6.568688622447860009e-04
-6.537662658068617251e-04
-6.487489808607926423e-04
-6.415878794845358661e-04
-6.322842857579855178e-04
-6.208475852980207708e-04
-6.072967783965165216e-04
-5.916594641682570207e-04
-5.739708571999518980e-04
-5.542728465144976810e-04
-5.326794384834553694e-04
-5.096367828260550074e-04
-4.852353090031207646e-04
-4.595730597128537607e-04
-4.326963023786438716e-04
-4.046533093636934522e-04
-3.754978055333431809e-04
-3.452874300913143452e-04
-3.140824047096006091e-04
-2.819444051522601666e-04
-2.489356173653462239e-04
-2.159770224677930433e-04
-1.829094975999490179e-04
-1.497621418450851096e-04
-1.165530910866342546e-04
-8.330948654018872392e-05
-5.007264053595236741e-05
-1.690449257939528145e-05
1.626459282240275877e-05
4.938967335874723053e-05
8.243541615846441181e-05
1.143390067209733643e-04
1.453314137010098725e-04
1.755384926553721847e-04
2.049911001532959921e-04
2.337162715997307392e-04
2.617383213932308970e-04
2.890797367657898988e-04
3.157618800800207019e-04
3.418055276349409857e-04
3.672734624235763105e-04
3.910158767601968699e-04
4.133286740166629281e-04
4.344499472062976638e-04
4.544600890008884285e-04
4.733949521982871523e-04
4.913297821700265402e-04
5.083292001988377233e-04
5.244515823765114873e-04
5.397511998381018935e-04
5.516492682088806453e-04
5.633756284977171598e-04
5.743334992742739472e-04
5.840157537576434440e-04
5.925248389950811805e-04
5.999515559396959062e-04
6.063784923464600159e-04
6.118818298285023461e-04
6.165323831920448659e-04
6.203962626295663699e-04
6.235353382083767089e-04
6.249663319203856192e-04
6.248965728528320124e-04
6.236457642333861386e-04
6.213116476272186051e-04
6.182547894622650309e-04
6.140529506260012250e-04
6.086614924859404079e-04
6.028475173532098566e-04
5.963018012360885804e-04
5.891157264374637581e-04
5.804080744825934092e-04
5.703191774121591949e-04
5.591426584002077201e-04
5.469689389315530569e-04
5.338801890041788758e-04
5.199510315385467811e-04
5.052492482926549235e-04
4.898363692162207520e-04
4.737681786937374953e-04
4.570951601250074106e-04
4.391322914879359574e-04
4.199167966697475284e-04
4.001652701591014308e-04
3.782611315133407610e-04
3.562805664655387529e-04
3.334269619596104406e-04
3.098010695252861467e-04
2.854454391166362840e-04
2.603978185197555490e-04
2.346916230981561133e-04
2.077846377318149761e-04
1.796788849866099921e-04
1.505243550806537067e-04
1.414343989630443763e-03
1.387885915073745020e-03
1.359471753503771864e-03
1.329187174033154761e-03
1.297279887928787494e-03
1.263469760450456865e-03
1.228036531440328868e-03
1.191261016997082443e-03
1.153059446068380482e-03
1.113373202682091563e-03
1.072852960878882544e-03
1.031079776271327450e-03
9.881662480289582235e-04
9.440718214538576210e-04
8.994187528019454824e-04
8.538585901999289508e-04
8.074921557540382881e-04
7.605540094294369231e-04
7.131278968364315393e-04
6.652889904183859667e-04
6.171082822615467107e-04
5.687762298048613420e-04
5.204107091088537888e-04
4.717675151514382154e-04
4.229870858356774813e-04
3.745128033280485267e-04
3.263742668485632007e-04
2.786916362212307199e-04
2.315330548167007872e-04
1.849636408627926406e-04
1.390458644278659518e-04
9.383954516069931921e-05
4.940174283891702982e-05
5.786633458600165016e-06
-3.695459789315768458e-05
-7.827052292497911016e-05
-1.181756511458334187e-04
-1.566778872993627048e-04
-1.937447885468701961e-04
-2.293477694524946381e-04
-2.634624278139603704e-04
-2.960687583896397419e-04
-3.271015810911015584e-04
-3.565590629627751838e-04
-3.845261765233719264e-04
-4.103531097022996730e-04
-4.340997584991893119e-04
-4.559199537291319074e-04
-4.758397945179552611e-04
-4.938911628506912569e-04
-5.101109293454680199e-04
-5.245901475251849022e-04
-5.373536133854227119e-04
-5.483749215005464606e-04
-5.577330546148603040e-04
-5.648117564914316956e-04
-5.697502499065261895e-04
-5.728554404661708507e-04
-5.742181779110511631e-04
-5.739305695758306755e-04
-5.720858502739614368e-04
-5.687780349443540863e-04
-5.641014909632746047e-04
-5.581504812795474524e-04
-5.510187063352403125e-04
-5.421117613781317257e-04
-5.315969723569640001e-04
-5.198739444512569079e-04
-5.070642416302993151e-04
-4.932866356772810023e-04
-4.786998237680404537e-04
-4.634326068072966345e-04
-4.475291195577329670e-04
-4.310204921223094324e-04
-4.140514226817349603e-04
-3.961050329491051444e-04
-3.773468009072373694e-04
-3.582046281826241785e-04
-3.387964528273292226e-04
-3.192331872025423517e-04
-2.996189107198796403e-04
-2.800813345193509715e-04
-2.605939570878545433e-04
-2.414682962926229773e-04
-2.225742319622257272e-04
-2.035100021314968644e-04
-1.844130496818314276e-04
-1.656773890328624901e-04
-1.474119744218939918e-04
-1.295484209454102024e-04
-1.124923528754173153e-04
-9.606499321691234095e-05
-8.036189157747096207e-05
-6.544932700768945743e-05
-5.130979009531014680e-05
-3.778124308882732977e-05
-2.488077133315936412e-05
-1.290943396764376673e-05
-1.928647582136785305e-06
8.010452166867173824e-06
1.685212397338400198e-05
2.458955533452523664e-05
3.112038273043787797e-05
3.644492566581214118e-05
4.055348549693783453e-05
4.348074378356907440e-05
4.519927130751567749e-05
4.569499054122669215e-05
4.515779396348690343e-05
4.323384504267632094e-05
4.009225721325371554e-05
3.579041919160670031e-05
3.022283993421194114e-05
2.347231266399858198e-05
1.582051604749092066e-05
7.026451320044254083e-06
-2.618346360586771508e-06
-1.322335769965920452e-05
-2.466543471128980090e-05
-3.690680714167501831e-05
-4.990990969577324514e-05
-6.363777550452242963e-05
-7.805431770238011871e-05
-9.278485422754823280e-05
-1.084508550437094537e-04
-1.242287924444783541e-04
-1.402000188501852942e-04
-1.563301781307503734e-04
-1.727419366591954279e-04
-1.893488540922945462e-04
-2.061129358589477317e-04
-2.230114254118513179e-04
