3.119163979949026722e+00
1.761212049139445179e+00
1.513383559855397742e+00
1.369771361448893776e+00
1.291609245725248378e+00
1.254329959078535284e+00
1.170966140901126940e+00
1.171413433245984237e+00
1.179650678425515853e+00
1.192273532656597190e+00
1.207157664606258285e+00
1.222983047549183633e+00
1.238942528116734554e+00
1.254546294222298686e+00
1.269511381385442172e+00
1.283682097599821104e+00
1.212185050006949316e+00
1.220518890467691575e+00
1.227448175486391069e+00
1.233239677070589568e+00
1.238068461865445169e+00
1.242082303225732431e+00
1.245337643299105457e+00
1.247925830271382264e+00
1.249897969308205736e+00
1.251317281558591787e+00
1.165523517658098474e+00
1.161568823741338186e+00
1.156761100079875204e+00
1.151320171579537588e+00
1.145423466183525196e+00
1.139140538341560482e+00
1.132565229719281419e+00
1.125748070609525087e+00
1.118726360585762913e+00
1.111528774486438387e+00
1.016283258730857897e+00
1.004364501789489328e+00
9.920471554546019810e-01
9.794820170369504808e-01
9.668229822305924870e-01
9.541557710187267283e-01
9.415374224421532157e-01
9.290066140978627818e-01
9.165903020105659049e-01
9.043079250722159124e-01
8.037589266226325968e-01
7.873801778239248872e-01
7.709241782594216108e-01
7.545572120449048903e-01
7.383948973843827979e-01
7.225103102577312697e-01
7.069494316168214443e-01
6.917409484514173146e-01
6.769024717543740133e-01
6.624444798432898018e-01
5.600099932180743201e-01
5.420443217918647916e-01
5.242447769345046638e-01
5.067629696727059541e-01
4.897101695154313372e-01
4.731197519410111907e-01
4.570712001225971655e-01
4.415594357182800467e-01
4.265932562367333869e-01
4.121741491867747520e-01
3.103598956862296809e-01
2.929186306236964965e-01
2.757798253203319616e-01
2.590898468829592183e-01
2.429452606134509529e-01
2.274071572972687916e-01
2.124741224350706892e-01
1.982030588279162786e-01
1.845686943030930283e-01
1.715650267960753816e-01
7.185560656431988491e-02
5.618419437432459196e-02
4.085761729270914744e-02
2.599648506914664647e-02
1.174352100117026509e-02
-1.875966589436589560e-03
-1.483600998088158152e-02
-2.712934545358627880e-02
-3.878445341085198783e-02
-4.976620367790052235e-02
-1.467567137622328710e-01
-1.601638156463278673e-01
-1.732883392300098579e-01
-1.859201326947672039e-01
-1.979978149102225582e-01
-2.094906185350121630e-01
-2.203045994272066488e-01
-2.305155333169746079e-01
-2.400421634280269778e-01
-2.489974860574113991e-01
-3.432358540232294808e-01
-3.544071087444032320e-01
-3.653596949055543108e-01
-3.759238279782670666e-01
-3.860111541701113924e-01
-3.955105755044164284e-01
-4.044289592697818403e-01
-4.127580040829120778e-01
-4.205026691795775706e-01
-4.276722582357562752e-01
-4.337477468187571072e-01
-4.398634906980571357e-01
-4.456205123203655916e-01
-4.509845417530951028e-01
-4.559220127289050906e-01
-4.604655447557020054e-01
-4.646052757715705139e-01
-4.682905908196287603e-01
-4.716872816156811865e-01
-4.746582528168817317e-01
-3.895720817065784769e-01
-3.888595746222058280e-01
-3.878025304440396170e-01
-3.864756351763004583e-01
-3.849510395232552673e-01
-3.832536204057810925e-01
-3.807399423676344763e-01
-3.793979055704739256e-01
-3.767770111442899639e-01
-3.738652935596017413e-01
-2.831644344936761759e-01
-2.782532672618259206e-01
-2.731111794509840651e-01
-2.678532987221431960e-01
-2.625623900960653567e-01
-2.572896711883542187e-01
-2.520662717264648411e-01
-2.469105609851584560e-01
-2.418328300243570705e-01
-2.368382780622220740e-01
-1.409134946994475834e-01
-1.328780256984987695e-01
-1.251145485254867573e-01
-1.175966211871289913e-01
-1.103140810748542977e-01
-1.032566576904629385e-01
-9.641426777215389432e-02
-8.977716846011563057e-02
-8.333602684093643909e-02
-7.708193809273033992e-02
2.089568029897548307e-02
3.020107463472510023e-02
3.908057613733645352e-02
4.759417081458461318e-02
5.577509170181732534e-02
6.364952464475887028e-02
7.123881737924125934e-02
7.856094069908864386e-02
8.563146062582099871e-02
9.246419350163231909e-02
1.910330143680133430e-01
2.010248150196285444e-01
2.105030918122197114e-01
2.195471202311266579e-01
2.282038031655994059e-01
2.365087781239086362e-01
2.444900944839727974e-01
2.521706197037543173e-01
2.595610876393704136e-01
2.667028734582153615e-01
3.642990311804732984e-01
3.746919450019844389e-01
3.845212304613168097e-01
3.939294767138149522e-01
4.029261407417764618e-01
4.115543514444610640e-01
4.198432430453562514e-01
4.278160715913643108e-01
4.354925473964386118e-01
4.428898268053238496e-01
5.241378538497277750e-01
5.331643974089326221e-01
5.425757545668905557e-01
5.520930505731038718e-01
5.615732456021289565e-01
5.708916761703221043e-01
5.799950213779235808e-01
5.888496054708750593e-01
5.974373028659873963e-01
6.057504871759065157e-01
6.854311729948188159e-01
6.953429204941274921e-01
7.056199416649870937e-01
7.159935914328219297e-01
7.262896115873567204e-01
7.364208817797854856e-01
7.462833410966513981e-01
7.558841858644753664e-01
7.651842257890654198e-01
7.741784200962078533e-01
8.517958820168998191e-01
8.623583609767655478e-01
8.732887127779687120e-01
9.206413622772307015e-01
9.511439132582368838e-01
9.805642924625662671e-01
1.008993179312840827e+00
1.036403339147514480e+00
1.062218601016177155e+00
1.008186693116129407e+00
1.030052141577649349e+00
1.050222285777473008e+00
1.069125736357005918e+00
1.087096245335834599e+00
1.104226146353488813e+00
1.120741132612503632e+00
1.136677475373061963e+00
1.152094475826437536e+00
1.167029715729036354e+00
1.097518799804953371e+00
1.105782614864894819e+00
1.113417878615165391e+00
1.120509678913171214e+00
1.127113914597597688e+00
1.133263013858903934e+00
1.138974348231288847e+00
1.144255614672641475e+00
1.149108293276215775e+00
1.153529884437293207e+00
1.071829627477738356e+00
1.069292664962703476e+00
1.066156599444281428e+00
1.062489103143332336e+00
1.058359089866312885e+00
1.053816852045343477e+00
1.048786493662464014e+00
1.043391171540456241e+00
1.037592278520981015e+00
1.031401959625167342e+00
9.374010796008598323e-01
9.242359684099225037e-01
9.106138429429151415e-01
8.966257129921939573e-01
8.823418182454054737e-01
8.678141767016785968e-01
8.530837351128824908e-01
8.381848245224096106e-01
8.231479087822746177e-01
8.080012528348410328e-01
7.040941264746956030e-01
6.826812959119576973e-01
6.611901340774857250e-01
6.397372008674282462e-01
6.183927974528674598e-01
5.972130808759454901e-01
5.763252821663484848e-01
5.556811514434324417e-01
5.353603405946626426e-01
5.153905694042175689e-01
4.066431497737590384e-01
3.816272216609515322e-01
3.569977135486042119e-01
3.328699133239734209e-01
3.093299224379674195e-01
2.864373298120876932e-01
2.642339490746646868e-01
2.427493842243397815e-01
2.220045845291103714e-01
2.020141278818343711e-01
9.394619505596163433e-02
7.010725265448158883e-02
4.694628144437901218e-02
2.463372407365838068e-02
3.180954118739087733e-03
-1.733325170307628560e-02
-3.689192262953883139e-02
-5.548892347430212091e-02
-7.312635634519537575e-02
-8.982226334519782807e-02
-1.934314245624016992e-01
-2.131441930355667536e-01
-2.320910335071843522e-01
-2.501520290302591265e-01
-2.672602939152652901e-01
-2.833834502736070626e-01
-2.985121597081034639e-01
-3.126523354857458359e-01
-3.258239396404853938e-01
-3.380355591307213636e-01
-4.357680168120979802e-01
-4.505113898306917219e-01
-4.646409445359583335e-01
-4.780026390442198014e-01
-4.904896723951454596e-01
-5.020992377292428088e-01
-5.128378232972321538e-01
-5.226525315519108261e-01
-5.316144588826803297e-01
-5.397318387420315666e-01
-5.463453656574075445e-01
-5.527667343143556344e-01
-5.586022740253939745e-01
-5.638038360380225322e-01
-5.683992507626002277e-01
-5.724116631071850536e-01
-5.758194936887430782e-01
-5.786619711326426163e-01
-5.809623477656664647e-01
-5.827448912844621631e-01
-4.960941665633244457e-01
-4.929604765832771296e-01
-4.894773182131249567e-01
-4.857122929368455355e-01
-4.817199594710397381e-01
-4.775382795985222417e-01
-4.731944934393303992e-01
-4.687088600709575226e-01
-4.640970351612943023e-01
-4.593628996245519014e-01
-3.647890168488221452e-01
-3.558462750354147164e-01
-3.470545365790304038e-01
-3.383744871686245048e-01
-3.298552948152312925e-01
-3.214736601903698809e-01
-3.132285949089506638e-01
-3.051165244340370286e-01
-2.971330772924557495e-01
-2.892734304287694069e-01
-1.904784226776764511e-01
-1.786991986813533662e-01
-1.673738280548146551e-01
-1.564391127517437141e-01
-1.458565940669753758e-01
-1.355959440229049240e-01
-1.256323884039430294e-01
-1.159450033562744453e-01
-1.065155779941676650e-01
-9.732784426699264690e-02
3.064076016200456554e-03
1.611582632078578659e-02
2.853251555665037298e-02
4.041898834846074928e-02
5.184252232467656540e-02
6.285353140402455407e-02
7.349115999883243378e-02
8.378693024430017289e-02
9.376713356966837054e-02
1.034544119826422692e-01
2.033724498957404370e-01
2.169401466504352061e-01
2.297918757736293061e-01
2.420523139310304384e-01
2.537860888795860914e-01
2.651097324709815739e-01
2.760013276689614048e-01
2.865434675734186420e-01
2.967699162103324406e-01
3.065630684784544924e-01
4.039229416329646050e-01
4.176367064909402016e-01
4.306360331014914555e-01
4.430397358438141753e-01
4.549258126341638730e-01
4.663516772776041819e-01
4.773609749936862934e-01
4.879880143806443193e-01
4.982606620290059851e-01
5.082022454401814437e-01
5.860058233079129542e-01
5.974975309188617079e-01
6.092655049744333251e-01
6.210728154625725361e-01
6.327679487166979477e-01
6.442581605091184382e-01
6.554880925125845526e-01
6.664019259625347802e-01
6.770631475080355344e-01
6.873974841875175601e-01
7.617812068790753566e-01
7.735106803728454272e-01
7.855033868610739045e-01
7.975132887666228632e-01
8.093828066529031862e-01
8.210148188420649529e-01
8.323781404950760798e-01
8.433486257384409379e-01
8.539894432645895872e-01
8.643228016660939872e-01
9.346209335240298621e-01
9.462001926704584065e-01
9.579599672024003976e-01
9.698288642614760757e-01
1.017468596447349549e+00
1.048252792429159364e+00
1.078388035486660623e+00
1.035475765071105725e+00
1.059361753827133823e+00
1.082277954418376709e+00
1.104498528698889759e+00
1.125915979880576012e+00
1.146774568145426443e+00
1.167097359237394549e+00
1.186919026913160646e+00
1.206257264430211640e+00
1.225118178890844289e+00
1.168273199335782886e+00
1.180528776071813724e+00
1.191832833405957803e+00
1.202404295562450542e+00
1.212103644953119730e+00
1.221117779626814226e+00
1.229445577529978184e+00
1.237091023258893641e+00
1.244046989054248264e+00
1.250300197611907471e+00
1.176969865661443126e+00
1.175680915070663080e+00
1.173264613324121353e+00
1.169846656909417248e+00
1.165511571746934205e+00
1.160387549377781546e+00
1.154334603892804401e+00
1.147507748157790886e+00
1.139897488453549101e+00
1.131537743203099522e+00
1.039976249833428623e+00
1.023878361401520332e+00
1.006820946270193584e+00
9.889675926452390353e-01
9.704453873010221443e-01
9.513535182269827750e-01
9.317741062599258495e-01
9.117789173023793659e-01
8.914334634653759970e-01
8.707994510159473567e-01
7.646737561189917987e-01
7.374427065254016700e-01
7.099087316490613198e-01
6.822620353157433648e-01
6.546529860485492680e-01
6.271990950932013753e-01
5.998879352171899715e-01
5.720397490122273165e-01
5.459284111969495701e-01
5.228001416334613349e-01
4.138711479110590563e-01
3.848371673236504753e-01
3.553118064037859014e-01
3.257796031164411632e-01
2.965937099856241765e-01
2.680142707665631452e-01
2.402130974948822884e-01
2.133042736570370801e-01
1.873635417099320799e-01
1.624406506647972370e-01
5.152218270654435051e-02
2.341553018764358507e-02
-3.823644280232962878e-03
-2.999719474943221553e-02
-5.500569668472471418e-02
-7.879801565617614023e-02
-1.013482978730573802e-01
-1.226559304788846227e-01
-1.426932690079926180e-01
-1.615324342333595564e-01
-2.650507808234272011e-01
-2.861712063183377008e-01
-3.064016969683511227e-01
-3.256014975762713259e-01
-3.436626542529443440e-01
-3.605694651728102440e-01
-3.762923346509284839e-01
-3.908296605546868197e-01
-4.042352099169815305e-01
-4.165480226842787070e-01
-5.118861850873470676e-01
-5.261430089186682757e-01
-5.397725461022340188e-01
-5.526040435669385964e-01
-5.645596123266765076e-01
-5.755339610008313178e-01
-5.855617957571377374e-01
-5.946326607574083933e-01
-6.027698366543028374e-01
-6.100037890059053503e-01
-6.131796910426058345e-01
-6.182851710348760133e-01
-6.229176911509219927e-01
-6.269803959385235048e-01
-6.304348309098346537e-01
-6.333109536250152161e-01
-6.355967967720549394e-01
-6.373115025849961368e-01
-6.384778930796197738e-01
-6.391216080943171729e-01
-5.489019977587870081e-01
-5.442871399552271505e-01
-5.394648038930887068e-01
-5.344458144167194558e-01
-5.292520674692071658e-01
-5.239025410480400158e-01
-5.184140152633596177e-01
-5.128014695616718299e-01
-5.070783954925577319e-01
-5.012572351014702443e-01
-4.033090026517174298e-01
-3.929618242103492531e-01
-3.829117580891109873e-01
-3.731196823787145123e-01
-3.635202166284980940e-01
-3.541100927706731238e-01
-3.448754494349352551e-01
-3.358066719247675969e-01
-3.268969497593022244e-01
-3.181412000732138368e-01
-2.165171343872288046e-01
-2.035763012853563092e-01
-1.912628584390776987e-01
-1.794267415399310450e-01
-1.680384801746275247e-01
-1.570265921956111588e-01
-1.463577785168005962e-01
-1.360062539188904296e-01
-1.259521267996318028e-01
-1.161704518056430602e-01
-1.371721882515275492e-02
1.263140512444138608e-04
1.317808141336140881e-02
2.559548722914900543e-02
3.747485469431011129e-02
4.887341863173838563e-02
5.987573612393598532e-02
7.047064137579139853e-02
8.070669517176271013e-02
9.060577932090257969e-02
1.917063690113613994e-01
2.056106463021031283e-01
2.186757468743197874e-01
2.310660425805068363e-01
2.428845180268318082e-01
2.542029582604587445e-01
2.650728715615992548e-01
2.755325273042273371e-01
2.856114964315312199e-01
2.953335869372126776e-01
3.929311002124925012e-01
4.065052327665064080e-01
4.193051982781228482e-01
4.314701494486309352e-01
4.430876122489787461e-01
4.542192327937155660e-01
4.649097945900436679e-01
4.751930271719230214e-01
4.850953526005920002e-01
4.946211839594515935e-01
5.705493906307643748e-01
5.815192114300878901e-01
5.928145521969455656e-01
6.042325534480826876e-01
6.155682208528807653e-01
6.267146922125865771e-01
6.376062142292184820e-01
6.482042353067306584e-01
6.584876058158746215e-01
6.684462955233096970e-01
7.416944329208665643e-01
7.530890877747925538e-01
7.647923692535113505e-01
7.766225845978621534e-01
7.883700663486584714e-01
7.999249333194813349e-01
8.112048165361386287e-01
8.222351359880811783e-01
8.328892148846747112e-01
8.432362178654069229e-01
9.137382624688987764e-01
9.254849800106467184e-01
9.962673975925699921e-01
1.019577512019180787e+00
1.042646350216321016e+00
1.065457540472927844e+00
1.087991897405946151e+00
1.032208181587280338e+00
1.049130785027386770e+00
1.065233634841035171e+00
1.080677857565059519e+00
1.095563368668161619e+00
1.109945480009167262e+00
1.123871221224816530e+00
1.137320668967544801e+00
1.150376814361523614e+00
1.162870023418297816e+00
1.094351154810337290e+00
1.100523116904836174e+00
1.105814821349662136e+00
1.110244470721282628e+00
1.114003438461138806e+00
1.117153901038096864e+00
1.119733545318329915e+00
1.121763111807553503e+00
1.123256932558664989e+00
1.124220053330565516e+00
1.041228253912309665e+00
1.035476434312907701e+00
1.028847635366116675e+00
1.021516023335873546e+00
1.013598871581516514e+00
1.005177936839274588e+00
9.963100152635071538e-01
9.870375639956827651e-01
9.773948913373970981e-01
9.674114882261661830e-01
8.710728079050940043e-01
8.547831273424972842e-01
8.379554090726506477e-01
8.207859818658920226e-01
8.034080659455933304e-01
7.859173506853780466e-01
7.683861106377098960e-01
7.508715267210435140e-01
7.334208945823845749e-01
7.160748671937648968e-01
6.109991344081879827e-01
5.883961715028380723e-01
5.658236286681508354e-01
5.434393244418088686e-01
5.213543658240955558e-01
4.996624901661078644e-01
4.784309030725171219e-01
4.577087748112561583e-01
4.375329014861251142e-01
4.179313117303220526e-01
3.102622535290399108e-01
2.866659945992482417e-01
2.634979573275573195e-01
2.409180123629645065e-01
2.190095668087119751e-01
1.979047769244897115e-01
1.776487608535958218e-01
1.582318817383646103e-01
1.396676402919847515e-01
1.219611998791759189e-01
1.655051967990006645e-02
-4.227701314025833490e-03
-2.441659723474595700e-02
-4.381995923164172524e-02
-6.234761302679125983e-02
-7.995161397167468986e-02
-9.661865607837621939e-02
-1.123412948258767918e-01
-1.271253665393447529e-01
-1.409853658418890876e-01
-2.417262357926683869e-01
-2.581152699746302459e-01
-2.739391405441486405e-01
-2.890302164659475093e-01
-3.033196827977598375e-01
-3.167045029463945172e-01
-3.291778139135647652e-01
-3.408557472944128142e-01
-3.516044872195088766e-01
-3.615443422418839758e-01
-4.571298815386693470e-01
-4.692766132702769211e-01
-4.810244318730878543e-01
-4.922024415114494289e-01
-5.027030656465061309e-01
-5.124666194925889817e-01
-5.214504720815791305e-01
-5.296994132516354981e-01
-5.371628589645170981e-01
-5.439019906153117478e-01
-5.479929049529956853e-01
-5.531014166942260779e-01
-5.577947280945891873e-01
-5.620208318722084151e-01
-5.657559426857616813e-01
-5.690241125344285278e-01
-5.717907283908564287e-01
-5.740534095635785317e-01
-5.758650882734432930e-01
-5.772443739123890305e-01
-4.878320592371778730e-01
-4.845523625253639888e-01
-4.810717519213028592e-01
-4.776741270274274531e-01
-4.735718630657771433e-01
-4.696018545159669766e-01
-4.653798020254710788e-01
-4.630967040028626802e-01
-4.603143712874127047e-01
-4.566129112407750767e-01
-3.597553319201977073e-01
-3.510705346037002461e-01
-3.424098124210280814e-01
-3.338230560523259838e-01
-3.253501093470568262e-01
-3.170140574859999782e-01
-3.088274329158569587e-01
-3.007961583061931066e-01
-2.929220424058233685e-01
-2.852043519689775319e-01
-1.834926526865076624e-01
-1.718872109319545816e-01
-1.608317028370681023e-01
-1.502290105359935790e-01
-1.400225958898659306e-01
-1.301717902900609847e-01
-1.206463526377428153e-01
-1.114229433729421737e-01
-1.024828308385182796e-01
-9.381039119283612893e-02
8.662431031293160721e-03
2.113515129989751440e-02
3.292248646767403919e-02
4.414964381225844336e-02
5.489271389102556853e-02
6.520597093969354718e-02
7.512940152130953564e-02
8.469357005766375845e-02
9.392277260860659727e-02
1.028370894469390895e-01
2.042083571298055067e-01
2.168908517139163106e-01
2.288498255159561179e-01
2.402155643088013104e-01
2.510684499678319526e-01
2.614658639260237782e-01
2.714501175347709960e-01
2.810535728473226857e-01
2.903019581239522084e-01
2.992165221614007109e-01
3.976146473879603738e-01
4.101853302006986390e-01
4.220925359634167817e-01
4.334418337545081767e-01
4.442984775950258314e-01
4.547099702555739142e-01
4.646986118516837072e-01
4.743383695538291867e-01
4.836125258901116664e-01
4.925148259754953961e-01
5.710323932425915849e-01
5.814131378402389583e-01
5.921889364687027424e-01
6.030820061745132410e-01
6.139124447325593481e-01
6.245690430549328820e-01
6.349844799405818252e-01
6.451194434207603301e-01
6.549524683848091389e-01
6.644734341327248606e-01
7.408253441867056477e-01
7.517964202652498429e-01
7.631734408949499837e-01
7.746688684982427908e-01
7.860976735279192606e-01
7.973277133107932180e-01
8.083677504807893488e-01
8.190490908995819996e-01
8.294462631383034967e-01
8.395206928145713121e-01
9.135651699449464092e-01
9.251107503145261646e-01
9.370924385369737708e-01
9.414278518956858965e-01
9.661675776569697005e-01
9.902790584247176398e-01
1.013845228010691546e+00
1.036916296916919666e+00
1.059520706037638149e+00
1.001987152257112657e+00
1.018651241563166110e+00
1.034436168064824857e+00
1.049584183351859767e+00
1.064169979948058620e+00
1.078244410135425824e+00
1.091835001859624787e+00
1.104954989443633462e+00
1.117608675058997303e+00
1.129794693763470415e+00
1.059946908219693285e+00
1.065824350116726382e+00
1.070794128694846137e+00
1.075082137334848476e+00
1.078771697546755171e+00
1.081914910680959796e+00
1.084542157745742585e+00
1.086670967801963705e+00
1.088311314544373243e+00
1.089468864046650332e+00
1.006111025662202785e+00
1.000639269148416499e+00
9.944274759103528538e-01
9.876114167925106324e-01
9.802884602386779944e-01
9.725253634269118708e-01
9.643708348902033656e-01
9.558640967551743639e-01
9.470259246099156369e-01
9.379394371239783146e-01
8.421712566929661081e-01
8.267375302989744545e-01
8.108751909401825664e-01
7.947330015618088161e-01
7.784219598742512236e-01
7.620228724689728228e-01
7.455972522401717040e-01
7.291941730541747768e-01
7.128545628683065072e-01
6.966138754306256953e-01
5.925403979465566628e-01
5.709865197186476671e-01
5.494685466606237245e-01
5.280898860777198944e-01
5.070429654001566977e-01
4.863880605497712395e-01
4.661588417369895154e-01
4.463993167592064104e-01
4.271432446033778252e-01
4.084167621110302848e-01
3.015565176746505260e-01
2.786544706727732690e-01
2.561739638891851190e-01
2.342555458878934349e-01
2.129779230975807347e-01
1.924591439233165890e-01
1.727359056163630391e-01
1.538006257792149389e-01
1.356655499068301074e-01
1.183356967676196247e-01
1.322336583442690339e-02
-7.410537055733162903e-03
-2.740630559168868996e-02
-4.666712353382890255e-02
-6.510817848728295276e-02
-8.267950418287783876e-02
-9.936127052567961249e-02
-1.151311164592612180e-01
-1.299661807230412247e-01
-1.439293017591708468e-01
-2.447915150823697372e-01
-2.615029436085788417e-01
-2.776499189028322490e-01
-2.930845876195898869e-01
-3.077149673302455590e-01
-3.214947423995448972e-01
-3.344067501538959264e-01
-3.464644551557645169e-01
-3.576598473046033178e-01
-3.680270501282021933e-01
-4.641095557415346740e-01
-4.768810027515318906e-01
-4.892384329463153603e-01
-5.010486078656606335e-01
-5.121315102184038626e-01
-5.224845429769102712e-01
-5.321036921473862868e-01
-5.409408139902885937e-01
-5.490367332963206337e-01
-5.563814557295677643e-01
-5.615180097761244271e-01
-5.672616683588078690e-01
-5.725517916832379983e-01
-5.773447136994749318e-01
-5.816236904956717524e-01
-5.854155474267430659e-01
-5.886844597265995516e-01
-5.914242480349016784e-01
-5.936940338102912884e-01
-5.955117451393994177e-01
-5.074689332028802236e-01
-5.044713379901779593e-01
-5.011509678955194946e-01
-4.975819757523415321e-01
-4.938058081081933004e-01
-4.898079989838517445e-01
-4.856621403811380855e-01
-4.813873223471444307e-01
-4.769983108264364557e-01
-4.725072088445566587e-01
-3.770131026361959181e-01
-3.683296689237173238e-01
-3.597593020885261339e-01
-3.512976064524548914e-01
-3.429516703325987126e-01
-3.347253910581071690e-01
-3.266206028997518107e-01
-3.186383505443952657e-01
-3.107974498945553221e-01
-3.030622459184569850e-01
-2.034901239671664253e-01
-1.918628235747755761e-01
-1.806386876203673331e-01
-1.697622664205876153e-01
-1.592051269253753620e-01
-1.489458856275077125e-01
-1.389677560066323592e-01
-1.292569613664484862e-01
-1.198017004688735065e-01
-1.105914685451152568e-01
-9.372154821454925511e-03
3.614990409490981271e-03
1.602581666040064912e-02
2.795086064852414509e-02
3.944291926926363212e-02
5.054042313018713983e-02
6.127245322996943688e-02
7.166197735303470040e-02
8.172794462901167289e-02
9.148664595091887675e-02
1.923795466114620600e-01
2.058791392005309695e-01
2.187327789375330123e-01
2.310441805538265836e-01
2.428758552562319539e-01
2.542731002272367036e-01
2.652700026407167622e-01
2.758933065861919331e-01
2.861649095782655139e-01
2.961034786291766308e-01
3.947960865555896759e-01
4.083958493022680214e-01
4.213873125827504174e-01
4.338897710951817310e-01
4.458836515151433089e-01
4.574200248736753349e-01
4.685617429969841652e-01
4.793305647710334738e-01
4.897446135992175043e-01
4.997948552078394502e-01
5.940735762984069579e-01
6.075682232376954373e-01
6.206062029446728356e-01
6.332183932770603096e-01
6.454401284619744050e-01
6.572898418865662507e-01
6.687002446434604508e-01
6.797439628230198538e-01
6.904440449663039603e-01
7.008111846861123650e-01
7.746837645226892777e-01
7.862258849231589242e-01
7.984312035812261010e-01
8.109239252045377100e-01
8.234628612550325411e-01
8.359005328211811525e-01
8.482188692725064483e-01
8.601654781418062168e-01
8.718477021860674414e-01
8.832396550696185455e-01
9.554884802196845772e-01
9.681336020395796549e-01
9.815461220965785438e-01
8.981401929299862585e-01
9.226075798147237439e-01
9.458533194676808087e-01
9.682372309871661864e-01
9.899822316722505233e-01
1.011224588414785686e+00
1.032073419698437577e+00
1.052535120639515265e+00
9.959398521977329555e-01
1.010772922958735442e+00
1.024934497832541647e+00
1.038551839941320720e+00
1.051704992779526782e+00
1.064446460364879554e+00
1.076793114230584436e+00
1.088746112241010033e+00
1.100369806858680910e+00
1.111540913782353979e+00
1.043000676506661062e+00
1.048037779989795748e+00
1.052385723644181148e+00
1.056191878653314875e+00
1.059416651327793613e+00
1.062157970503768034e+00
1.064448353703098427e+00
1.066303976418586652e+00
1.067730537743739383e+00
1.068730995429946651e+00
9.869170497759491845e-01
9.814132025317452435e-01
9.752728770972484140e-01
9.686250252755939094e-01
9.615465260887592347e-01
9.540901853960750412e-01
9.462943213824228650e-01
9.381885153229296836e-01
9.297972191114558527e-01
9.211420013620983394e-01
8.269409355667305395e-01
8.120538160254116011e-01
7.968458910073850099e-01
7.814339953006439465e-01
7.659085092790182125e-01
7.503362349630668948e-01
7.347688920317436700e-01
7.192484454193547316e-01
7.038104295737079852e-01
6.884860068257863119e-01
5.859122743180269488e-01
5.652326026514600255e-01
5.446777799233242234e-01
5.243635547877275593e-01
5.043785341497517560e-01
4.847857252843827958e-01
4.656311216223483207e-01
4.469487283476996087e-01
4.287558234376485089e-01
4.110760112798061972e-01
3.054375156941754321e-01
2.834840927149657741e-01
2.620198345097755066e-01
2.411530105929922119e-01
2.209600081025735463e-01
2.014816375777762070e-01
1.827493371314630188e-01
1.647856704316169596e-01
1.476264462206008377e-01
1.312331312279106654e-01
2.688183446640812768e-02
6.977874461719435484e-03
-1.224141109787774129e-02
-3.072513501456164420e-02
-4.837726663219399370e-02
-6.518212427317687796e-02
-8.112460445899061234e-02
-9.620420576420668501e-02
-1.104299705792295971e-01
-1.238199660408472180e-01
-2.246068544699321157e-01
-2.409604541922706900e-01
-2.566913834633949287e-01
-2.717387907741583564e-01
-2.860025765306671297e-01
-2.994810996103755008e-01
-3.120833423685648311e-01
-3.239055934229040368e-01
-3.348566284633018864e-01
-3.450524875681023063e-01
-4.416682848856587351e-01
-4.545443454960926277e-01
-4.669743651703384679e-01
-4.788565983917150159e-01
-4.900366624017803985e-01
-5.004907670915788032e-01
-5.102238864796690976e-01
-5.192386764507546104e-01
-5.275479911095301011e-01
-5.351703585338534186e-01
-5.420591557178207065e-01
-5.483290648579927096e-01
-5.540688312607953137e-01
-5.593042775012884160e-01
-5.640356695589909819e-01
-5.682712575560637802e-01
-5.720246941889648440e-01
-5.753127475685837489e-01
-5.781538433141277800e-01
-5.805661474958113688e-01
-4.947620358704974963e-01
-4.925291359862579155e-01
-4.898606197829427078e-01
-4.868994444429974866e-01
-4.837157540853833648e-01
-4.803563474575449632e-01
-4.768533867743994792e-01
-4.732295897917163097e-01
-4.695015294496177605e-01
-4.656817326069034868e-01
-3.722931156195666835e-01
-3.643812210331676127e-01
-3.564883151961840690e-01
-3.486489528105406466e-01
-3.408932279707804769e-01
-3.332418252028692685e-01
-3.257061687775643088e-01
-3.183092552891422233e-01
-3.109857902694566079e-01
-3.037848276623275057e-01
-2.060484655142162946e-01
-1.950510396113381839e-01
-1.843379930153113411e-01
-1.738985079158476554e-01
-1.637314968880723143e-01
-1.538323142961874335e-01
-1.441942394318513898e-01
-1.348093947218458322e-01
-1.256693045502442208e-01
-1.167521986431201975e-01
-1.700653643685934302e-02
-4.439574247432853671e-03
7.700928018685548881e-03
1.945307750560004711e-02
3.083063476106862044e-02
4.185152082336623947e-02
5.253193874129807872e-02
6.288674261698429246e-02
7.292987573190867767e-02
8.268353362242530924e-02
1.824598612670902398e-01
1.958624946554267665e-01
2.087788425843972173e-01
2.212406939034195497e-01
2.332769442939294779e-01
2.449117057306834377e-01
2.561658378804836933e-01
2.670579113808098648e-01
2.776048316973578345e-01
2.878222543974390812e-01
3.859459807500802420e-01
3.996520237136407250e-01
4.129312572942094861e-01
4.257996840217213030e-01
4.382635103583698566e-01
4.503479366091054370e-01
4.620746910912312266e-01
4.733997880573711514e-01
4.843525642506216755e-01
4.949732984819306680e-01
5.893169317725175382e-01
6.031565218801326900e-01
6.167497567280351145e-01
6.300453459139314649e-01
6.430086993600822032e-01
6.556232493063609557e-01
6.678836721299117318e-01
6.797915799366405221e-01
6.913527879490080075e-01
7.025755870512513379e-01
7.789242933261426582e-01
7.913501234158430986e-01
8.045695636873673173e-01
8.182335649782466191e-01
8.318872052404647777e-01
8.454716727515632080e-01
8.588828564999009263e-01
8.720560515920769973e-01
8.849537324760827772e-01
8.975562500529397081e-01
9.734924181994403236e-01
9.874226585845292670e-01
1.002207409738641974e+00
8.756425720429452664e-01
8.931288768898715258e-01
9.103500729836349059e-01
9.273040767737944501e-01
9.439887467421690381e-01
9.043315389288270056e-01
9.172283501478821766e-01
9.293429079215692612e-01
9.408768995252729805e-01
9.520159731485989818e-01
9.626717473494816879e-01
9.729859870607275862e-01
9.829800432627655571e-01
9.927376938386094363e-01
1.002114730964723144e+00
9.517168451561891507e-01
9.567153603822892149e-01
9.610270351770572317e-01
9.647920107354457375e-01
9.680998864443244312e-01
9.710047148924326743e-01
9.736041410080248371e-01
9.757767825709726672e-01
9.775986141155607045e-01
9.790809778365757721e-01
9.174745845901814967e-01
9.141241609287699132e-01
9.101774929935019243e-01
9.057485963904388093e-01
9.009159513718627554e-01
8.957314278234502769e-01
8.902304042026526476e-01
8.844381684013401523e-01
8.783739623192664547e-01
8.720535310139018170e-01
7.999108627972967289e-01
7.887427255892229816e-01
7.771967049215926515e-01
7.653798674389737933e-01
7.533724059236317494e-01
7.412323777864021634e-01
7.290038448931693837e-01
7.167222209349374262e-01
7.044214218193101118e-01
6.921185292339913087e-01
6.121909192037737757e-01
5.955627538217942440e-01
5.789023607938024174e-01
5.623127144398810673e-01
5.458726634672574907e-01
5.296394677586593325e-01
5.136559003470564377e-01
4.979516867787975309e-01
4.825619958489661965e-01
4.675068700177243963e-01
3.839769625453336443e-01
3.653933961409859821e-01
3.471090392238422861e-01
3.292195408426779046e-01
3.117951803583220993e-01
2.948828604776552176e-01
2.785139040782661501e-01
2.627090484551343752e-01
2.474816558270515610e-01
2.328397901901341216e-01
1.496293855682123697e-01
1.321824530418336252e-01
1.152205006475760518e-01
9.883520951144214584e-02
8.308861831654054675e-02
6.801570929346731353e-02
5.360490150666630260e-02
3.990405126316221018e-02
2.694137280578726146e-02
1.466556510762395682e-02
-6.573397038843964424e-02
-8.033146557023085332e-02
-9.443580540359058917e-02
-1.079473261789585248e-01
-1.208027964447975777e-01
-1.329699871801784394e-01
-1.444376501932883583e-01
-1.552282256545575723e-01
-1.653286479339161619e-01
-1.747076741587197946e-01
-2.513645564437962387e-01
-2.627751777957708090e-01
-2.738044539150352730e-01
-2.843345162600921516e-01
-2.943099021233992474e-01
-3.036782255986702483e-01
-3.123686248263648491e-01
-3.204375507782417087e-01
-3.278947417910936246e-01
-3.347543946078461730e-01
-4.077048801496541697e-01
-4.163989321947327293e-01
-4.248716388784871123e-01
-4.329757404735051218e-01
-4.406172715928713957e-01
-4.477486198811693741e-01
-4.543534246280988009e-01
-4.604394457247449335e-01
-4.659583637758476504e-01
-4.709655978113004293e-01
-4.678506838613846752e-01
-4.713150665323822541e-01
-4.745195336245691120e-01
-4.774213211514584110e-01
-4.800278260529453056e-01
-4.822337136718798378e-01
-4.841064190419920310e-01
-4.856392308954005088e-01
-4.868606561584167824e-01
-4.877705370540411645e-01
-4.066024830449349592e-01
-4.031382409229793962e-01
-3.995113283577405028e-01
-3.957462112850128610e-01
-3.918776371086923893e-01
-3.879276899647963184e-01
-3.839110964560134009e-01
-3.798388705737559823e-01
-3.757229925636117462e-01
-3.715932518846865040e-01
-2.842984900362408029e-01
-2.762002353629481322e-01
-2.683032150262952831e-01
-2.605761699009964127e-01
-2.529906596722572565e-01
-2.455613370375628324e-01
-2.382830737047709202e-01
