-7.253731545936613623e-01
-5.128573952374828604e-01
-3.878738413438757027e-01
-2.887474089680779343e-01
-2.083277737649727457e-01
-1.418605050202409457e-01
-8.623553855626574227e-02
-4.099492663817538851e-02
-2.305332863062843629e-03
3.082017174709954233e-02
5.911798053520482543e-02
8.318749584075380010e-02
1.034581215063230392e-01
1.203221852849140766e-01
1.341260989554705074e-01
1.451247231516932801e-01
1.535508505440807414e-01
1.569058082518591801e-01
1.588359948060887317e-01
1.593023983239189589e-01
1.586538394193262869e-01
1.564334275583909584e-01
1.533213033702608974e-01
1.492434138672069643e-01
1.445120099366819788e-01
1.386537134545414440e-01
1.329932552198284101e-01
1.237470446594880202e-01
1.144223185772944990e-01
1.052568159487028004e-01
9.568114873254086883e-02
8.629697735999902752e-02
7.693980208439400725e-02
6.763601202549149316e-02
5.841060490985215681e-02
4.928666832775313589e-02
4.132604002975039797e-02
3.043075682521268616e-02
1.970763656019156040e-02
9.709217887672167563e-03
2.119986296330762798e-04
-8.806887487718512500e-03
-1.736641491350617711e-02
-2.548323451440275347e-02
-3.317262719524703002e-02
-4.044908319974261507e-02
-4.619539179150707747e-02
-5.497174251287653690e-02
-6.297453548511197652e-02
-7.026555452766210241e-02
-7.689915642261391238e-02
-8.292184272525203459e-02
-8.837469070084325029e-02
-9.329490178051377813e-02
-9.771678836261274426e-02
-1.016724060845159705e-01
-1.040937828181919961e-01
-1.095910052918407929e-01
-1.143064380429898302e-01
-1.182970197159955994e-01
-1.218677521032045796e-01
-1.244442892476890355e-01
-1.266941737580056238e-01
-1.284559190441559862e-01
-1.297716874358599282e-01
-1.306805309199293164e-01
-1.301569202898588129e-01
-1.328442098673136562e-01
-1.348239630342190909e-01
-1.361757846169698305e-01
-1.369672376722181062e-01
-1.374560988015476326e-01
-1.371004847582254493e-01
-1.365629955617074232e-01
-1.356745340979793879e-01
-1.344754795541337755e-01
-1.319473371304533682e-01
-1.328087811126151263e-01
-1.332188738752792534e-01
-1.327100663986204854e-01
-1.319600888779563774e-01
-1.308128009926110280e-01
-1.293560877720381086e-01
-1.277225833087294871e-01
-1.254625503079283555e-01
-1.232114450741191441e-01
-1.197527576348205725e-01
-1.198982671132178546e-01
-1.191561062650373509e-01
-1.182822672148849952e-01
-1.170915114417873798e-01
-1.152145174111705722e-01
-1.135485746818074015e-01
-1.111366675942975085e-01
-1.092243077521553585e-01
-1.065794674491686855e-01
-1.029369330291522860e-01
-1.029370452295356453e-01
-1.025538274480668893e-01
-1.018698633502343187e-01
-1.005241889521956283e-01
-9.921263157183733694e-02
-9.771585378792513321e-02
-9.608328093431711681e-02
-9.435465776870112509e-02
-9.263042730142932724e-02
-8.949446088834434043e-02
-8.702272587814949278e-02
-8.457647255957005672e-02
-8.212230056550376411e-02
-7.998318376334059843e-02
-7.772818849653664874e-02
-7.544457145623989502e-02
-7.426778380568087312e-02
-7.208219640206045553e-02
-7.053357961945341814e-02
-6.748837500354749885e-02
-6.231505576090869136e-02
-5.775423733679735383e-02
-5.390517882637088642e-02
-5.059200894124788600e-02
-4.790106269992692317e-02
-5.457797290705795890e-02
-4.339806836317021410e-02
-4.408950569000055081e-02
-5.663033574090767935e-02
-5.189259517431500657e-02
-4.634653844999123140e-02
-4.170519304636451097e-02
-3.789989405441399062e-02
-3.486805746869749145e-02
-3.255401396869373604e-02
-3.090720663064897011e-02
-2.988103462909570684e-02
-2.943210714713019593e-02
-2.951975687097241341e-02
-2.651998075200494298e-02
-2.318681895565226359e-02
-2.070234108431316666e-02
-1.900471079107900196e-02
-1.803217273689396161e-02
-1.772631578667036023e-02
-1.803195777311220049e-02
-1.889704159510993686e-02
-2.027253693974778725e-02
-2.211234432215741785e-02
-2.031553701519331345e-02
-1.860974061805206747e-02
-1.765929355826464930e-02
-1.740151302614395545e-02
-1.777352617594180062e-02
-1.871569246546347931e-02
-2.017176290414998685e-02
-2.208892876089205148e-02
-2.441779888535504373e-02
-2.711233171836895106e-02
-2.588068373610866169e-02
-2.504496717652707205e-02
-2.485193875679625464e-02
-2.524174959017272402e-02
-2.615452518216407340e-02
-2.753362712840393134e-02
-2.932590395627435176e-02
-3.148177913183804189e-02
-3.390683450035431035e-02
-3.671271225298346208e-02
-3.565194450817057992e-02
-3.516389944266651302e-02
-3.507777193596299525e-02
-3.562320515743902516e-02
-3.653712983944877590e-02
-3.782407560022525705e-02
-3.943586920387540107e-02
-4.132796873268662630e-02
-4.345938889520936654e-02
-4.579257242222517510e-02
-4.953198447301043750e-02
-5.159723994800941016e-02
-5.398052448970917794e-02
-5.656919505246513213e-02
-5.946282605093393403e-02
-6.244218082249966550e-02
-6.552909398186285150e-02
-6.868906331761306938e-02
-7.189245107095704190e-02
-7.511356096107792146e-02
-7.961514791853988027e-02
-8.247277090672579247e-02
-8.547601048162233039e-02
-8.856852970196620045e-02
-9.170458681927259881e-02
-9.485935171863074666e-02
-9.799949072661048866e-02
-1.011099163263263767e-01
-1.041618327929355325e-01
-1.071413353161697335e-01
-1.113617241792917711e-01
-1.140537868535789756e-01
-1.168049093960515511e-01
2.846504464542878865e-01
2.887585611027504440e-01
2.931459129050116297e-01
2.977834539139251890e-01
3.107832032356497298e-01
3.025461334010807746e-01
2.989466190589429306e-01
3.050722986894179312e-01
3.110254540609718732e-01
3.168291116767155691e-01
3.225523117321866251e-01
3.281233859570121258e-01
3.336307183712388658e-01
3.390457995061380014e-01
3.443742032916140006e-01
3.496190793278894926e-01
3.525577035953045835e-01
3.576737250073466212e-01
3.625038714563730835e-01
3.670670624956578476e-01
3.713799063295241676e-01
3.754561432257985110e-01
3.793074124651006351e-01
3.829437475027867022e-01
3.863739013560441027e-01
3.896055660207871085e-01
3.905448304235974444e-01
3.934618331081789488e-01
3.959882974870067573e-01
3.981363857911677240e-01
3.999588044373106333e-01
4.014746468521387390e-01
4.026280625301600358e-01
4.035227313770797797e-01
4.041357068680948017e-01
4.044819164829939195e-01
4.025141744902672736e-01
4.024819621284466131e-01
4.020098255259512143e-01
4.011288389343862226e-01
3.998681587353742350e-01
3.982542233607763160e-01
3.963114489989616462e-01
3.940626866832120934e-01
3.915295270625281931e-01
3.887325071229063012e-01
3.836175822478266051e-01
3.805485385017172706e-01
3.770666169459431227e-01
3.732237617744743052e-01
3.690242267345018590e-01
3.645063928292648914e-01
3.597716464953768511e-01
3.547618241325899424e-01
3.495429295519516533e-01
3.441395644820984256e-01
3.364239244560112141e-01
3.310023260536661405e-01
3.252662389634287110e-01
3.192611247652529793e-01
3.130294034902354472e-01
3.066094578500776491e-01
3.000364485787908597e-01
2.933428510934131261e-01
2.865588139152482894e-01
2.797124033170055313e-01
2.705135268503151558e-01
2.639557212323481727e-01
2.571762704497377316e-01
2.503126852578962946e-01
2.433232533800012143e-01
2.362835682286982264e-01
2.292250132023906373e-01
2.221771867161169700e-01
2.151674985950373653e-01
2.082096580927941809e-01
1.987989116669513501e-01
1.923457804527002879e-01
1.858345530425046521e-01
1.793145392791811454e-01
1.728241820588363176e-01
1.663973192529111800e-01
1.600637190189045933e-01
1.538496430126168879e-01
1.477586264122117132e-01
1.418680606657339027e-01
1.332007892121974679e-01
1.279066398337407873e-01
1.226093540263097220e-01
1.173797537703525351e-01
1.123179306698812163e-01
1.074231716919164248e-01
1.026182732456487473e-01
9.808538350793849503e-02
9.374970241012785255e-02
8.964713646374862510e-02
8.214856205904121078e-02
7.689478440480745913e-02
7.199998213379615875e-02
6.752639493085171862e-02
6.345558447499762000e-02
5.968902765184998238e-02
5.634868096151216671e-02
5.338915427345250486e-02
5.080676211380506097e-02
4.859698417932759723e-02
4.211728505271623152e-02
3.689742170886478601e-02
3.241744363291267084e-02
2.863390142721630380e-02
2.550520693467281386e-02
2.299300409431146580e-02
2.106151859257240910e-02
1.967712764250065596e-02
1.880807115498152327e-02
1.846259169115901239e-02
1.309224909637381196e-02
9.522179929757713934e-03
6.725131476893346505e-03
4.714372858523482868e-03
3.359806905247730846e-03
2.636136779596495727e-03
2.494557040836814510e-03
2.889300780924003442e-03
3.777433751617126356e-03
5.118694043953750383e-03
8.156424048182814301e-04
-1.327281558162307640e-03
-2.729033734643851461e-03
-3.449811915115452710e-03
-3.548708293785146628e-03
-3.081426547933030502e-03
-2.100258257332426881e-03
-6.541328330607054653e-04
1.211288304228480550e-03
3.453491846303766155e-03
-4.744432805691700672e-04
-1.919064414204779689e-03
-2.707497275243248014e-03
-2.898237726794927749e-03
-2.548972201032603802e-03
-1.714192322253976775e-03
-4.449896212334186751e-04
1.210993778343716354e-03
3.209519239916608369e-03
5.509649539346531122e-03
1.429720738264625424e-03
3.764827943640580710e-05
-7.822298382764020230e-04
-1.085121968830787820e-03
-9.599310529229826416e-04
-3.483778158410860692e-04
5.857664755019309499e-04
1.855407097787212245e-03
3.659349247496140878e-03
5.470934829111581688e-03
1.041497755778678092e-03
-6.724544893740025397e-04
-1.891105346996865832e-03
-2.666095590416792116e-03
-3.047600284841162077e-03
-3.082556330186739246e-03
-2.814530027990203020e-03
-2.283727174552427353e-03
-1.527087258981693618e-03
-5.784255369042645700e-04
2.463014138210192772e-03
3.946463085572338159e-03
5.590546710963900656e-03
7.351620880589077034e-03
9.193327330097866845e-03
1.108540449068287637e-02
1.300225459235765380e-02
1.489324087752914860e-02
1.683154353794423519e-02
1.871174698804442538e-02
2.251667557412646847e-02
2.467801932576095536e-02
2.679705414719323053e-02
2.884909013381881104e-02
3.081506710508997993e-02
3.268052150446806858e-02
3.444304797071785773e-02
3.606483276645905400e-02
3.754985229425437943e-02
3.895606721699852726e-02
4.225899564621069665e-02
4.390208586732595453e-02
4.539791522255781642e-02
4.676388165106786649e-02
-1.956115456724664622e-03
-1.347674350149114658e-03
-1.067301279964243295e-03
1.024929348017671916e-03
8.124080522673143151e-04
4.294702675457532856e-04
1.896262237459211270e-04
-7.978601720795893554e-04
-1.629277925991401768e-03
-2.578082958816968299e-03
-3.639027626813102698e-03
-4.805923311577548623e-03
-6.072925099329991132e-03
-6.201225852908391796e-03
-8.010487628547727917e-03
-9.805118853196369277e-03
-1.127257955145493339e-02
-1.340118423793716304e-02
-1.521322688918390689e-02
-1.703356581254245050e-02
-1.886902406919120645e-02
-2.072385766276690217e-02
-2.260104348331013618e-02
-2.358090721143764681e-02
-2.607076244935042225e-02
-2.846470163941097059e-02
-3.077732171850546677e-02
-3.301943574577115292e-02
-3.490587830715673884e-02
-3.731715734075928548e-02
-3.942503980556671256e-02
-4.144544198969392357e-02
-4.342023037262006391e-02
-4.455756798007923930e-02
-4.715342018051583983e-02
-4.956574807889291279e-02
-5.180905955305287885e-02
-5.389412482131744619e-02
-5.582904723244061507e-02
-5.762008425988282556e-02
-5.927219973244839124e-02
-6.078944310501147030e-02
-6.217521591732533270e-02
-6.265561713517980857e-02
-6.460303142530561538e-02
-6.627192790038712034e-02
-6.768083816362639726e-02
-6.884485148433133750e-02
-6.977668769368150503e-02
-7.579672495517936204e-02
-7.317681904100531431e-02
-7.021197372044538088e-02
-5.126854052026796893e-02
-4.918367229911199678e-02
-5.293474105054992579e-02
-5.630964271142586269e-02
-5.913537749736659521e-02
-6.146347508285838340e-02
-6.333553922611762088e-02
-6.478634396818996888e-02
-6.584614334684762982e-02
-6.654212980274967770e-02
-6.689936226526536911e-02
-6.621678844797751484e-02
-6.692809602631397126e-02
-6.716192842579883637e-02
-6.700024645351412844e-02
-6.647981395859597908e-02
-6.563126536995245175e-02
-6.448374475580465059e-02
-6.304823151927677061e-02
-6.141516198109069069e-02
-5.952553630358851933e-02
-5.642915519175131095e-02
-5.503852211501087527e-02
-5.333624625788140755e-02
-5.134415857228227797e-02
-4.914903538601203548e-02
-4.672830948087602215e-02
-4.412238030957284229e-02
-4.141879745070806140e-02
-3.859790189308014152e-02
-3.561433380293834577e-02
-3.126990740082970233e-02
-2.893151873829655565e-02
-2.642991443844804056e-02
-2.381339318125806279e-02
-2.100747036252675892e-02
-1.820602737291633980e-02
-1.533431268885139705e-02
-1.244190110356220395e-02
-9.550928787629191230e-03
-6.681396990117752580e-03
-2.141167840296529651e-03
1.441135531342187552e-03
4.973705376185575018e-03
8.362097266279218052e-03
1.154392835159718210e-02
1.459722449432896904e-02
1.748305473869685156e-02
2.019485156627425296e-02
2.272725106345931806e-02
2.507589352772120542e-02
2.941145190108368154e-02
3.401195446375659959e-02
3.816092250356641069e-02
4.187851600521953765e-02
4.518558064405245323e-02
4.810185623155671664e-02
5.064610292639716571e-02
5.283621856561612762e-02
5.468935086319841321e-02
5.622191213872358012e-02
6.008183889683162138e-02
6.392443481572976371e-02
6.718984462654969958e-02
7.001972312023946321e-02
7.233296212592726926e-02
7.420140219212048582e-02
7.565545610311423530e-02
7.672401958527708121e-02
7.743443539965345901e-02
7.781249432083572892e-02
8.069595512000457549e-02
8.349175514327193681e-02
8.578965994580500798e-02
8.753770272484300008e-02
8.886363990936552160e-02
8.977111682807835391e-02
9.029444193733437984e-02
9.046609920885897993e-02
9.031664872201655703e-02
8.984786487709295333e-02
9.184506689255744760e-02
9.382361861751889465e-02
9.533735492445225002e-02
9.641946320921405966e-02
9.710544399890150280e-02
9.746262093595126075e-02
9.742249542726741374e-02
9.712329668160199492e-02
9.655691879188471605e-02
9.575089315969674553e-02
9.692749618744148088e-02
9.836587902462351485e-02
9.941362958849243869e-02
1.001004604535115500e-01
1.004583285826982642e-01
1.005185528504447534e-01
1.003111192189404949e-01
9.986429914876336633e-02
9.920446420663170395e-02
9.835602238904078698e-02
9.870431723689973569e-02
9.971059215245903218e-02
1.004039724254226496e-01
1.008105439416547150e-01
1.009579735234516912e-01
1.008730774963423893e-01
1.005812982910376241e-01
1.001064299326651919e-01
9.947049859832744756e-02
9.872191776974299782e-02
9.377714174738999153e-02
9.205002747002385965e-02
9.025712800050907092e-02
8.836668925139817832e-02
8.642962546177836158e-02
8.446610549308686267e-02
8.249170035181721539e-02
8.051865910332481335e-02
7.855676124644066227e-02
7.661388794328181928e-02
7.069448716863134530e-02
6.796601904843403708e-02
6.532673161715099597e-02
6.271525143529280144e-02
6.016701200098527325e-02
5.769150752192722664e-02
5.531188091142674734e-02
5.296370822115693128e-02
5.074405388336544753e-02
4.859307945351250269e-02
4.249307983385842979e-02
3.960876669894995705e-02
1.248199858603926682e-01
1.316974763226414491e-01
1.383478934813823780e-01
1.447931674728096807e-01
1.510529759534756655e-01
1.563076822232400132e-01
1.620086135342524991e-01
1.674586751523796657e-01
1.726812688727316636e-01
1.776973854406928566e-01
1.825117312260331193e-01
1.870749449012257259e-01
1.916492313784112778e-01
1.956657918563125542e-01
2.002345124247518204e-01
2.033465123753131765e-01
2.069513903321694159e-01
2.101563576634998820e-01
2.137329680414848110e-01
2.167997758748363424e-01
2.196824136845440534e-01
2.223951662299286092e-01
2.249490547979212662e-01
2.272939384575530519e-01
2.296107158727807573e-01
2.304952639339363230e-01
2.326198814535985759e-01
2.341397629694413063e-01
2.354287818713490521e-01
2.364887644690696900e-01
2.373415647452483401e-01
2.379987244646244171e-01
2.384700639819083701e-01
2.387648254848291907e-01
2.388917719874439904e-01
2.376865296997478227e-01
2.377061795021435109e-01
2.370937847755899275e-01
2.362253678316821870e-01
2.351170202774790774e-01
2.337859361615054754e-01
2.322480328791595994e-01
2.305182521943617280e-01
2.286107644524112970e-01
2.265391081822586139e-01
2.234007551551499549e-01
2.212791475560235144e-01
2.182259701004288788e-01
2.152930763912401235e-01
2.121480704316828780e-01
2.088140237679232680e-01
2.053124683816564822e-01
2.016636025829840473e-01
1.978864977096831401e-01
1.939992355973225169e-01
1.889197989218226181e-01
1.848253150607388484e-01
1.805535467726916976e-01
1.760215241785046958e-01
1.713861176541879305e-01
1.663165387370135750e-01
1.615776039066467162e-01
1.567746762559172891e-01
1.519269455835978166e-01
1.470538707867368455e-01
1.407993525857473560e-01
1.359646999475884743e-01
1.310989855479771649e-01
1.257981276438590035e-01
1.205809653315679519e-01
1.154453184662296572e-01
1.103172931746611851e-01
1.052179086886354531e-01
1.001662189512279311e-01
9.517946900507498476e-02
8.851718428959495788e-02
8.397289342978482563e-02
7.910865389993576580e-02
7.434925751834003949e-02
6.921904600856554346e-02
6.398243166954556416e-02
6.014697614305104800e-02
5.506065265600355862e-02
5.098756990361665020e-02
4.612202643008358333e-02
3.976618599864834708e-02
3.559077575922013625e-02
3.129143151100265141e-02
2.716964217399914575e-02
2.338844476660747324e-02
1.929460245905443086e-02
1.583372959461273183e-02
1.201980156423000309e-02
8.656413351057231850e-03
5.482660973505710383e-03
7.030596963962174040e-05
-3.827934430694537177e-03
-7.443671949808088745e-03
-1.077385279616960637e-02
-1.361812544070797881e-02
-1.626543875689274304e-02
-1.908497761855579289e-02
-2.127236922220572535e-02
-2.318118489488499301e-02
-2.481517971215290580e-02
-2.898114690058667051e-02
-3.235457998387868822e-02
-3.453943549102867633e-02
-3.944393334996265654e-02
-3.787679056564776520e-02
-4.233422164709300245e-02
-2.094697181873240999e-02
-1.800861008891532777e-02
-2.081857776841513491e-02
-2.307349126513552617e-02
-2.866440293949733265e-02
-3.264002033401604275e-02
-3.591404437384152631e-02
-3.854049403036389349e-02
-4.057017631920795120e-02
-4.204966382520441276e-02
-4.302189339897399822e-02
-4.352660941344498047e-02
-4.360070131237870489e-02
-4.327846916746234951e-02
-4.686372581520759778e-02
-4.872411977359109025e-02
-5.000084742739664689e-02
-5.074111907637629537e-02
-5.099142643743453940e-02
-5.079556740068781606e-02
-5.019458454233251266e-02
-4.922679143284727776e-02
-4.792785044487282708e-02
-4.633087857164756851e-02
-4.882750356710076345e-02
-4.958805197335808268e-02
-4.986632348471471687e-02
-4.970667174091047968e-02
-4.915282678816698669e-02
-4.824591568710161205e-02
-4.702432711229449780e-02
-4.552369849050881545e-02
-4.377697613762208950e-02
-4.181451664820333425e-02
-4.374078492586899736e-02
-4.407931329586307900e-02
-4.402948500886207095e-02
-4.363140738727087908e-02
-4.292445300060866720e-02
-4.194545045268932570e-02
-4.072856576660878469e-02
-3.930530351214901741e-02
-3.770457814540888186e-02
-3.595282495943827317e-02
-3.740122818943159011e-02
-3.763149643610898265e-02
-3.756261272747102309e-02
-3.722957787923583672e-02
-3.666632499099281572e-02
-3.590424558397976862e-02
-3.500113421632013166e-02
-3.389119048947732138e-02
-3.269090722205099386e-02
-3.140577015480422451e-02
-2.727279223851440670e-02
-2.511465043980878886e-02
-2.291080263067239720e-02
-2.068838530774003148e-02
-1.846934321485399488e-02
-1.627116060792967167e-02
-1.410800460236071030e-02
-1.199148703804846228e-02
-9.931182743836725058e-03
-7.934991217084977344e-03
-3.219210349314410857e-03
-5.716400699940782371e-04
1.983999790627799520e-03
4.434302418618987773e-03
6.769967463545731312e-03
8.960958243407264601e-03
1.108525328295587725e-02
1.304468539501467406e-02
1.488432107452471870e-02
1.659884394679055769e-02
2.100961494766333953e-02
2.334769232641346198e-02
2.554709852691100166e-02
1.176729671601677435e-01
1.192619468233752367e-01
1.205936816836558206e-01
1.216767674820643103e-01
1.225213141791896415e-01
1.231567404969074742e-01
1.234496577543279100e-01
1.226518582553962344e-01
1.212703858873177276e-01
1.201443033251929915e-01
1.189661245757921426e-01
1.177284430614985444e-01
1.164271012611400452e-01
1.150595025467564536e-01
1.136238050033500507e-01
1.121185109596372076e-01
1.105865035406890795e-01
1.080336858286517626e-01
1.049339642712865672e-01
1.022442491260111830e-01
9.960999145549824518e-02
9.701648074861446425e-02
9.445297097988809842e-02
9.191103129417166340e-02
8.938373875068841845e-02
8.686524998100413064e-02
8.429534056816556653e-02
8.053530819586708633e-02
7.693986979599026776e-02
7.348886289463193999e-02
7.016646327317971332e-02
6.696016164168749896e-02
6.389530500343902630e-02
6.086096680933054254e-02
5.794410589539492062e-02
5.549805888228560857e-02
5.224723748432234804e-02
4.827662082625812368e-02
4.455810755422420777e-02
4.107251366420689581e-02
3.780353707153048803e-02
3.473791629470331099e-02
3.186453902794524062e-02
2.917384584025408539e-02
2.665742053473625639e-02
2.430770681792045890e-02
2.207236568922849029e-02
1.875168465041286009e-02
1.572655055963145115e-02
1.264739184508783393e-02
1.064112075326719559e-02
8.497941124230863619e-03
6.611747003858872707e-03
4.969646307321363976e-03
3.558781601389983396e-03
2.366690530448758989e-03
1.551523346992794705e-03
-5.438566713336229208e-04
-2.314783057786651277e-03
-3.627047297055940173e-03
-5.057391729033244854e-03
-5.356704792416445288e-03
-5.831970282223167268e-03
-6.058943142320864089e-03
-6.053836469898717099e-03
-5.833629657932676987e-03
-5.467197842786635648e-03
-5.537065491786459515e-03
-5.800797719821886023e-03
-5.751259579207367717e-03
-5.526935281507727032e-03
-4.795346299460087613e-03
-4.342132125815110349e-03
-2.797181524311069534e-03
-1.608710371607688372e-03
-2.314674285951202892e-04
2.066386803474862949e-03
2.588007260757994865e-03
3.414864235506298584e-03
4.502212137046733564e-03
5.813426292224279507e-03
7.316967351251285612e-03
8.985034213372895123e-03
1.064246737463827794e-02
1.268663520561197702e-02
1.424935226045042150e-02
1.775366007493907675e-02
1.911709410352791655e-02
2.016722111113546795e-02
2.208691019568221128e-02
2.380232687058298283e-02
2.537350266086102479e-02
2.756845431011669539e-02
2.925699163029162400e-02
3.159397630675152280e-02
3.364525131025972171e-02
3.680136992808525492e-02
3.939468909072009473e-02
4.193910287214366872e-02
4.441865792415266440e-02
4.663655607243907125e-02
4.877034897015745246e-02
5.139031185014121539e-02
5.349629828657209707e-02
5.549077147125091453e-02
5.736785620177456413e-02
6.028535052001401939e-02
6.419190070517452607e-02
6.766875938165950455e-02
7.051253391125533732e-02
7.379706119424486732e-02
7.633969491361139448e-02
7.858414075745051575e-02
8.054701869122446456e-02
8.224305232977960345e-02
8.368577808232371962e-02
8.637734424141854661e-02
8.985973980852679510e-02
9.287962692470069781e-02
9.546897109549157268e-02
9.765838876662417956e-02
9.947641615602839660e-02
1.009497083181130628e-01
1.021695150452757161e-01
1.034067621294573192e-01
1.039485014900475013e-01
1.057701635822400482e-01
1.084050637664647904e-01
1.105866225124006452e-01
1.123487717844780520e-01
1.137248768454704462e-01
1.147465525034098988e-01
1.154435574587251434e-01
1.158437684807040180e-01
1.159732018696926076e-01
1.158560626817559946e-01
1.167493825662943019e-01
1.186536743808777605e-01
1.201523841236866591e-01
1.212773941519994375e-01
1.220606173354476520e-01
1.225325750472860964e-01
1.227220999471808349e-01
1.226561917100053023e-01
1.223599686540817327e-01
1.218566783929242170e-01
1.219142174353016334e-01
1.232440564603485000e-01
1.242262663862634398e-01
1.248891927833282456e-01
1.252615056326019660e-01
1.253707089681613263e-01
1.252427721273068062e-01
1.249019435211349838e-01
1.243706787083436460e-01
1.236696390807369011e-01
1.228148141135233934e-01
1.236019229167045347e-01
1.240678405169434451e-01
1.245885023731339580e-01
1.241763022826975205e-01
1.239351644789118689e-01
1.235003650702249378e-01
1.228928012394809310e-01
1.219388330191297498e-01
1.208548397726723900e-01
1.187982079053922224e-01
1.188358869405967133e-01
1.186387486779207495e-01
1.183660977004946102e-01
1.176190129094355497e-01
1.171407877288211247e-01
1.159148627255585651e-01
1.148812202970163898e-01
1.137309208218381523e-01
1.124777801079412665e-01
1.057617160387921695e-01
1.029476632767284683e-01
1.000381212452741281e-01
9.707276429707761833e-02
9.407936177071613004e-02
9.124652924887874383e-02
8.825786299004789726e-02
8.503735691318890788e-02
8.207879839034334934e-02
7.914313746036932828e-02
7.087980045860955980e-02
6.671138958177144640e-02
6.196589829839984492e-02
2.053402122189923740e-01
2.058066541010023509e-01
2.064750994201468015e-01
2.073546086960645352e-01
2.084477378428958860e-01
2.097528730718715706e-01
2.110356429145979762e-01
2.130129917830402564e-01
2.141699368453464924e-01
2.162386460300568802e-01
2.183380430317458376e-01
2.204736960658045808e-01
2.226493565804413821e-01
2.247821837425306446e-01
2.271089687815576186e-01
2.294169899522458533e-01
2.314595964928218841e-01
2.341435452260194616e-01
2.355559676165687732e-01
2.378400039926882870e-01
2.399701775767031919e-01
2.418068038876964032e-01
2.440720331354767347e-01
2.459651550671047571e-01
2.477485734463673595e-01
2.494453970989621849e-01
2.510606609450815041e-01
2.525239936105755922e-01
2.527328944807348821e-01
2.542710241124744863e-01
2.552769668337995790e-01
2.560668024340853055e-01
2.566530951342282374e-01
2.570466505299284221e-01
2.572570458576921570e-01
2.572929394965292604e-01
2.571622887683793768e-01
2.568725071720625031e-01
2.553645605557661735e-01
2.546967952697608006e-01
2.537342569073935405e-01
2.524991765656491305e-01
2.510115523544855232e-01
2.492897143544829941e-01
2.473507406893886151e-01
2.452107357578485192e-01
2.428850179211412275e-01
2.403882469793231225e-01
2.365652455771539986e-01
2.337367685943796403e-01
2.306231666275153913e-01
2.272547689966930018e-01
2.236592667674906498e-01
2.198622590827366274e-01
2.158876648473697646e-01
2.118347908015670855e-01
2.074820512124452287e-01
2.033923486322980756e-01
1.972074669361585375e-01
1.926529073891347643e-01
1.878894068141837848e-01
1.829527755158634750e-01
1.779517903390790412e-01
1.726802370880392290e-01
1.677181240020263475e-01
1.620073270923313991e-01
1.566430255296394902e-01
1.512632200664276172e-01
1.445108902324627187e-01
1.387081882522966381e-01
1.333474563217449393e-01
1.276665363197447833e-01
1.220940693180097986e-01
1.165192032632365871e-01
1.109675603939728195e-01
1.054623489500237654e-01
1.000245376479804438e-01
9.488719908779019718e-02
8.723557283101282533e-02
8.174899833373727720e-02
7.675698957784279908e-02
7.157733698068771688e-02
6.689876164340738396e-02
6.147823954839884419e-02
5.697557913859889467e-02
5.178328787826023266e-02
4.723700905188698423e-02
4.291942411308255489e-02
3.592988556926347832e-02
3.164602740416779664e-02
2.773687873308283008e-02
2.358054136531801195e-02
1.944186874778080013e-02
1.569107865612196992e-02
1.212864338049071504e-02
8.769634393293300814e-03
5.626710859506858092e-03
2.912095746242494843e-03
-2.540901163673264102e-03
-6.586271572715251404e-03
-9.957992851629047376e-03
-1.299022379115289880e-02
-1.568455107322604125e-02
-1.804376050078189408e-02
-2.007162175725410447e-02
-2.177267710802780962e-02
-2.315207600022781143e-02
-2.411542561360459011e-02
-2.787399561709295176e-02
-3.134364730920339431e-02
-3.380709121292832520e-02
-3.572097054334408273e-02
-3.712252127723845996e-02
-3.804546214652052699e-02
-3.852088493763534960e-02
-3.857776229017884084e-02
-3.824327255113279395e-02
-3.754301704163476305e-02
-4.031821538570808106e-02
-4.186973814873010125e-02
-4.282596051885177724e-02
-4.323762676411255917e-02
-4.313622036725227316e-02
-4.261079245322635378e-02
-4.128368917258035814e-02
-4.036366216528519679e-02
-3.869420556457270344e-02
-3.671381864797713945e-02
-3.852432591149559937e-02
-3.905733428644593552e-02
-3.907054108221877375e-02
-3.861533777361976505e-02
-3.773999569827186928e-02
-3.648900057045634249e-02
-3.490337943431845447e-02
-3.302096822812186638e-02
-3.087663981361793430e-02
-2.887107925292142774e-02
-2.988910183123158482e-02
-3.011750089525426499e-02
-2.993296248918751734e-02
-2.934211010904634598e-02
-2.842333007223749042e-02
-2.721026545799044849e-02
-2.573953883335985959e-02
-2.404525125053284806e-02
-2.215882112067224519e-02
-1.940462721411824465e-02
-2.108476020561626807e-02
-2.152103234610004689e-02
-2.161062784607757636e-02
-2.139392878882422078e-02
-2.090942472158048571e-02
-2.019273038163876821e-02
-1.927652840028398762e-02
-1.819065087860460839e-02
-1.696221964197242027e-02
-1.561580822657913925e-02
-1.703907715333637107e-02
-1.781448460505528908e-02
-1.830655725457090710e-02
-1.855273653012955160e-02
-1.866154483897264349e-02
-1.843160706394678106e-02
-1.848433599719981335e-02
-1.766713823996246546e-02
-1.713936119503203792e-02
-1.652550034240450605e-02
-1.747193718054487754e-02
-1.834121287185684623e-02
-1.899502395232360863e-02
-1.946678370451822293e-02
-1.978542022904641873e-02
-1.997619277910017699e-02
-2.006127302191688944e-02
-2.006017608426256815e-02
-1.999009223692442550e-02
-1.986615153449464155e-02
-1.636314604909269721e-02
-1.525171416438177163e-02
-1.422355887878111458e-02
-1.323178710710321004e-02
-1.178419318936124727e-02
-1.069890083024174071e-02
-9.660261487924967638e-03
-8.676425469436865878e-03
-7.753170817655599678e-03
-6.894418446781770682e-03
-2.707102572145313191e-03
-9.750110864251149145e-04
6.892646430422047499e-04
1.015819080223586204e-02
1.060455334114633781e-02
1.093066473512533526e-02
1.114652162659743491e-02
1.127476235891915375e-02
1.234440853052319424e-02
1.158460956973102370e-02
1.098961556152062286e-02
1.053600908281905266e-02
1.022846445367891349e-02
9.374097372113310289e-03
8.780719002443477042e-03
8.164241059727791322e-03
7.870963763625634865e-03
6.846322295094625122e-03
6.622003190316241503e-03
5.249635134119285881e-03
3.943349181688784316e-03
2.683593597452483062e-03
1.456023101959128940e-03
2.497952856628085964e-04
-5.788846189107355912e-04
-2.137054900521769777e-03
-3.336808592255289217e-03
-4.533665181099847882e-03
-5.317732978968320832e-03
-7.232366395392181291e-03
-9.046639090193559635e-03
-1.077661929354425605e-02
-1.243465676578449364e-02
-1.403029371661716762e-02
-1.557108099435498133e-02
-1.706310313513184282e-02
-1.851132453141589307e-02
-1.991982407970642466e-02
-2.088052140913985652e-02
-2.297664471052772092e-02
-2.491888123809205685e-02
-2.672147636345339680e-02
-2.839578056962435357e-02
-2.995087120077320753e-02
-3.139421362815436600e-02
-3.270378237191941956e-02
-3.396461663909802059e-02
-3.511324708697482339e-02
-3.568111255838375684e-02
-3.742037176684146621e-02
-3.894832933424591248e-02
-4.028122100567747138e-02
-4.143264174450646264e-02
-4.241414888529400351e-02
-4.326403989214031021e-02
-4.391187954640783653e-02
-4.443505829951286540e-02
-4.482746962793407453e-02
-4.444884806936259120e-02
-4.534292144257277835e-02
-4.599662247746026666e-02
-4.643019486023709785e-02
-4.666143847232404052e-02
-4.670613481776570569e-02
-4.657862855793572232e-02
-4.629220596425108469e-02
-4.585934073504446817e-02
-4.529185336089838754e-02
-4.371663380637855201e-02
-4.358735613918247181e-02
-4.322981930498334679e-02
-4.266912113879424429e-02
-4.192725833869250657e-02
-4.106450769357235936e-02
-4.038488998845290306e-02
-3.874711986327708524e-02
-3.745302825910708927e-02
-3.606607892133786852e-02
-3.341005699858052430e-02
-3.243261486062918447e-02
-3.127267521967118380e-02
-2.995819371141174997e-02
-2.851322860629719111e-02
-2.695861924813194171e-02
-2.537058956329317494e-02
-2.398990723626827012e-02
-2.175088920322313518e-02
-1.992013013826728074e-02
-1.653685646206641546e-02
-1.509148679792809283e-02
-1.352356498936494941e-02
-1.193913879537524501e-02
-1.053712517258313316e-02
-8.269197809102735164e-03
-6.452119664949716032e-03
-4.625540843269024087e-03
-2.798232923467150295e-03
-9.577842694065163455e-04
2.705257517139984455e-03
4.201761664019663944e-03
5.764438858228260361e-03
7.382666636939011484e-03
9.004836591877899560e-03
1.060607766532936647e-02
1.195359787789955150e-02
1.379036903468620727e-02
1.527639709967972513e-02
1.670816048145261010e-02
2.011100025140476893e-02
2.245446631721085759e-02
2.464123837876326314e-02
2.624159356618604652e-02
2.854124470924259901e-02
3.024306248552000725e-02
3.180216833670437837e-02
3.313709439577557786e-02
3.435755494950248901e-02
3.504373116729667115e-02
3.860284427772501387e-02
4.171305042042159489e-02
4.462202752590849891e-02
4.705545122005804631e-02
4.913814828987598388e-02
5.089316368710882638e-02
5.234180716220273449e-02
5.350393531420266635e-02
5.411733572783457291e-02
5.506711371284983558e-02
5.801581248442201633e-02
6.084621583090935731e-02
6.302059766830062082e-02
6.519085712542671551e-02
6.675545074474997786e-02
6.796428607794172128e-02
6.884652305944603812e-02
