-8.204575573360964585e-04
-8.924473907781955984e-04
-9.563588242395037239e-04
-1.010337107694368654e-03
-1.052654903544647177e-03
-1.082368738635287701e-03
-1.100801902100625529e-03
-1.107567068403089456e-03
-1.102475036641961280e-03
-1.085890380372717210e-03
-1.058275907353214713e-03
-1.020240630949748560e-03
-9.722317114917678957e-04
-9.148996064324975853e-04
-8.488629227311533451e-04
-7.747908594061114068e-04
-6.941678132907555792e-04
-6.075153353888905830e-04
-5.155902856415299756e-04
-4.190427001505784687e-04
-3.183980250297869553e-04
-2.141007298507107380e-04
-1.067573565764878135e-04
3.051273124925028835e-06
1.149013756337785748e-04
2.283960759328967569e-04
3.428955490314081894e-04
4.572809523862306560e-04
5.707254632045760494e-04
6.830084121872389072e-04
7.938624184182789707e-04
9.029542703204106700e-04
1.010018452584430116e-03
1.114811418138661123e-03
1.217109219281006620e-03
1.316707191459544259e-03
1.413743894198724906e-03
1.507006414802432390e-03
1.595701699667275222e-03
1.679759008362699708e-03
1.759150366155272892e-03
1.833860870138486095e-03
1.903887269092644375e-03
1.969238513880891290e-03
2.029935798824888254e-03
2.086012278652596592e-03
2.138254171404957958e-03
2.185172853062558509e-03
2.225983542498488361e-03
2.260893297625042164e-03
2.290105225551752367e-03
2.313821851724021800e-03
2.332247207427743350e-03
2.345587898111801614e-03
2.354053524073677732e-03
2.357856692759848806e-03
2.358039672837789966e-03
2.353070817939634067e-03
2.342196609132174770e-03
2.325926645946296313e-03
2.304461458896635805e-03
2.278129997062157061e-03
2.247356574464732561e-03
2.212489780001818986e-03
2.173868947254823866e-03
2.131828109256943445e-03
2.087409471904660453e-03
2.039109533702897735e-03
1.986237446658940808e-03
1.929306876622840713e-03
1.868925719864307500e-03
1.805436821663342073e-03
1.739169933622419437e-03
1.670678996953037579e-03
1.600389427470204004e-03
1.528710724484814987e-03
1.456507335466249511e-03
1.382464773886371567e-03
1.305911513590418335e-03
1.227235793208488607e-03
1.147164491272396891e-03
1.066235545679519378e-03
9.850582232508887232e-04
9.041209888455414845e-04
8.235719424979186243e-04
7.440697759190321309e-04
6.663018565105562757e-04
5.889988082086669574e-04
5.112212788965387472e-04
4.339139637712305375e-04
3.576925949222136553e-04
2.830266103996878502e-04
2.105786227526336429e-04
1.408918932411448721e-04
7.441678928363573697e-05
1.129616983620851389e-05
-4.800477129338412419e-05
-1.047521539336918051e-04
-1.591380364341157816e-04
-2.107774939069488596e-04
-2.589332257240499480e-04
-3.031604735435206033e-04
-3.428642712220639210e-04
-3.775180363191424360e-04
-4.066669094335007006e-04
-4.301596887423403404e-04
-4.475751269241261265e-04
-4.587122788806477502e-04
-4.630451737630755793e-04
-4.601082483241744625e-04
-4.500079413695887154e-04
-4.320562039498536400e-04
-4.044942152011711534e-04
-3.708658232286013434e-04
-3.283343681539721559e-04
-2.772647673717279493e-04
-2.183643099782119068e-04
-1.497905302359700541e-04
-7.033152757405722322e-05
2.182007707835290078e-05
1.219390367194692071e-04
2.300261752211200939e-04
3.073785167702867971e-04
4.182763497049962753e-04
5.533762363300505360e-04
7.158628539073695618e-04
8.949520499361082737e-04
1.082086200961604461e-03
1.278640219624819357e-03
1.484071532206067412e-03
1.697879856176878755e-03
1.919598573313016643e-03
2.148789063976839359e-03
2.385036776404475534e-03
2.627948445017607576e-03
2.877150087545025242e-03
3.129747621800748475e-03
3.387407087126419192e-03
3.651540813826195664e-03
3.921594921130824862e-03
4.197048017173830164e-03
4.477408483949438245e-03
4.762212781025957492e-03
5.051023995758904123e-03
5.343430586059873949e-03
5.639045271056478126e-03
5.934397722587164692e-03
6.231274434828591724e-03
6.531128135699244136e-03
6.833466358886222669e-03
7.137826290734020085e-03
7.443773264699575509e-03
7.750900145006463238e-03
8.058826596821812294e-03
8.367198309793766331e-03
8.675686202138915143e-03
8.980389571468593013e-03
9.283277980538216095e-03
9.585856453710517311e-03
9.887742110271522528e-03
1.018857570167288479e-02
1.048802099744262570e-02
1.078576508657958996e-02
1.108151834447188011e-02
1.137740581127368034e-02
1.166841755170947362e-02
1.195272385388533587e-02
1.222832983711302085e-02
1.250722456313642025e-02
1.278091212725428541e-02
1.305092849804975405e-02
1.331717069945858797e-02
1.357941769005260174e-02
1.383746683902092184e-02
1.409113407341521310e-02
1.434025376803903587e-02
1.458055498765494992e-02
1.481921039424187632e-02
1.505317264331660146e-02
1.528409963766823657e-02
1.550828150398745296e-02
1.572684769712789921e-02
1.593973694232750718e-02
1.614670654682100887e-02
1.634754455038960400e-02
1.654206654868470988e-02
1.672818450893158795e-02
1.690739168151675353e-02
1.708010933907492396e-02
1.724623866179374534e-02
1.740641583509318011e-02
1.755575799559908751e-02
1.770048931973226825e-02
1.783677710291318996e-02
1.796474972573991469e-02
1.808442915363740050e-02
1.819349854902020669e-02
1.829351561149415023e-02
1.838501681925431772e-02
2.005761977330387455e-02
1.998472557032659330e-02
1.989739318486002245e-02
1.979655498769608904e-02
1.947416511206695802e-02
1.926816178391356493e-02
1.908243382703587315e-02
1.888663194575298382e-02
1.868175967722296438e-02
1.846748217642243603e-02
1.824270005728334185e-02
1.801415365231325005e-02
1.777670657149320321e-02
1.753118255115391350e-02
1.727809838356769365e-02
1.701782986683919238e-02
1.675539207507410755e-02
1.648783830846646883e-02
1.621360814825601598e-02
1.593305445727158376e-02
1.564653408905952031e-02
1.535441107987241434e-02
1.505705755286088597e-02
1.475485348262048010e-02
1.444818595218282445e-02
1.413744820754912410e-02
1.382766948854571333e-02
1.351607837102271163e-02
1.320114849564003878e-02
1.288302204818777066e-02
1.256384062828014639e-02
1.223916578834211358e-02
1.191685483440807838e-02
1.159293668718250521e-02
1.126826579157533086e-02
1.094348308613016935e-02
1.062355737584231435e-02
1.030598628990388177e-02
9.989254302399571891e-03
9.673899400987661171e-03
9.360443085096814553e-03
9.049391242155683038e-03
8.741233458628599670e-03
8.436441601567763737e-03
8.135468213598768747e-03
7.838744968356143455e-03
7.550792367795604483e-03
7.269305611161627594e-03
6.992627291618267252e-03
6.721361491551365065e-03
6.454964782274690005e-03
6.196970243592028055e-03
5.942859732376684460e-03
5.695966568487999954e-03
5.456300301567120099e-03
5.223982001637582709e-03
5.002884823127716138e-03
4.790880389789446345e-03
4.586052195403292689e-03
4.388651308239744850e-03
4.198879931240221200e-03
4.016894439794188934e-03
3.842808336910686056e-03
3.676694839012676925e-03
3.518589300121508293e-03
3.368491589185904859e-03
3.229678861707076069e-03
3.100374456378704284e-03
2.978921285299220272e-03
2.863274612634841149e-03
2.755326944030634263e-03
2.654786789473485408e-03
2.561449474121022755e-03
2.475143197508874234e-03
2.395695404236560661e-03
2.323812600774854964e-03
2.259985328426708951e-03
2.203964934079409403e-03
2.153839302591452169e-03
2.109325155677167773e-03
2.070209933011993991e-03
2.036298638504732347e-03
2.007391726276828471e-03
1.983278568188025920e-03
1.964137240343472035e-03
1.949202270318753415e-03
1.940947046829189339e-03
1.937809808619824718e-03
1.938271885334187129e-03
1.942506991344302748e-03
1.949302762413384358e-03
1.958484293449868491e-03
1.971299386768438598e-03
1.986291748565530580e-03
2.003715158168530887e-03
2.023318970901415766e-03
2.045692520604253713e-03
2.070748441889875245e-03
2.098164652392232703e-03
2.126977279736515583e-03
2.156743292543356755e-03
2.188417351481470891e-03
2.221189294652490057e-03
2.254844743593045417e-03
2.289203713641991926e-03
2.324103010445387717e-03
2.358675796545871544e-03
2.393241673354864433e-03
2.428765391045954562e-03
2.464850567068084530e-03
2.501165885316356755e-03
2.537436286744042691e-03
2.573435394733735067e-03
2.608979123210445304e-03
2.643920205724691747e-03
2.677570752312206665e-03
2.710555776125406473e-03
2.742441818139031325e-03
2.774455063997491224e-03
2.805525800540101342e-03
2.835880658161162981e-03
2.865290367945946652e-03
2.893620533975711697e-03
2.920777721284309458e-03
2.946703156031490849e-03
2.971367301370294971e-03
2.994520802851299845e-03
3.016196632635594153e-03
3.037208956109590813e-03
3.057346016188851757e-03
3.076454770362687871e-03
3.094432034158293640e-03
3.111216470052283536e-03
3.126781649797607133e-03
3.141130071354493285e-03
3.154288020140636872e-03
3.166162550658345020e-03
3.176741138623175725e-03
3.186737579827602848e-03
3.196008266182873668e-03
3.204460190276809187e-03
3.212042975542038666e-03
3.218741650009653531e-03
3.224570388053870675e-03
3.229567132849418126e-03
3.233788998540550186e-03
3.237225799877197288e-03
3.239843681259073523e-03
3.242258357478965299e-03
3.244377979365181078e-03
3.246533080447440607e-03
3.247928906912444635e-03
3.248976261177781433e-03
3.249589965592225745e-03
3.248128254798340712e-03
3.247811549596426282e-03
3.248018230761448230e-03
3.248032970477077695e-03
3.248404073251406118e-03
3.249085530852296663e-03
3.250067552917033052e-03
3.251370315730171129e-03
3.253038407159021539e-03
3.255136063494337012e-03
3.257743108679528928e-03
3.260951509329214869e-03
3.262713115288159212e-03
3.262927899250245550e-03
3.263129199634202428e-03
3.263513282448663420e-03
3.264280323009533663e-03
3.265631521911326399e-03
3.267766836316038197e-03
3.270945970867651827e-03
3.275205099078662592e-03
3.281046034008324071e-03
3.286090669625074331e-03
3.290444056517765302e-03
3.295721298916257352e-03
3.302193184677524717e-03
3.310122568679412999e-03
3.319763191741380466e-03
3.331736474881422452e-03
3.345510768639439313e-03
3.361665990124493037e-03
3.380448353865060825e-03
3.399910383349953255e-03
3.420480086356735179e-03
3.442190466920078476e-03
3.466965289526769117e-03
2.627846313371899264e-03
2.633556359126659405e-03
2.629102437815109602e-03
2.615113779410369651e-03
2.593873754314054807e-03
2.568126365878332408e-03
2.538640123340263344e-03
2.507337680779710056e-03
2.474903460922790038e-03
2.442120620816819708e-03
2.409683106750768085e-03
2.378193584765896096e-03
2.348170153306640938e-03
2.318677256824408853e-03
2.290633289458992618e-03
2.265404953706755438e-03
2.242858649068315072e-03
2.223463876889912420e-03
2.207376800202756530e-03
2.194595887317539028e-03
2.185140056218749620e-03
2.179024931102345724e-03
2.176256637281515430e-03
2.175279412446500579e-03
2.176679123126797327e-03
2.181477649075372685e-03
2.189565772907658102e-03
2.200847706974979560e-03
2.215141738330587539e-03
2.232160775217256667e-03
2.252563855080661620e-03
2.275864492437296507e-03
2.302011069696822173e-03
2.329230514394346838e-03
2.358164724920005367e-03
2.389868358723159104e-03
2.424264986596294438e-03
2.461296364222360575e-03
2.500917766961481808e-03
2.543094337166996663e-03
2.587798138285023718e-03
2.635005709242133499e-03
2.684695983637887251e-03
2.734976638656888299e-03
2.786611589209713608e-03
2.840753747071220539e-03
2.897351594302073532e-03
2.956356700101051612e-03
3.017719370309409743e-03
3.121168557190719464e-03
3.180726294262734878e-03
3.245400672656742654e-03
3.302746206359797373e-03
3.377563757012790654e-03
3.445832045979446614e-03
3.512089651095572779e-03
3.581736934077285432e-03
3.654356163817824420e-03
3.729592286286472283e-03
3.807117207009272190e-03
3.886612952827111708e-03
3.967764032633930640e-03
4.050254345599250266e-03
4.129615786564474686e-03
4.211900746054479672e-03
4.295029577716631165e-03
4.377875756080640626e-03
4.460397124746518296e-03
4.542374922469666690e-03
4.623516919734870119e-03
4.701208150957404686e-03
4.780598402089752605e-03
4.858510537254256620e-03
4.931851557631747318e-03
5.001763164263301961e-03
5.068885492076093818e-03
5.133203838992518933e-03
5.196320519676986271e-03
5.255404445293094910e-03
5.308387230051357653e-03
5.359214578070943709e-03
5.407315922635251397e-03
5.448097850374958653e-03
5.486268258721227475e-03
5.518297562689833229e-03
5.546103855019166723e-03
5.570879179271315609e-03
5.588344621828354730e-03
5.602790049589052336e-03
5.612304325973117673e-03
5.616996256070246572e-03
5.616825893878696525e-03
5.611779955035044870e-03
5.602466088481024113e-03
5.590143023348688976e-03
5.571840634151312838e-03
5.547143932933575050e-03
5.519791984767499771e-03
5.487805982066861973e-03
5.451478866985602287e-03
5.410938676410745676e-03
5.366331450330713050e-03
5.317818986652846427e-03
5.268553617463099352e-03
5.216934317640004037e-03
5.161681394197799831e-03
5.103010543747114880e-03
5.041147883852211201e-03
4.976327237991027067e-03
4.908787453503504240e-03
4.838770049020130887e-03
4.766517175344855452e-03
4.692269857781827987e-03
4.619319027770684392e-03
4.546023923721685678e-03
4.472313954245006259e-03
4.395907054726574080e-03
4.318249899116524855e-03
4.239586540907957363e-03
4.160135807060549168e-03
4.080109594829899912e-03
3.999711543132481242e-03
3.919136094018206562e-03
3.841476205556976740e-03
3.765070609768873984e-03
3.687289288391632468e-03
3.610878022385880133e-03
3.534496673722223661e-03
3.458433635918932002e-03
3.382835513593296199e-03
3.307840382961778868e-03
3.233577073896743391e-03
3.161241700959892525e-03
3.091250276615642965e-03
3.023343938531011105e-03
2.955986604048605262e-03
2.889280651099057629e-03
2.823327542774334634e-03
2.757321487326606663e-03
2.693162953320066798e-03
2.630048645252777706e-03
2.568039667396091776e-03
2.507206747015519425e-03
2.449797853664962589e-03
2.394385889034409201e-03
2.339649514024361339e-03
2.285668022179297276e-03
2.232520488023510916e-03
2.180283218161987481e-03
2.129028262757605428e-03
2.078822676032455845e-03
2.029728256031228077e-03
1.981801583564756896e-03
1.936805389472030792e-03
1.893542563139188071e-03
1.850877692253132326e-03
1.808897732132007862e-03
1.767688334931976583e-03
1.727332152581380516e-03
1.687907896043323516e-03
1.649489924572608655e-03
1.612148157634049790e-03
1.575209442591817520e-03
1.540478081459348237e-03
1.507418219513731146e-03
1.473884950495440993e-03
1.440986499397698545e-03
1.408763474715977624e-03
1.377337686105140546e-03
1.346820888114425626e-03
1.317317315732943620e-03
1.288925324392227933e-03
1.261738450700932834e-03
1.235178850722068716e-03
1.210734566704570192e-03
1.186014134182234109e-03
1.162111087856220306e-03
1.139100223524015581e-03
1.117145563088144848e-03
1.095913973618693922e-03
1.077089532592865250e-03
1.059096219898829220e-03
1.042845857726709680e-03
1.028095594039891633e-03
1.014319759705857105e-03
6.266527758073459943e-04
5.944677020474221484e-04
5.648554262422873003e-04
5.375335815985787368e-04
5.122934322584510747e-04
4.881991685056979264e-04
4.657215631629169029e-04
4.455344835615059756e-04
4.274805571856974762e-04
4.114437125259264418e-04
3.972895583366459031e-04
3.849346599523053398e-04
3.742971180990670903e-04
3.659495201609586469e-04
3.589383722682043792e-04
3.529029607805998173e-04
3.482719405326511510e-04
3.462062328339113836e-04
3.455655390164865445e-04
3.469534369083028275e-04
3.502359247025241436e-04
3.553273780731636047e-04
3.621647018713278730e-04
3.706907917733848288e-04
3.807634721401445804e-04
3.921218187923818186e-04
4.041740062960522042e-04
4.181718089831291344e-04
4.340200897866312770e-04
4.516076790326379806e-04
4.708564697835768056e-04
4.917296903080051965e-04
5.141912281735076459e-04
5.382103836680035211e-04
5.637624047852879579e-04
5.902831590125223737e-04
6.176759761184046765e-04
6.468362279306132112e-04
6.777125910639846679e-04
7.102637453803763851e-04
7.444541938491956723e-04
7.802515352874899324e-04
8.176246306978891820e-04
8.565422090141936069e-04
8.969717969489951741e-04
9.380284318476702927e-04
9.797251744603258268e-04
1.023639222152276842e-03
1.069148099080210849e-03
1.116203941171478933e-03
1.164729019333627779e-03
1.214641874133671508e-03
1.265856590992455160e-03
1.318282485398747502e-03
1.371824095178732304e-03
1.425524778806335890e-03
1.479884296640596088e-03
1.535470705161041689e-03
1.592377676382451205e-03
1.649069837288707520e-03
1.707008179534876859e-03
1.765409962289826717e-03
1.824219283873499981e-03
1.883265052432088471e-03
1.942393035792874898e-03
2.000601284923224192e-03
2.058516787749550304e-03
2.115608415708710235e-03
2.173397396874989992e-03
2.230696078577743598e-03
2.287448294879645093e-03
2.343473070298149677e-03
2.398602508302493524e-03
2.452676246438134210e-03
2.505542081677264270e-03
2.556266401608756414e-03
2.605881656779526160e-03
2.654063472107596848e-03
2.701556440010171450e-03
2.746866789250980261e-03
2.790091744363414408e-03
2.832455138542044372e-03
2.872532204231325551e-03
2.910829113372960953e-03
2.945197984965002447e-03
2.978235028810487500e-03
3.007392033632573947e-03
3.036304624916482797e-03
3.063171369073412406e-03
3.086585784772906578e-03
3.109347301573494628e-03
3.130422646409746368e-03
3.148778579404717427e-03
3.164917239303813908e-03
3.178829979295427072e-03
3.190983607835869412e-03
3.201258201788319355e-03
3.209528352919868363e-03
3.215798272745610566e-03
3.220394565656599373e-03
3.221334037761830731e-03
3.221837422660472558e-03
3.220453774035543417e-03
3.217324469695128416e-03
3.212536008291572934e-03
3.207475875709105920e-03
3.201250516994850245e-03
3.212636494035088063e-03
3.198895059123067763e-03
3.174739449216047379e-03
3.155111046391866417e-03
3.094063721885136498e-03
3.015088154706701846e-03
2.936065524971093361e-03
2.857250973166072013e-03
2.780624970212836056e-03
2.704904376647906603e-03
2.629615683465162581e-03
2.554814000247438224e-03
2.480579093583200334e-03
2.407008765778528240e-03
2.334213241915052573e-03
2.262310539382386427e-03
2.191422690795693379e-03
2.121672694300301941e-03
2.054952757006070756e-03
1.990102582818817616e-03
1.926649289376017836e-03
1.864653483012343850e-03
1.804184251005792666e-03
1.745314902158407204e-03
1.688119676265925498e-03
1.632671276611205114e-03
1.579039054673908593e-03
1.527287719101836456e-03
1.478915051230950389e-03
1.432858467177623588e-03
1.388650460807187067e-03
1.346302480051122727e-03
1.305831622720503770e-03
1.267257565708224121e-03
1.230600351740323162e-03
1.195878842957326816e-03
1.163109678989815172e-03
1.132306620974684458e-03
1.104508850877554751e-03
1.078813413155598139e-03
1.054837214689990053e-03
1.032572404138703236e-03
1.012016060323259973e-03
9.931679967597752904e-04
9.760292565840609667e-04
9.606011112291733874e-04
9.468844263590564005e-04
9.348792951518979360e-04
9.251729911383312771e-04
9.170677166348019903e-04
9.103480580620754983e-04
9.050215024570143572e-04
9.010987956896946045e-04
8.985926713851631002e-04
8.974809810824661144e-04
8.978550056707182642e-04
8.997299614630071283e-04
9.030297638680782370e-04
9.073250088864328808e-04
9.122605024857880288e-04
9.181211702445601355e-04
9.249950643890398521e-04
9.329609343639540860e-04
9.420908069208479849e-04
9.524517256294635177e-04
9.641069737575827612e-04
9.771169500073281083e-04
9.915398062437671099e-04
1.006709602190589007e-03
1.022329649286255176e-03
1.038929324368983130e-03
1.056638089392560563e-03
1.075577465290616236e-03
1.095909466945807920e-03
1.117685144022601993e-03
1.140992930153028780e-03
1.165965885920003300e-03
1.192705849563426620e-03
1.220370203673345902e-03
1.248700730381527117e-03
1.278505684928032352e-03
4.216655658343567738e-03
4.104965623477929357e-03
4.001685914134917553e-03
3.905620707165691728e-03
3.815755728876682202e-03
3.731155946622907987e-03
3.649448864384196179e-03
3.569808346566815446e-03
3.494928361630703691e-03
3.423292010622395413e-03
3.354442016261497371e-03
3.287993975629506776e-03
3.223621913253444087e-03
3.161049905332553693e-03
3.100044492460663544e-03
3.040408119124686764e-03
2.980139770441709701e-03
2.919099602144816299e-03
2.860055319658944516e-03
2.802023801551020276e-03
2.744856301187610387e-03
2.688440918933904938e-03
2.632690305600946055e-03
2.577537530244263398e-03
2.522932771318662018e-03
2.468840676868180352e-03
2.413638185472409634e-03
2.357775367923202210e-03
2.302592454035181854e-03
2.248037665386489869e-03
2.194085139433801877e-03
2.140729497072854301e-03
2.087876484749588354e-03
2.035737794755475543e-03
1.984277444791781968e-03
1.932925288399543881e-03
1.881406207859033551e-03
1.829650801293415240e-03
1.778958757462764358e-03
1.729347486267789709e-03
1.680849642892612511e-03
1.633508179239351538e-03
1.587372366427407819e-03
1.542494716239981977e-03
1.498928572566755792e-03
1.456726208134280194e-03
1.414573206346301073e-03
1.372747288032482096e-03
1.332642398825981339e-03
1.294606115288649299e-03
1.257985918478744108e-03
1.223083518876976784e-03
1.189924930601998863e-03
1.158516329858371580e-03
1.128855123349863099e-03
1.100930990949585374e-03
1.073228923355832188e-03
1.046230332167921630e-03
1.021214706802088968e-03
9.980392905311850915e-04
9.767339034485813826e-04
9.570097648679497769e-04
9.388566604248429169e-04
9.222307140934354365e-04
9.070611048231109336e-04
8.932671269413875207e-04
8.793208193886006482e-04
8.656231745065973669e-04
8.532010862627588095e-04
8.419867393922383795e-04
8.319379281527304951e-04
8.228713013931341670e-04
8.146755505226945448e-04
8.070719415500620091e-04
8.001867479062893486e-04
7.938581125993727930e-04
7.864035750924157180e-04
7.783227288649893251e-04
7.707782341990233052e-04
7.636315555366914856e-04
7.567597968110819284e-04
7.500524885457509131e-04
7.434098728274791262e-04
7.363783979290835537e-04
7.296318630268521389e-04
7.231136056625942421e-04
7.140600595127045286e-04
7.040648153861437091e-04
6.943178962145007916e-04
6.840768450130508931e-04
6.736014990750767472e-04
6.630828526133403407e-04
6.520099192001899743e-04
6.403204105442912662e-04
6.285422310015787058e-04
6.163567029832356207e-04
6.038131251408939857e-04
5.908354492646571100e-04
5.774773470035379514e-04
5.637649919817854698e-04
5.498500968017204504e-04
5.353545517872795347e-04
5.208100694598932637e-04
5.060607022087815904e-04
4.911797291356676497e-04
4.762232785729864125e-04
4.626825423654536140e-04
4.498107687971204523e-04
4.367083148821598502e-04
4.233434280163663973e-04
4.100574213051493716e-04
3.968150197711894749e-04
3.837143544930849033e-04
3.708386966948645758e-04
3.582648196406369484e-04
3.460641642943821750e-04
3.355283681310135507e-04
3.259322239472571374e-04
3.165078407218387146e-04
3.073467182848375954e-04
2.985291200343246710e-04
2.901251302593116561e-04
2.821957929003084033e-04
2.747332231284925030e-04
2.678635443366442475e-04
2.615983183045649278e-04
2.569000882265296622e-04
2.531101128055693772e-04
2.496197889673212400e-04
2.464802679741867706e-04
2.437338137669398661e-04
2.414146471217481040e-04
2.395499662962202378e-04
2.381609062529034060e-04
2.372634218161476932e-04
2.368690899716053731e-04
2.375356283958352400e-04
2.387413740119182751e-04
2.400647855888580551e-04
2.415323716700694271e-04
2.431656005284615603e-04
2.449814079701499768e-04
2.469928949701422354e-04
2.492100122943782781e-04
2.516401996539340880e-04
2.542889634336545530e-04
2.573418511321113656e-04
2.604573617368025843e-04
2.634221789374311426e-04
2.662614747144957444e-04
2.689982568480130207e-04
2.716536086073546266e-04
2.742470653489762628e-04
2.767969927166778472e-04
2.793209361258596119e-04
2.818359273677646399e-04
2.842094521151601995e-04
2.862946062115010620e-04
2.881283592594788994e-04
2.896126197857686784e-04
2.909064858765151923e-04
2.920023404331911591e-04
2.929471460560919703e-04
2.937780897056761200e-04
2.942703870724044696e-04
2.948700941132013096e-04
2.951001895068193254e-04
2.948874584900373018e-04
2.944354572476357598e-04
2.940128376097371748e-04
2.932566407779453924e-04
2.923368342845954291e-04
2.915491757824433938e-04
2.908073823546194515e-04
2.901893414400194288e-04
2.897550221386651888e-04
2.887997496032077504e-04
2.873382119170456443e-04
2.858378401963551922e-04
2.843935547788617110e-04
2.831021579646617785e-04
2.822801270665165844e-04
2.815089330493362281e-04
2.812770432182586404e-04
2.815719220866259582e-04
2.825112681970799885e-04
2.833334004563461224e-04
2.842938610718638462e-04
2.853591704094510934e-04
7.211251967847525333e-04
7.215716128246899268e-04
7.275163074561900563e-04
7.383074181817989804e-04
7.533781835408349514e-04
7.722328859186218574e-04
7.944057299224707540e-04
8.195310730781937489e-04
8.468336863485702781e-04
8.757263776270423315e-04
9.058927605607754304e-04
9.370946979173776139e-04
9.691150003487528130e-04
1.001713190716470607e-03
1.034756417437864397e-03
1.068082515323139558e-03
1.101509993773327166e-03
1.134902423222115472e-03
1.167692727671600398e-03
1.199456032053249598e-03
1.229984525114983119e-03
1.259296133605944477e-03
1.287187384134705348e-03
1.313703077908921551e-03
1.338786964458077433e-03
1.362397270579135487e-03
1.384514654285391808e-03
1.405044475803004893e-03
1.423899655635065941e-03
1.440556849882898820e-03
1.454926291254834319e-03
1.467093856604950427e-03
1.477157272415828820e-03
1.485219247933866008e-03
1.491387181196663627e-03
1.495772667961289609e-03
1.498490898988569459e-03
1.499659999006898664e-03
1.499224903454709872e-03
1.497021939756783531e-03
1.492913368882186091e-03
1.487118154213346467e-03
1.479848227201846066e-03
1.471308212112785400e-03
1.461695107871685377e-03
1.451197836058867744e-03
1.439996749588984661e-03
1.428263159118153261e-03
1.416109478373804575e-03
1.403415235047726379e-03
1.390008933816449816e-03
1.376119880707426125e-03
1.361956279912993496e-03
1.347706162014191290e-03
1.333538325531381796e-03
1.319705806411242913e-03
1.306128754253173957e-03
1.292648575188206066e-03
1.280195307285272779e-03
1.268204689811994190e-03
1.256406507340759524e-03
1.244944853036031134e-03
1.233989301575378825e-03
1.223540586016989449e-03
1.213241659237022495e-03
1.204141480657781958e-03
1.195745475646487269e-03
1.188106695212284413e-03
1.180820802440356743e-03
1.174787984856171495e-03
1.169040179344225982e-03
1.163683227423279419e-03
1.158729286956049686e-03
1.154194601838984995e-03
1.150085865539926967e-03
1.146398993046098339e-03
1.143121293525181138e-03
1.140194769037621535e-03
1.137903587584527913e-03
1.136067034057878849e-03
1.134129926033211480e-03
1.132157905621078084e-03
1.129881563572278803e-03
1.127904051242431191e-03
1.125530351533939565e-03
1.122704183964967802e-03
1.120386777765715672e-03
1.117210877608148471e-03
1.114907125712503392e-03
1.112657350970564429e-03
1.109885050043263929e-03
1.106087597327922107e-03
1.102678103228421636e-03
1.098915491098751080e-03
1.094856511891419831e-03
1.090527838280695066e-03
1.085957508239385715e-03
1.081051205864359387e-03
1.075625215219794869e-03
1.071110872392334271e-03
1.066607203559048105e-03
1.062142264204921690e-03
1.057733212916857693e-03
1.053403648092772439e-03
1.049183019522259216e-03
1.045105997169774219e-03
1.041211822659298325e-03
1.037420259244198643e-03
1.033415520368409371e-03
1.030660841475942611e-03
1.028832474042928533e-03
1.027887596695728316e-03
1.027796235875593454e-03
1.028541072488135290e-03
1.030114853256185268e-03
1.032518244816183232e-03
1.035758057975569996e-03
1.039845776577815253e-03
1.044774952110119962e-03
1.050621043134699435e-03
1.057942335925752143e-03
1.066651235956526944e-03
1.076620501380195528e-03
1.087894865123227020e-03
1.099719042266124065e-03
1.113372392886076596e-03
1.128170240536634835e-03
1.144077043267340520e-03
1.160743203934015179e-03
1.178358668319513672e-03
1.197614797319199870e-03
1.218385795959537644e-03
1.240563215353111945e-03
1.264053455549082839e-03
1.288775472478525955e-03
1.314658885598364623e-03
1.341642406882334344e-03
1.370260214513346854e-03
1.398626925955791895e-03
1.427638893554853761e-03
1.458238994661112311e-03
1.490200629003272112e-03
1.523430078521243423e-03
1.557830118477815081e-03
1.593314436638642966e-03
1.629807985879977742e-03
1.667246284582858847e-03
1.703722101350969896e-03
1.741248372497067407e-03
1.779444652552968293e-03
1.819031901345921545e-03
1.859887523028219431e-03
1.901906181966899530e-03
1.944999103789209205e-03
1.989092603255309885e-03
2.034126470473860641e-03
2.080052414323360112e-03
2.126832636650578551e-03
2.173075153922405644e-03
2.219472017337940223e-03
2.267329082921687965e-03
2.316544856354176181e-03
2.367318692661270988e-03
2.419041341655859233e-03
2.472433749370566911e-03
2.526437948503827864e-03
2.581536167988194262e-03
2.637739969283453903e-03
2.693402922690619344e-03
2.749294657506877720e-03
2.806961744334070252e-03
2.866341338738571595e-03
2.927391721649038377e-03
2.990088486960717096e-03
3.054421348316541281e-03
3.120391610296999706e-03
3.188010126828562645e-03
3.257295625104168844e-03
3.326228049491911955e-03
3.395172536971271821e-03
3.466561567045445269e-03
3.539903391623969858e-03
3.614881161088279778e-03
3.691968045575843346e-03
3.771277877579909312e-03
3.852894763290946011e-03
3.936904146280853500e-03
4.023390742407890325e-03
4.110331807783289965e-03
4.198126474515460720e-03
4.288970818290717760e-03
4.210555638702823643e-03
4.185855850169417115e-03
4.158793496767455335e-03
4.129679015620623533e-03
4.099025283787151828e-03
4.064331255771517701e-03
4.027627217864840521e-03
3.989685580634356327e-03
3.949894822946058322e-03
3.907627163881495502e-03
3.865567799653915008e-03
3.822218123609131667e-03
3.777712938969179663e-03
3.730641380616096618e-03
3.684278359461918596e-03
3.635686587609956305e-03
3.584945626111464730e-03
3.532905774191807697e-03
3.479619694886369567e-03
3.425135343791466374e-03
3.369500386167568941e-03
3.311530117800416152e-03
3.253910610981199710e-03
3.195197683020983836e-03
3.135500466261500162e-03
3.073873969739593284e-03
3.010361917220389944e-03
2.945705292231353550e-03
2.879997996490842559e-03
2.813341257262278773e-03
2.745842708878872343e-03
2.677615265876181691e-03
2.608776078814484169e-03
2.539445593758178025e-03
2.469746707279531044e-03
2.398883035993888517e-03
2.326962520687259062e-03
2.254708002038207943e-03
2.182283598044973925e-03
2.109855285623487859e-03
2.037589084664464482e-03
1.965649388698649525e-03
1.894105576092449013e-03
1.823299902445859157e-03
1.753290577326442091e-03
1.683388480165706530e-03
1.613733854955413331e-03
1.545010245644843315e-03
1.477383870703790399e-03
1.411012059141921945e-03
1.346042062970538057e-03
1.282679828470488070e-03
1.220925763498369220e-03
1.160936044697390753e-03
1.102815887286331476e-03
1.045870443999495983e-03
9.902133129382664333e-04
9.364399426655205770e-04
8.846407698059143400e-04
8.348915861695843741e-04
7.872536777687700552e-04
7.417740651931190813e-04
6.984859303068697255e-04
6.574091936406099151e-04
6.185512101913195979e-04
5.811480076135407385e-04
5.452721307000845102e-04
5.114233330640203731e-04
4.795995256890064722e-04
4.497868788601804653e-04
4.219888392222146561e-04
3.961424846504272559e-04
3.722338564804915351e-04
3.501344585214605384e-04
3.298153810216405751e-04
3.104871990849061912e-04
2.922241665226169840e-04
2.754696956395608488e-04
2.601707862712643489e-04
2.462690455194667459e-04
2.337017409857351769e-04
2.224065356261223109e-04
2.121908297623615355e-04
2.033019392247833665e-04
1.954156785017882808e-04
1.878080013841012771e-04
1.805997789298418883e-04
1.742147357981197625e-04
1.685873281338650677e-04
1.635264579548631513e-04
1.593824841839682144e-04
1.557973104170706552e-04
1.527562619520758745e-04
1.502250678049441739e-04
1.480805028821744113e-04
1.458539671007947247e-04
1.436300923592996029e-04
1.418044255275661318e-04
1.403334213864831611e-04
1.392154406703837973e-04
1.384367607245145777e-04
1.380005580556100168e-04
1.378595723371434946e-04
1.380355475194154418e-04
1.385074919359017436e-04
1.393759740082553024e-04
1.405553989132329569e-04
1.420391716902035038e-04
1.437898445721371495e-04
1.459061211350339243e-04
1.483450843593086860e-04
1.509611600624554436e-04
1.541428240101568904e-04
1.576964781989744261e-04
1.615744345918288818e-04
1.665099704472783240e-04
1.718849480643829095e-04
1.777659587966677688e-04
1.839925376155719704e-04
1.906005177403698072e-04
1.976122501506667056e-04
2.050498616210161881e-04
2.129352919665772239e-04
2.211319004318198253e-04
2.299666488464237064e-04
2.396540343059050198e-04
2.498406292231500716e-04
2.602884774805708278e-04
2.711711540510640698e-04
2.824185375165582735e-04
2.940417698164110691e-04
3.060523542258482147e-04
