4.484244911329612115e+00
1.779532153176896170e+00
1.196749732319178472e+00
8.326550378729531410e-01
6.066835370298935270e-01
4.677617559235380806e-01
2.695219461174329645e-01
2.263522183398627430e-01
2.011195590978183123e-01
1.867588166691895868e-01
1.788607073736070419e-01
1.746938866855090033e-01
1.725713709879888036e-01
1.714768477589154738e-01
1.708187707874952999e-01
1.702499161518531423e-01
1.841271062734861630e-02
1.906548103610727907e-02
1.833412213621521403e-02
1.670197323181943361e-02
1.456609103308137421e-02
1.204083439785819110e-02
9.349867869040018320e-03
6.596460063923892392e-03
3.904449950713040352e-03
1.215161149219490255e-03
-1.599330932715170572e-01
-1.613733685667542161e-01
-1.637385758222691390e-01
-1.665406803552764714e-01
-1.696020526753507784e-01
-1.726786511889812914e-01
-1.756629241543128384e-01
-1.784935044982531860e-01
-1.811362665577584963e-01
-1.835743178324584779e-01
-3.518141278806430350e-01
-3.531440104440370931e-01
-3.552710463149779674e-01
-3.577545778474309213e-01
-3.603473588379542125e-01
-3.629030361674587812e-01
-3.653367071454576287e-01
-3.676020036118163858e-01
-3.696763707766868023e-01
-3.715517664814620424e-01
-5.457121504788999822e-01
-5.467263690821966282e-01
-5.484212511753767672e-01
-5.504476588472599907e-01
-5.525729597671114046e-01
-5.546588342011022910e-01
-5.566260657122219513e-01
-5.584322203085347880e-01
-5.600575219428398643e-01
-5.614959407711803685e-01
-7.401062540670442225e-01
-7.406429213773857434e-01
-7.418583438279715558e-01
-7.434001839762758301e-01
-7.450952962031522908e-01
-7.466844427952412655e-01
-7.481647387601946253e-01
-7.494926468297283817e-01
-7.506476913533923767e-01
-7.516241147719147087e-01
-9.326820113589157080e-01
-9.324892891758308489e-01
-9.330198083954223121e-01
-9.339119251921454978e-01
-9.349230461081285970e-01
-9.359598627751598565e-01
-9.368245674372961407e-01
-9.375517039372975869e-01
-9.381195197108034289e-01
-9.385217295636143486e-01
-1.119747054788184037e+00
-1.118552431195106944e+00
-1.118207935196314562e+00
-1.118217420980536891e+00
-1.118397795272990880e+00
-1.118592508472277425e+00
-1.118721887195943232e+00
-1.118759579009049432e+00
-1.118588271273030621e+00
-1.118275127325504048e+00
-1.297253144417276349e+00
-1.294829038756305062e+00
-1.293263763439460590e+00
-1.292243853407633258e+00
-1.291426578653197543e+00
-1.290618978743307999e+00
-1.289823469312086468e+00
-1.288827359340934953e+00
-1.287829121085603656e+00
-1.286618735940660230e+00
-1.460689379021423040e+00
-1.456670971297230111e+00
-1.453720158797231043e+00
-1.451378923120331788e+00
-1.449237873524781506e+00
-1.447207931937079195e+00
-1.445167894207420645e+00
-1.443056282781413069e+00
-1.440840957869694350e+00
-1.438534429785263580e+00
-1.431473692844205114e+00
-1.427515934426049515e+00
-1.423874586216762772e+00
-1.420392702500702597e+00
-1.417069388538823693e+00
-1.413754213920205061e+00
-1.410376503233460532e+00
-1.407292899789650331e+00
-1.403980409647047622e+00
-1.400697174546715829e+00
-1.220867441349210214e+00
-1.217624259087037419e+00
-1.214207825360064774e+00
-1.210749639004499167e+00
-1.207452398676839733e+00
-1.204299403751698971e+00
-1.203308748206636469e+00
-1.198506521727027208e+00
-1.195433231580589339e+00
-1.195637097805529292e+00
-1.021935969663599453e+00
-1.020209915618225160e+00
-1.018236461725810837e+00
-1.016229315155054547e+00
-1.014331670402761398e+00
-1.012622061582935995e+00
-1.011139230633781194e+00
-1.009897822443897919e+00
-1.008898254800588035e+00
-1.008132889154313316e+00
-8.393314237485191009e-01
-8.377530163182979051e-01
-8.367369585193010773e-01
-8.362004272456277087e-01
-8.360957219530342766e-01
-8.363793650336451835e-01
-8.370121794947632532e-01
-8.379591508764868690e-01
-8.391891836940551519e-01
-8.406748107159555117e-01
-6.826858636063161123e-01
-6.831790884446603540e-01
-6.843707481590367570e-01
-6.861226017436657942e-01
-6.883504799203155056e-01
-6.909884543938399348e-01
-6.939839029935536141e-01
-6.972941645283308176e-01
-7.008842404329086451e-01
-7.047251852544290651e-01
-5.603468464940736249e-01
-5.633287954286836374e-01
-5.670581943659073199e-01
-5.713751998906000384e-01
-5.761811238410050606e-01
-5.814021453167117492e-01
-5.869819096740094277e-01
-5.928766124705839857e-01
-5.990221483252469170e-01
-6.054745117467853488e-01
-4.779215355694629297e-01
-4.841395447079863690e-01
-4.909414959298510350e-01
-4.983657773699774474e-01
-5.062322991944414596e-01
-5.144928622084654624e-01
-5.230963113810707110e-01
-5.320038025700203344e-01
-5.411846643877537000e-01
-5.506143969325528742e-01
-4.696224146242516939e-01
-4.846724945596629919e-01
-4.988007089746696598e-01
-5.123903041842705619e-01
-5.257659359468116467e-01
-5.390362804220363291e-01
-5.523183474991879560e-01
-5.656700757825035009e-01
-5.791253929116961796e-01
-5.927024364706854342e-01
-5.283140941035078253e-01
-5.477588814356517677e-01
-5.662473855869498696e-01
-5.841781607161498080e-01
-6.018009043973067129e-01
-6.193047663423603133e-01
-6.367223553689107529e-01
-6.541483201263109670e-01
-6.716036030343178753e-01
-6.890981529260515881e-01
-6.406575171797215251e-01
-6.643251430956755854e-01
-6.869704934425162612e-01
-7.868224439404714055e-01
-7.984065261974739869e-01
-8.101951875694746175e-01
-8.220499278826070011e-01
-8.355837398329151178e-01
-8.464592032680309241e-01
-9.377340072122672954e-01
-9.420694941145746348e-01
-9.475505148904872499e-01
-9.535549976286352702e-01
-9.597220980004141921e-01
-9.656606831864185114e-01
-9.712965750773843165e-01
-9.764782832656735412e-01
-9.811175536947436271e-01
-9.851534866463371731e-01
-1.074116344522399569e+00
-1.073394236841087590e+00
-1.072412436187026863e+00
-1.071043509886407286e+00
-1.069204106220982720e+00
-1.066844173628549886e+00
-1.063935146961709766e+00
-1.060462446190009400e+00
-1.056420721477109748e+00
-1.051810846071900230e+00
-1.138579935803291754e+00
-1.130061676763319145e+00
-1.121446423775509516e+00
-1.112629452308286027e+00
-1.103572761079294029e+00
-1.094277147748835333e+00
-1.084633049651639869e+00
-1.074741117392608469e+00
-1.064591217133181278e+00
-1.054198213711807330e+00
-1.144194810488337932e+00
-1.131310358044587350e+00
-1.118687302009758300e+00
-1.106237937992774034e+00
-1.093910469397944452e+00
-1.081682094575995290e+00
-1.069547742836154391e+00
-1.057512902013794776e+00
-1.045589055887024887e+00
-1.033790786907765158e+00
-1.132184852051228319e+00
-1.119202801802939851e+00
-1.106829436976499936e+00
-1.094961394104182029e+00
-1.083502489912152589e+00
-1.072390795691662513e+00
-1.061685591756645008e+00
-1.051293864967814740e+00
-1.041224822472154532e+00
-1.031478044131547200e+00
-1.140709986150554522e+00
-1.130388198524078236e+00
-1.120845621437457362e+00
-1.111921829136224504e+00
-1.103503313355461701e+00
-1.095515836171380375e+00
-1.087909784893097420e+00
-1.080650897462425153e+00
-1.073714415962082835e+00
-1.067081423581414779e+00
-1.185841778717324546e+00
-1.178436612811829098e+00
-1.171797307406734934e+00
-1.165806672009146006e+00
-1.160233182986508016e+00
-1.154996373011897282e+00
-1.150037591656082103e+00
-1.145315556927944955e+00
-1.140800939646217316e+00
-1.136451388114261496e+00
-1.260868148782843257e+00
-1.255027351719121498e+00
-1.249994518298526369e+00
-1.245506872622715422e+00
-1.241386322044401691e+00
-1.237517765985710394e+00
-1.233827321551745904e+00
-1.230267895610134055e+00
-1.226795672715712993e+00
-1.223429035579534307e+00
-1.348710229742970057e+00
-1.342835787561239336e+00
-1.337825178793938141e+00
-1.333356888728728817e+00
-1.329285894300138882e+00
-1.325438935687997200e+00
-1.321640126912065227e+00
-1.317970982142191660e+00
-1.314329768111475616e+00
-1.310708704115707945e+00
-1.303053753351299582e+00
-1.298057664576191428e+00
-1.293382762380490991e+00
-1.289001476558617965e+00
-1.284821263625516297e+00
-1.280717546622913705e+00
-1.276740764825782470e+00
-1.272855822597028341e+00
-1.269050543656698782e+00
-1.265316857229882297e+00
-1.126059170704483137e+00
-1.122812631175540421e+00
-1.119582916977571951e+00
-1.116449079800457600e+00
-1.113466392725805942e+00
-1.110662962104754792e+00
-1.108050410401443697e+00
-1.105630602337078328e+00
-1.103399858394801480e+00
-1.101385138516159490e+00
-9.646130727692872053e-01
-9.627917536409984489e-01
-9.613329341161824804e-01
-9.602930736235357756e-01
-9.595806810772578022e-01
-9.591874663587175442e-01
-9.590939016770281267e-01
-9.592791801909025251e-01
-9.597238222290120913e-01
-9.604101004601314218e-01
-8.307235380632289612e-01
-8.315033794281607715e-01
-8.329353830987291651e-01
-8.349021977070448797e-01
-8.373295952868649028e-01
-8.401606142984974213e-01
-8.433507670974147441e-01
-8.468648285247912799e-01
-8.506746558980310402e-01
-8.547576858372024633e-01
-7.364919209277616119e-01
-7.408450758677478376e-01
-7.460054405730551785e-01
-7.518042131010731488e-01
-7.581342709042840911e-01
-7.649189198031209891e-01
-7.721023817261011279e-01
-7.796435702530014611e-01
-7.875119861952637468e-01
-7.956849852866538786e-01
-6.931508525446646862e-01
-7.022127852280433125e-01
-7.121368220526322901e-01
-7.227404670791796049e-01
-7.338739593729626254e-01
-7.455502204850310566e-01
-7.576314933099740356e-01
-7.701285034896210302e-01
-7.830771991999144754e-01
-7.961491918080787489e-01
-7.136850623541566296e-01
-7.288288790865738997e-01
-7.447779840351771430e-01
-7.613725104819926148e-01
-7.785101052375569264e-01
-7.961193895147716804e-01
-8.141499009931321140e-01
-8.325655452131817125e-01
-8.513403022457488589e-01
-8.704553851850815871e-01
-8.339244813072363982e-01
-8.608421992716357440e-01
-8.871654211365078702e-01
-9.132089199483131026e-01
-9.391721860399309119e-01
-9.651781121194147328e-01
-9.913011776036375622e-01
-1.017544476940394960e+00
-1.044050360633327790e+00
-1.070761430994064067e+00
-1.054263500665394426e+00
-1.089190391938673619e+00
-1.123458535243869516e+00
-1.157354238401564928e+00
-1.191053474720883631e+00
-1.224659514567424834e+00
-1.258274384992121853e+00
-1.291790626546155174e+00
-1.325310463070819678e+00
-1.358904542852356734e+00
-1.360870624906243664e+00
-1.402979156506819258e+00
-1.444089030962753206e+00
-1.484702061331771628e+00
-1.422782731261595490e+00
-1.445383227527317960e+00
-1.467023621392197663e+00
-1.533870365656382351e+00
-1.546285280689863262e+00
-1.558205229677805725e+00
-1.569532640005737001e+00
-1.579675815459298249e+00
-1.589063741222712434e+00
-1.597388327143755449e+00
-1.604584701139980307e+00
-1.610602273765110226e+00
-1.615399671900321410e+00
-1.672058618477844316e+00
-1.667924804731533373e+00
-1.663177591576505687e+00
-1.657737691302561434e+00
-1.651094446736474097e+00
-1.643681295620335270e+00
-1.635238580596255709e+00
-1.625746784064394213e+00
-1.615202092364446784e+00
-1.603611434262392166e+00
-1.654633158089598544e+00
-1.635705912787332128e+00
-1.616525118580794507e+00
-1.596962078587129907e+00
-1.576950228466947213e+00
-1.556538539891432427e+00
-1.535441481702932709e+00
-1.514081067514551293e+00
-1.492316649461796096e+00
-1.470190462845396784e+00
-1.524451514963560017e+00
-1.497703162316998293e+00
-1.471491683489987601e+00
-1.445706042578966732e+00
-1.420289951199821488e+00
-1.395226526091990493e+00
-1.370522597143529087e+00
-1.346198615452987912e+00
-1.322282157267583358e+00
-1.298803743718150550e+00
-1.366278665484530475e+00
-1.340763647112953372e+00
-1.316489034220847953e+00
-1.293291972671813506e+00
-1.271063499317068191e+00
-1.249735033771864012e+00
-1.230095416608619763e+00
-1.211608198411025183e+00
-1.193046558013019176e+00
-1.175421600236152608e+00
-1.256478951073597194e+00
-1.233591030498084606e+00
-1.213887850930866819e+00
-1.196463106807231780e+00
-1.180778538025385904e+00
-1.166444812566649558e+00
-1.153203159282164325e+00
-1.140877826155298980e+00
-1.129345924979801907e+00
-1.118518316981710781e+00
-1.220595801230085486e+00
-1.208754940231302033e+00
-1.198194595550659880e+00
-1.188634578835114031e+00
-1.179866535676828976e+00
-1.171749738502975591e+00
-1.164182934984152151e+00
-1.157073533532292586e+00
-1.150428909000580369e+00
-1.144141146132631182e+00
-1.255267829640433153e+00
-1.246824380011859246e+00
-1.239603327903641805e+00
-1.233231098572673101e+00
-1.227510912712627356e+00
-1.222228038721719034e+00
-1.217274158735145662e+00
-1.212629546061374963e+00
-1.208228547805787034e+00
-1.203958373024661244e+00
-1.317916456318004137e+00
-1.310382507567430244e+00
-1.304135131556706906e+00
-1.298764485645723221e+00
-1.293891768263089714e+00
-1.289460775284380745e+00
-1.285281092260119440e+00
-1.281287229222185076e+00
-1.277432909748183132e+00
-1.273687336458227737e+00
-1.261853392012554309e+00
-1.256491205017750801e+00
-1.251731153396367091e+00
-1.247405332053426408e+00
-1.243449514978633319e+00
-1.239706430624362143e+00
-1.236134017971382004e+00
-1.232699015501167450e+00
-1.229378133698859621e+00
-1.226156015495406315e+00
-1.088002027351016032e+00
-1.085267713175048776e+00
-1.082744436700835644e+00
-1.080406605244207174e+00
-1.078248544506960505e+00
-1.076262607926185222e+00
-1.074440374068478921e+00
-1.072773349765299589e+00
-1.071253369035738423e+00
-1.069872817687126387e+00
-9.335527799079220701e-01
-9.321809527551528918e-01
-9.313715182896833422e-01
-9.309090880502415288e-01
-9.307963515351161954e-01
-9.309618663293210972e-01
-9.313671780577260639e-01
-9.319836397417247120e-01
-9.327896345287544078e-01
-9.337685417076214689e-01
-8.035100906423707778e-01
-8.042414357676508363e-01
-8.056928644797152206e-01
-8.077457684374895752e-01
-8.102014211762295082e-01
-8.129921670562527680e-01
-8.160632397526188520e-01
-8.193747987854093084e-01
-8.228985395479034848e-01
-8.266436254569946573e-01
-7.065011706865783614e-01
-7.100584687340506518e-01
-7.144794673088440407e-01
-7.195194195774348156e-01
-7.250308395121086713e-01
-7.308866962763305164e-01
-7.371026022664626254e-01
-7.435597702156835354e-01
-7.502463431522422566e-01
-7.571415544409144660e-01
-6.511614264608708291e-01
-6.584443636744766737e-01
-6.665793380234186216e-01
-6.753293219313387663e-01
-6.845496328266748032e-01
-6.941444352651624516e-01
-7.040497332339210601e-01
-7.142224467413237354e-01
-7.246333815542049805e-01
-7.352626911576773949e-01
-6.473603352874490735e-01
-6.594203991529122844e-01
-6.721788103717949436e-01
-6.854499489163252690e-01
-6.991201204348997944e-01
-7.131133006506242822e-01
-7.273779714130848006e-01
-7.418786728646954431e-01
-7.565905699670627538e-01
-7.714652752460126051e-01
-7.292373646504897167e-01
-7.514561277891069757e-01
-7.726942253846422748e-01
-7.934019032404309169e-01
-8.137973913308353957e-01
-8.340284573280070113e-01
-8.541875124762885463e-01
-8.743307713682164639e-01
-8.944913176606230643e-01
-9.146874313705364301e-01
-8.881029678277110317e-01
-9.158911210768265754e-01
-9.426098597621648256e-01
-9.687138066554878968e-01
-9.943988666862171311e-01
-1.019796954558601421e+00
-1.044962237574031505e+00
-1.070035248526815419e+00
-1.094897129601666297e+00
-1.119644454956420621e+00
-1.107217654797457040e+00
-1.139660054131180988e+00
-9.399939170934334953e-01
-9.558199468666597198e-01
-9.704988436450454614e-01
-9.840275884397269301e-01
-9.964062277715464155e-01
-1.076259283332204664e+00
-1.081052009294465766e+00
-1.085553660993766822e+00
-1.089528461038550944e+00
-1.092824889809683953e+00
-1.095347893417661478e+00
-1.097052535775722593e+00
-1.097861098011576386e+00
-1.097890525639387826e+00
-1.096845976523529886e+00
-1.171500167342196086e+00
-1.164300301710943009e+00
-1.157123193724937993e+00
-1.149578726407214146e+00
-1.141816126821397770e+00
-1.133609935654012801e+00
-1.124920528867449976e+00
-1.115733950976720790e+00
-1.106050264897178836e+00
-1.095871832128310297e+00
-1.172404149925475814e+00
-1.157603287459650909e+00
-1.143377690905257538e+00
-1.129374094063066103e+00
-1.115468529413842003e+00
-1.101593276632116147e+00
-1.087718183692496066e+00
-1.073835182168891400e+00
-1.059949519215216629e+00
-1.046074510670697233e+00
-1.131504739264005188e+00
-1.114883294991567908e+00
-1.099262082551065056e+00
-1.084299227053452386e+00
-1.069858070951494433e+00
-1.055857043096047221e+00
-1.042248501741040112e+00
-1.029005581262949942e+00
-1.016113846466574877e+00
-1.003566015903413877e+00
-1.102526892489454236e+00
-1.088518028132216209e+00
-1.075726223465921505e+00
-1.063700729424274849e+00
-1.052386019938382100e+00
-1.041665503932495129e+00
-1.031461051110877269e+00
-1.021719066113100371e+00
-1.012401290656741448e+00
-1.003479002963211020e+00
-1.116252239763774412e+00
-1.106128009859118855e+00
-1.097146955622847475e+00
-1.089002141577547045e+00
-1.081471350947058818e+00
-1.074569673930726221e+00
-1.067972537060019711e+00
-1.061741350014072882e+00
-1.055828087581098806e+00
-1.050196318529491801e+00
-1.173470283655565716e+00
-1.166197547269524071e+00
-1.160012042339318317e+00
-1.154634513772813342e+00
-1.149716279525438090e+00
-1.145173569130291114e+00
-1.140926697953159374e+00
-1.136907769662562462e+00
-1.133071815252967074e+00
-1.129388658469446138e+00
-1.258481529013436351e+00
-1.252436008421856872e+00
-1.247448610552194470e+00
-1.243186121274316935e+00
-1.239393023985346565e+00
-1.235844932696098075e+00
-1.232548559855104697e+00
-1.229487768824057525e+00
-1.226479940103273991e+00
-1.223533311393367740e+00
-1.353806382959835464e+00
-1.347519904544712155e+00
-1.342508820342392495e+00
-1.338228861095962063e+00
-1.334419045707976093e+00
-1.330985177073437331e+00
-1.327700808270129595e+00
-1.324520560869373531e+00
-1.321381096655497078e+00
-1.318298139478800035e+00
-1.309045261823390982e+00
-1.304476551383996874e+00
-1.300416812652332998e+00
-1.296701038110724458e+00
-1.293248772397263213e+00
-1.289946528138300685e+00
-1.286824441212180314e+00
-1.283713150792140878e+00
-1.280694353753091708e+00
-1.277754066789162035e+00
-1.130111251160787145e+00
-1.127987067584437675e+00
-1.126957731387220996e+00
-1.124896373193585930e+00
-1.122499543880325579e+00
-1.120782714509363620e+00
-1.119010710685293564e+00
-1.121598046443670560e+00
-1.123703967052323005e+00
-1.124412358650865196e+00
-9.786766420700424574e-01
-9.779632745334629895e-01
-9.773006547299474267e-01
-9.767572082962430180e-01
-9.763829868498490328e-01
-9.762005441382184401e-01
-9.762161643882983908e-01
-9.764268760971663852e-01
-9.768247942910641690e-01
-9.773997748555474097e-01
-8.352928609466128140e-01
-8.355163838532561060e-01
-8.364239101936533638e-01
-8.378375811809132268e-01
-8.396520057264688086e-01
-8.417929367045413613e-01
-8.442071003423219366e-01
-8.468555715807574158e-01
-8.497094311939416000e-01
-8.527468961966940819e-01
-7.210534420158331015e-01
-7.238211105184385596e-01
-7.273451144658654721e-01
-7.314178030654608920e-01
-7.359147916734961603e-01
-7.407511315303350052e-01
-7.458680303659186439e-01
-7.512242599256157005e-01
-7.567905701918860029e-01
-7.625460370421425216e-01
-6.448014554161570766e-01
-6.507772493371600797e-01
-6.574864106801587837e-01
-6.647293930086515257e-01
-6.723862089022121236e-01
-6.803756863762200346e-01
-6.886422666040808993e-01
-6.971474799499439712e-01
-7.058644192964067532e-01
-7.147741372572402607e-01
-6.145903722502306099e-01
-6.246805723136813482e-01
-6.353504257322020177e-01
-6.464510931534713789e-01
-6.578932312222243173e-01
-6.696154944600425374e-01
-6.815498144161108440e-01
-6.937370670865056210e-01
-7.061144216230842430e-01
-7.186158466562264646e-01
-6.632550241970581739e-01
-6.826144072790938377e-01
-7.009386873216316705e-01
-7.186335083215640296e-01
-7.359607362600650848e-01
-7.530843759203880161e-01
-7.701061941498119623e-01
-7.870883723696051604e-01
-8.040679095407956556e-01
-8.210657796487437210e-01
-7.807649935825260457e-01
-8.048137493352742755e-01
-8.277728362172152021e-01
-8.500268852438739309e-01
-8.718199794028880234e-01
-8.932744072994918128e-01
-9.145867228473951727e-01
-9.356565264418086336e-01
-9.566059220586371481e-01
-9.774268861111115037e-01
-9.507275448283976083e-01
-9.787575966190045218e-01
-1.005563235067876926e+00
-8.366343784658217819e-01
-8.505358043915673960e-01
-8.637646687675870627e-01
-8.762062528562906127e-01
-8.877873905665440990e-01
-8.984582082271928005e-01
-9.801882846854961251e-01
-9.844699072945870544e-01
-9.882520567412078627e-01
-9.916994310543914004e-01
-9.945273153589333504e-01
-9.966625339546906215e-01
-9.980621338220561078e-01
-9.987018312364015493e-01
-9.985691565538403758e-01
-9.976593092101115889e-01
-1.074280007146995786e+00
-1.067896404846271352e+00
-1.061258155723724173e+00
-1.054551970078752454e+00
-1.047498560836808146e+00
-1.040038056679282175e+00
-1.032141786391179261e+00
-1.023800476651123725e+00
-1.015017151716119059e+00
-1.005802754087834483e+00
-1.083876951572882330e+00
-1.070668957167962621e+00
-1.057787257021739258e+00
-1.045073187529454772e+00
-1.032428337055131706e+00
-1.019800069364696027e+00
-1.007162885287505638e+00
-9.945064213816645626e-01
-9.818514070060999632e-01
-9.692446038469486602e-01
-1.055251109695730660e+00
-1.040278271888410266e+00
-1.026029111572356989e+00
-1.012335593424501967e+00
-9.990877762386340954e-01
-9.862200466801751553e-01
-9.736943221017239081e-01
-9.614893576184132540e-01
-9.495939552395622485e-01
-9.380026681323123672e-01
-1.036591066707440723e+00
-1.023728476536882592e+00
-1.011825573951160795e+00
-1.000658418726706245e+00
-9.902452877647907048e-01
-9.802157966593925131e-01
-9.706545404643485142e-01
-9.615148834200220040e-01
-9.527626953866354942e-01
-9.443720659466938727e-01
-1.055859315781379593e+00
-1.046422732755438068e+00
-1.037994968066600965e+00
-1.030330205136414268e+00
-1.023210740852369849e+00
-1.016679729684332401e+00
-1.010390892176148636e+00
-1.004439802005798521e+00
-9.987848443254152553e-01
-9.933940693659437660e-01
-1.114908670632270837e+00
-1.108180987468941670e+00
-1.102269953624917864e+00
-1.097058895113960819e+00
-1.092348228375542796e+00
-1.088016515379749194e+00
-1.083914246366105782e+00
-1.080127214174027017e+00
-1.076381080398608026e+00
-1.072807133388041789e+00
-1.200123707511691507e+00
-1.194376980497578344e+00
-1.189649731048792347e+00
-1.185600248180538552e+00
-1.181994299711689678e+00
-1.178682616401165006e+00
-1.175570364567215531e+00
-1.172569785560201749e+00
-1.169755620244824934e+00
-1.166998531474178646e+00
-1.295851254194257507e+00
-1.290054406465034553e+00
-1.285348404158489721e+00
-1.281384386384264218e+00
-1.277825765717082396e+00
-1.274592136657353603e+00
-1.271551927761482403e+00
-1.268562789123787393e+00
-1.265761496680815057e+00
-1.262918513620383321e+00
-1.255336689309512810e+00
-1.251345362644008086e+00
-1.247790381912229130e+00
-1.244528809024365135e+00
-1.241490197750475311e+00
-1.238576709533992570e+00
-1.235844941651687456e+00
-1.233089754348529299e+00
-1.230418263606285478e+00
-1.227818330601682550e+00
-1.083854106616439994e+00
-1.082371974305231133e+00
-1.080793851856330701e+00
-1.079181644333197632e+00
-1.077681959810086854e+00
-1.076145702062957898e+00
-1.074712461909693273e+00
-1.073390610488421881e+00
-1.072182569758124870e+00
-1.071087703063017038e+00
-9.285852403518329856e-01
-9.281594398155265102e-01
-9.279424726854391681e-01
-9.279121539335013491e-01
-9.280664068083895879e-01
-9.283994245596419725e-01
-9.289036038114417693e-01
-9.295606893514261060e-01
-9.303582819466508225e-01
-9.313431082749322742e-01
-7.939349142999705400e-01
-7.952650847811463253e-01
-7.970341566798808675e-01
-7.991418862429171543e-01
-8.015354087501543878e-01
-8.041765719462570239e-01
-8.070372866951843749e-01
-8.100964922321665096e-01
-8.133381572521668490e-01
-8.167499508902316130e-01
-6.880327999306214970e-01
-6.917720325722072072e-01
-6.960931639191757503e-01
-7.008485828881152457e-01
-7.059544072198855602e-01
-7.113532829985126371e-01
-7.170054559491053636e-01
-7.228830045897761680e-01
-7.289660991632710418e-01
-7.352405628754173916e-01
-6.189428691488679801e-01
-6.259072166478891752e-01
-6.334899555885754596e-01
-6.415344032843302013e-01
-6.499497202740400770e-01
-6.586746210227266696e-01
-6.676672622438615257e-01
-6.768987353356674674e-01
-6.863488637481307553e-01
-6.960034781662514103e-01
-5.959415029729089319e-01
-6.071134462846908830e-01
-6.188001352180567682e-01
-6.309031157060580597e-01
-6.432369999613485323e-01
-6.559586277250930575e-01
-6.689114023383162522e-01
-6.820749583586995790e-01
-6.954595949027975177e-01
-7.090533578876082599e-01
-6.291511390659295655e-01
-6.455689653407512552e-01
-6.622134411348479244e-01
-6.790345540479185704e-01
-6.960335798018866260e-01
-7.132518615389151773e-01
-7.304767781464958087e-01
-7.479491427275721804e-01
-7.655287005884197082e-01
-7.832070564614017627e-01
-7.479201166533653300e-01
-7.741672646777617572e-01
-7.989738526732963475e-01
-8.228570328047930538e-01
-8.461449721759750631e-01
-8.690248719148523371e-01
-8.916830440056453533e-01
-9.140364370363345259e-01
-9.363461413222093910e-01
-9.585122427972622150e-01
-9.368683712124581398e-01
-9.676512652123883118e-01
-9.968735997812980809e-01
-7.730803056029276199e-01
-7.884164993910857122e-01
-8.039300746095691119e-01
-8.191678710686499665e-01
-8.338430263809777365e-01
-8.477736384086209664e-01
-8.608562675006243836e-01
-8.729380647427005258e-01
-9.470273570214811087e-01
-9.525641937806867965e-01
-9.576850343057783377e-01
-9.622188010636452127e-01
-9.660552516437834747e-01
-9.691267939488645844e-01
-9.713729742777925669e-01
-9.728158229457641859e-01
-9.734627286849719674e-01
-9.731173371231518487e-01
-1.042065834315193396e+00
-1.036343275625527749e+00
-1.030402419185509011e+00
-1.024130959834042232e+00
-1.017309007907542862e+00
-1.010127039003511307e+00
-1.002444253186241641e+00
-9.942572063218106937e-01
-9.855767300495239525e-01
-9.764129934676883948e-01
-1.046810768506670986e+00
-1.033846467891800236e+00
-1.021147795051680074e+00
-1.008495512301440300e+00
-9.958284950031865979e-01
-9.831191639880054733e-01
-9.703605791495393262e-01
-9.575585080172812624e-01
-9.447263427707353056e-01
-9.318818368391301732e-01
-1.010612602452484410e+00
-9.958866400747581338e-01
-9.817316342341722013e-01
-9.680360582333239483e-01
-9.547267381405063480e-01
-9.417619596934532211e-01
-9.291192317019565383e-01
-9.167875166108814255e-01
-9.047623142609773073e-01
-8.930425700882591578e-01
-9.848301231346614504e-01
-9.724613499569638719e-01
-9.608864841185831285e-01
-9.499646777451435931e-01
-9.395940852196034143e-01
-9.297070020057789375e-01
-9.202570554072222464e-01
-9.112219419952758415e-01
-9.025588736467029527e-01
-8.942455205628514481e-01
-9.998162871989298983e-01
-9.911474374990137948e-01
-9.832970337299691277e-01
-9.760840680342479647e-01
-9.693858833510868855e-01
-9.630980474462649266e-01
-9.571584487217689174e-01
-9.515763505888553686e-01
-9.461857165171567718e-01
-9.410571169839725414e-01
-1.057599545275814235e+00
-1.051833895890364801e+00
-1.046757117866913056e+00
-1.042239021781480091e+00
-1.038101144587696201e+00
-1.034264534016333670e+00
-1.030658123755402444e+00
-1.027234425487880465e+00
-1.023961228113452915e+00
-1.020838067060620080e+00
-1.144332526660263527e+00
-1.139715568207618546e+00
-1.135896318169922647e+00
-1.132637007710763033e+00
-1.129759084584518680e+00
-1.127109581299587493e+00
-1.124574645644720761e+00
-1.122110737551272219e+00
-1.119728003986081966e+00
-1.117373593880569560e+00
-1.243693140579995582e+00
-1.239087768820297475e+00
-1.235412214244148377e+00
-1.232277283030098092e+00
-1.229522153908484849e+00
-1.226925357073546996e+00
-1.224465626071010504e+00
-1.222088868789021898e+00
-1.219761375136768855e+00
-1.217493226619270619e+00
-1.213184189128860169e+00
-1.210063352680118332e+00
-1.207122577392028440e+00
-1.204373760259261239e+00
-1.201765528562199536e+00
-1.199263802824769076e+00
-1.196846737776397829e+00
-1.194500447366205753e+00
-1.192216237348513452e+00
-1.190004480840059387e+00
-1.051903199165043379e+00
-1.050775221441890395e+00
-1.049313084570723253e+00
-1.047758377383579909e+00
-1.046208437242429845e+00
-1.044720015914802236e+00
-1.043325126202398589e+00
-1.042040511153992988e+00
-1.040873616698559267e+00
-1.039826350427689894e+00
-9.012289277964652401e-01
-9.008910840310040413e-01
-9.006064655352657988e-01
-9.004230649142630494e-01
-9.003833351481870251e-01
-9.005024823309759618e-01
-9.007944897643526128e-01
-9.013079558327977692e-01
-9.018898990367490986e-01
-9.026358454614631377e-01
-7.671375044145491984e-01
-7.683894886073738828e-01
-7.698980273179675260e-01
-7.716400301364255698e-01
-7.736090717767268865e-01
-7.757946585797764749e-01
-7.781846464404791330e-01
-7.807666758645396277e-01
-7.835289929234476869e-01
-7.864601991188799879e-01
-6.575786220484323152e-01
-6.610919722450269154e-01
-6.649505652861212868e-01
-6.691002375207006914e-01
-6.735148894567157818e-01
-6.781697038272637146e-01
-6.830441306278675073e-01
-6.881214304414666749e-01
-6.933878218830973328e-01
-6.989287933036846256e-01
-5.804710734617688495e-01
-5.868350120398949654e-01
-5.935637482802768039e-01
-6.006087826485022596e-01
-6.079300011145134519e-01
-6.154969063806429164e-01
-6.232858497344817561e-01
-6.312782354856769640e-01
-6.394593189560320301e-01
-6.478173780265689130e-01
-5.433844334969167855e-01
-5.536201777487872455e-01
-5.640602108398599102e-01
-5.746895813413028797e-01
-5.854958810297177241e-01
-5.964801064599862812e-01
-6.076740538715379447e-01
-6.188976263974954595e-01
-6.303995943455221740e-01
-6.420305149867808758e-01
-5.555221690316833882e-01
-5.704301525667229145e-01
-5.851913838420832459e-01
-5.998926820987959818e-01
-6.145923278548268698e-01
-6.293215321770757598e-01
-6.440947619621122389e-01
-6.589162429946948674e-01
-6.737840406909039181e-01
-6.886926074740511439e-01
-6.434130077319553109e-01
-6.670606361109918669e-01
-6.888869962689090354e-01
-7.095755349455874494e-01
-7.293471520972076849e-01
-7.487271263604933225e-01
-7.677192529435171719e-01
-7.864188664681903695e-01
-8.048816043303570478e-01
-8.231372312008926606e-01
-7.886259924924230447e-01
-8.156664259195034461e-01
-8.407023746211343962e-01
-9.540585605579291473e-01
-9.680255741759818955e-01
-9.812956587429669808e-01
-9.938511173208226523e-01
-1.005669197516352753e+00
-1.058422001254831990e+00
-1.063724403668211860e+00
-1.069115219613901768e+00
-1.074262929272153944e+00
-1.079028039438188591e+00
-1.083061685615991587e+00
-1.086650780023858509e+00
-1.089592674440950759e+00
-1.091933313216629786e+00
-1.093353159859848489e+00
-1.142275703610327708e+00
-1.138443454027434409e+00
-1.134549085418543157e+00
-1.130416374216031805e+00
-1.125935138270982794e+00
-1.121040595410858209e+00
-1.115763065574209012e+00
-1.109804294281619974e+00
-1.103546834358288820e+00
-1.096819689512773977e+00
-1.145542239653237981e+00
-1.134784267463242680e+00
-1.124149998149857721e+00
-1.113515142797322000e+00
-1.102805087202266554e+00
-1.091981096924933281e+00
-1.081027207076204810e+00
-1.069941841557622508e+00
-1.058732441743260644e+00
-1.047412012454822516e+00
-1.100582279257376062e+00
-1.086790623367098085e+00
-1.073421090089703878e+00
-1.060370918910198412e+00
-1.047575661043519402e+00
-1.035000287616172354e+00
-1.022627987482402245e+00
-1.010450167066216709e+00
-9.984680756333468299e-01
-9.866940398685264402e-01
-1.048296489981970669e+00
-1.035267682238393494e+00
-1.022891627831390871e+00
-1.011057202747554395e+00
-9.996870922689087280e-01
-9.887318383318310921e-01
-9.781621896636030211e-01
-9.679554918427015764e-01
-9.580892026582541465e-01
-9.485553088980807068e-01
-1.020079946340849419e+00
-1.009832334331278059e+00
-1.000318312765293260e+00
-9.914012509576072274e-01
-9.829815485311441670e-01
-9.749914406208659567e-01
-9.673834494294804021e-01
-9.601230317462843278e-01
-9.531839108031313623e-01
-9.465451223008426451e-01
-1.026763953630709825e+00
-1.019327556271280022e+00
-1.012615874365604185e+00
-1.006460316665934718e+00
-1.000739287581415837e+00
-9.953754058844337393e-01
-9.902907703166734521e-01
-9.855805990225547930e-01
-9.809582958820095566e-01
-9.765522857760950970e-01
-1.062651789218807430e+00
-1.057006859285894329e+00
-1.052097642696462554e+00
-1.047715443790786072e+00
-1.043713687812884316e+00
-1.039996471985183968e+00
-1.036505622890073752e+00
-1.033183010075997554e+00
-1.030113222939942563e+00
-1.027040894734747134e+00
-1.115926248510491048e+00
-1.110998739100771848e+00
-1.106875967212124223e+00
-1.103306819396402849e+00
-1.100105308679739657e+00
-1.097256100346349017e+00
-1.094456421363423360e+00
-1.091807799279286062e+00
-1.089279199990680791e+00
-1.086845617531320363e+00
-1.175665156393486122e+00
-1.170685018252170195e+00
-1.166619616887949462e+00
-1.163158385290986807e+00
-1.160093414840261072e+00
-1.157291598581025482e+00
-1.154681471516832980e+00
-1.152227325317930484e+00
-1.149801535802205121e+00
-1.147458533782717893e+00
-1.132025497965309491e+00
-1.128659701680534422e+00
-1.125709046656976575e+00
-1.123073298912821150e+00
-1.120683825781322085e+00
-1.118363641892859306e+00
-1.116145357524974902e+00
-1.114091342122214279e+00
-1.112110444368538786e+00
-1.110229619112087285e+00
-9.918684229895272653e-01
-9.907210561285880734e-01
-9.896810247760627899e-01
-9.886479694995773393e-01
-9.877017688054334776e-01
-9.868594118838356355e-01
-9.861274093161440657e-01
-9.855075505817408876e-01
-9.850225268798009637e-01
-9.846554671185477892e-01
-8.680817770452873283e-01
-8.681567345916413325e-01
-8.684759757995803575e-01
-8.691124343156780840e-01
-8.698712693829121489e-01
-8.708181309886964261e-01
-8.719386261689969775e-01
