5.242814873995794045e+00
2.025406163637120116e+00
1.231129916343127073e+00
7.100125579046632218e-01
3.632851332345634621e-01
1.280913694805640990e-01
-1.463049993747778110e-01
-2.456065719893325561e-01
-3.193376690408249452e-01
-3.763965551643013718e-01
-4.224088558644787383e-01
-4.609332488616586510e-01
-4.942223429151550995e-01
-5.237009499310614213e-01
-5.502668516007900301e-01
-5.744974822456705432e-01
-7.564297123661034572e-01
-7.671925247198756459e-01
-7.781511985916813590e-01
-7.887883719243931058e-01
-7.987672868793116443e-01
-8.079189249932368089e-01
-8.161806702496354760e-01
-8.234692923058213321e-01
-8.297530611686905200e-01
-8.350512713943019083e-01
-1.006855968984397220e+00
-1.001259773817640530e+00
-9.963232264089885160e-01
-9.915420326065242929e-01
-9.866192103990940598e-01
-9.814199636865335030e-01
-9.758107254147533327e-01
-9.697512145092463953e-01
-9.632317132634169443e-01
-9.562610925020782471e-01
-1.123416209581999725e+00
-1.107151863525646984e+00
-1.091895785965224297e+00
-1.077254330469165966e+00
-1.062908726939506554e+00
-1.048699311622602659e+00
-1.034538966434380480e+00
-1.020385572800961871e+00
-1.006224398198034109e+00
-9.920570135074375795e-01
-1.157924153179243021e+00
-1.135694883256670229e+00
-1.114802289873579655e+00
-1.094835004851607341e+00
-1.075521513550611097e+00
-1.056701254948996471e+00
-1.038282711112160639e+00
-1.020216910400881805e+00
-1.002480715302538794e+00
-9.850663202616126712e-01
-1.151471460653427759e+00
-1.126700630829831518e+00
-1.103542952081761674e+00
-1.081579640474970683e+00
-1.060556036986394224e+00
-1.040282145082706000e+00
-1.020625549816607913e+00
-1.001564570074749971e+00
-9.830638310022595805e-01
-9.651042635862229213e-01
-1.132584979373717715e+00
-1.107504751918209962e+00
-1.084263113769896592e+00
-1.062420923528634376e+00
-1.041678564168855514e+00
-1.021870368957335851e+00
-1.002862386205819023e+00
-9.845536824262746123e-01
-9.669375027738996708e-01
-9.499837539562787647e-01
-1.118026601765846451e+00
-1.093785170804558060e+00
-1.071569219821751462e+00
-1.050887906254347248e+00
-1.031383899086845579e+00
-1.012890281652370827e+00
-9.952802424685381899e-01
-9.784737545794683911e-01
-9.624071414702395355e-01
-9.470083668969460078e-01
-1.114214340781680024e+00
-1.091045287619054394e+00
-1.070016958319269129e+00
-1.050612409019371585e+00
-1.032418711358052299e+00
-1.015300364186992876e+00
-9.990540520923358869e-01
-9.835889019553394341e-01
-9.688771558166100473e-01
-9.548840435858031439e-01
-1.119066872341313745e+00
-1.096463339881247112e+00
-1.076112783055226618e+00
-1.057453912848435706e+00
-1.040066879578407377e+00
-1.023692631020330701e+00
-1.008206930644925059e+00
-9.935038891253820115e-01
-9.795121446945213028e-01
-9.662041498608443524e-01
-9.468885625861541699e-01
-9.326045611529859558e-01
-9.194035373471584061e-01
-9.070851904643805197e-01
-8.955702126874889313e-01
-8.847318579245979642e-01
-8.744403084723223474e-01
-8.649179612952219154e-01
-8.558810879280184247e-01
-8.473222266858740914e-01
-6.532198575507187632e-01
-6.510943907687203325e-01
-6.489954313452839241e-01
-6.470150748547511821e-01
-6.454596398707896920e-01
-6.442298566396612580e-01
-6.440931572850618902e-01
-6.428431387858886126e-01
-6.419368456537520862e-01
-6.426387660983281513e-01
-4.594609966794918066e-01
-4.663860745074300818e-01
-4.729010509639193227e-01
-4.792509867154102210e-01
-4.855995445771799091e-01
-4.920364319199226344e-01
-4.986061084410973177e-01
-5.053258745009465702e-01
-5.121972127632529181e-01
-5.192128462756808727e-01
-3.407435092486887918e-01
-3.513918603228568527e-01
-3.623700248773153998e-01
-3.735834760998414383e-01
-3.849799501941668645e-01
-3.965132773996137283e-01
-4.081432232528332538e-01
-4.198351176101290383e-01
-4.315593946425437810e-01
-4.432911077256512788e-01
-2.740879865189298492e-01
-2.888041377044765490e-01
-3.038789588843108236e-01
-3.191524835609684807e-01
-3.345310200858355731e-01
-3.499439894144070751e-01
-3.653376781397421613e-01
-3.806709651396446015e-01
-3.959123578838796842e-01
-4.110378991180743125e-01
-2.529278007804470763e-01
-2.709132683047933976e-01
-2.892193876446735867e-01
-3.076579008597042364e-01
-3.261176281307776592e-01
-3.445193834972761215e-01
-3.628064581310609382e-01
-3.809382535212134657e-01
-3.988391088973884946e-01
-4.166248403162322589e-01
-2.727575618371905763e-01
-2.940349544742508758e-01
-3.152832411576896865e-01
-3.366746013930332904e-01
-3.579450600892971623e-01
-3.790559576765011318e-01
-3.999595763109036195e-01
-4.206242356534631854e-01
-4.410288508807648222e-01
-4.611602169755159020e-01
-3.748059216793758752e-01
-4.075425792804516778e-01
-4.381543414644615275e-01
-4.671673622742681387e-01
-4.950671165193711865e-01
-5.220217655302754611e-01
-5.482245139217225560e-01
-5.737829557244926715e-01
-5.987705715587583466e-01
-6.232381947124281396e-01
-5.517776961227963683e-01
-5.888337433116325181e-01
-6.235767184639016136e-01
-6.566155928948234077e-01
-6.883454075754265045e-01
-7.190945474968359896e-01
-7.488942242785585623e-01
-7.779675760946587193e-01
-8.063592719095825645e-01
-8.341178124201569233e-01
-7.765101809072371131e-01
-8.169592778551396650e-01
-8.549890062375410382e-01
-9.217020132532323107e-01
-9.557428698838768000e-01
-9.896332329072475842e-01
-1.023225486357716152e+00
-1.057126146337510342e+00
-1.090809892042749363e+00
-1.234285536581814835e+00
-1.251138100832538180e+00
-1.269677062944324142e+00
-1.288978990015458459e+00
-1.308547664346145556e+00
-1.327761691699293367e+00
-1.346588838124801679e+00
-1.364799427223748918e+00
-1.382283104000538998e+00
-1.398968360902496766e+00
-1.531597722031068809e+00
-1.536870589183501279e+00
-1.541888585050090299e+00
-1.546455469212616229e+00
-1.550441657702268605e+00
-1.553766849032922170e+00
-1.556381935759014290e+00
-1.558257533123518002e+00
-1.559376724162505390e+00
-1.559730490939351011e+00
-1.682286022615323118e+00
-1.671821424649948540e+00
-1.661210029457771853e+00
-1.650266327916062092e+00
-1.638926849263626639e+00
-1.627181139893474793e+00
-1.614783015070333061e+00
-1.601935116063089026e+00
-1.588573995630151003e+00
-1.574704886156405026e+00
-1.691035351404842402e+00
-1.667343595901336073e+00
-1.643807943706157459e+00
-1.620286966046367905e+00
-1.596696305033886043e+00
-1.572996977518698269e+00
-1.549178574359715288e+00
-1.525248565514051968e+00
-1.501225486464089709e+00
-1.477134590742970488e+00
-1.591291663448399341e+00
-1.558573401994824525e+00
-1.526531514358308694e+00
-1.495044216460936326e+00
-1.463979340299453868e+00
-1.433264915863061262e+00
-1.403087160812620748e+00
-1.373256574232607718e+00
-1.343851407515864516e+00
-1.314899973294761715e+00
-1.430745276942587463e+00
-1.394178972284266127e+00
-1.358897545840223042e+00
-1.324715794771167410e+00
-1.291515794820568441e+00
-1.259233540307297172e+00
-1.227837920427077290e+00
-1.197317382400439278e+00
-1.167671498892927096e+00
-1.138905661864580532e+00
-1.258843460255504532e+00
-1.222898773566449826e+00
-1.188686485399920834e+00
-1.156158535040475499e+00
-1.124941056662269734e+00
-1.094984509646609316e+00
-1.066227002350899955e+00
-1.038627871069190967e+00
-1.012159685134629949e+00
-9.867572802975567159e-01
-1.110919904087446675e+00
-1.078057534984068866e+00
-1.047376144466400483e+00
-1.018528697027921703e+00
-9.912739942472887922e-01
-9.654529390185352389e-01
-9.409587966836753248e-01
-9.177177716204636404e-01
-8.956518058041670338e-01
-8.747890894056226108e-01
-1.000931768135274291e+00
-9.716301468954535725e-01
-9.447006809805291727e-01
-9.197124402810701316e-01
-8.965053394458233349e-01
-8.747698954023308548e-01
-8.542060028627714852e-01
-8.349981038295704039e-01
-8.169026062194663096e-01
-7.998995067755365618e-01
-7.779808094370959104e-01
-7.609288624038464954e-01
-7.452380642515472609e-01
-7.309030434989922664e-01
-7.177219607856193395e-01
-7.054630632379578214e-01
-6.942204235106015364e-01
-6.838949326704419907e-01
-6.744390707183393063e-01
-6.658113839563768455e-01
-5.005216552428597421e-01
-4.998576431914235618e-01
-4.995577260527085395e-01
-4.997025563532774273e-01
-5.003418751920033491e-01
-5.014914712928340013e-01
-5.031470078161708326e-01
-5.052926995721802594e-01
-5.079067228005129664e-01
-5.110290246374813439e-01
-3.544078804115315950e-01
-3.635250708222317328e-01
-3.729643964188851246e-01
-3.828739599843835606e-01
-3.930441912460562737e-01
-4.034882754873679866e-01
-4.141764422084881492e-01
-4.250783262931349116e-01
-4.361660882188629351e-01
-4.474148695020819799e-01
-2.994684079509291053e-01
-3.153926236678996631e-01
-3.317489654667595822e-01
-3.483868663440902180e-01
-3.652132157025210768e-01
-3.821586368762968089e-01
-3.991709336182108769e-01
-4.162106664425500036e-01
-4.332481256778945022e-01
-4.502612268440074894e-01
-3.125170969150085076e-01
-3.335089549998362379e-01
-3.549683294185765892e-01
-3.766784675324673648e-01
-3.985065623188710493e-01
-4.203616455995149437e-01
-4.421814554837221189e-01
-4.639238029590915247e-01
-4.855608512072520089e-01
-5.070752887371433593e-01
-3.826091191265000857e-01
-4.081816771597200910e-01
-4.342050551154318372e-01
-4.604410680670827372e-01
-4.866710277899695125e-01
-5.130112189241968768e-01
-5.392048661405419718e-01
-5.653409999857936796e-01
-5.914823694920510189e-01
-6.169914879634621485e-01
-5.102576748679601426e-01
-5.409388800938388364e-01
-5.719489016175796081e-01
-6.030774474808309193e-01
-6.341977093383297515e-01
-6.652277941119504323e-01
-6.961159318713441291e-01
-7.268308106149869996e-01
-7.573552207410850778e-01
-7.876818396782044873e-01
-7.391419750252765652e-01
-7.831622624498386642e-01
-8.253309058883150362e-01
-8.661683983126072794e-01
-9.060158538123498362e-01
-9.450947524573954928e-01
-9.835503465874120277e-01
-1.021397938913208847e+00
-1.058940045248878192e+00
-1.096078593009682578e+00
-1.065678466551473580e+00
-1.116422942590309608e+00
-1.165202617182587108e+00
-1.212527146762164332e+00
-1.258726270367688027e+00
-1.304010636644152399e+00
-1.348599851987942078e+00
-1.392324229082768428e+00
-1.435418001391567611e+00
-1.478044251637402162e+00
-1.464267782226590597e+00
-1.520515971318574078e+00
-1.574377825559115651e+00
-1.626795191206289903e+00
-1.603431540034242264e+00
-1.647031412927467020e+00
-1.689689872734458698e+00
-1.810557403781940522e+00
-1.838336837033918147e+00
-1.865966965067850314e+00
-1.893317554114986700e+00
-1.919358911069874996e+00
-1.944890264723727391e+00
-1.969392201687509170e+00
-1.992774014738436072e+00
-2.014967233753501397e+00
-2.035916533358765879e+00
-2.142104629075177957e+00
-2.148073204779843870e+00
-2.153624053339739497e+00
-2.158632966518442942e+00
-2.162138753323229245e+00
-2.164932005310960861e+00
-2.166522679046394728e+00
-2.166849643422260829e+00
-2.165874541858917368e+00
-2.163573412315848987e+00
-2.257133213797164473e+00
-2.240512598756270179e+00
-2.223481479981445741e+00
-2.205773183489002420e+00
-2.187224446986932858e+00
-2.167904571670232095e+00
-2.147162467823315879e+00
-2.125770051719462650e+00
-2.103397130356496447e+00
-2.080064942176563569e+00
-2.165298210700844717e+00
-2.129312366665374601e+00
-2.093433432201885491e+00
-2.057454918838167224e+00
-2.021265039518000961e+00
-1.984820677000374456e+00
-1.948122197354948959e+00
-1.911197291725173386e+00
-1.874090569453229271e+00
-1.836856818565734351e+00
-1.920902291155476060e+00
-1.873336367286652537e+00
-1.826793099169351731e+00
-1.781070118462169116e+00
-1.736055075931310032e+00
-1.691701958307949116e+00
-1.649300627328431412e+00
-1.607971106665825989e+00
-1.566651994440272366e+00
-1.529281106389134059e+00
-1.613328174668655857e+00
-1.557003386077060902e+00
-1.505194729653081431e+00
-1.456604775474541924e+00
-1.410526575968135798e+00
-1.366479096737691856e+00
-1.324169501859681741e+00
-1.283422353755810708e+00
-1.244134745783825435e+00
-1.206247886030995975e+00
-1.306317038936742225e+00
-1.261030211219719810e+00
-1.218196856364421432e+00
-1.177527984376871562e+00
-1.138789620662554736e+00
-1.101832191344216616e+00
-1.066556200587839065e+00
-1.032845937274542880e+00
-1.000820108741712566e+00
-9.702563494306309932e-01
-1.078789532050801192e+00
-1.040134451238101887e+00
-1.004398908287793990e+00
-9.710587119753202323e-01
-9.398979778209866076e-01
-9.105616836016469096e-01
-8.829109223764401992e-01
-8.569585687166925148e-01
-8.325603621773632890e-01
-8.094830742010106217e-01
-9.232357379924746033e-01
-8.908927584888866047e-01
-8.616782956341209054e-01
-8.350151446738338645e-01
-8.102768303874492428e-01
-7.874949800490532725e-01
-7.662850351672405580e-01
-7.465495494505032248e-01
-7.281895588896680760e-01
-7.111259117618708991e-01
-6.831607438748302785e-01
-6.655985150283296736e-01
-6.498312045276276594e-01
-6.356420074594006930e-01
-6.229642359911562455e-01
-6.114637717260873462e-01
-6.010756400823307199e-01
-5.917171274750525622e-01
-5.833198394238192641e-01
-5.758267898091717907e-01
-4.092264554802946819e-01
-4.093888555552021025e-01
-4.102540599411037547e-01
-4.117583704973937220e-01
-4.138643351643749302e-01
-4.165337034384982706e-01
-4.197289654436393569e-01
-4.234142966583389622e-01
-4.275559965335808954e-01
-4.321224145329434219e-01
-2.741072421798135261e-01
-2.841568724669437662e-01
-2.949353865394361840e-01
-3.060594783727295098e-01
-3.176016507960987001e-01
-3.294247457989427641e-01
-3.414656121724820581e-01
-3.536754703103390796e-01
-3.660160678004648060e-01
-3.784568694262148147e-01
-2.286258678914910858e-01
-2.450548619993955235e-01
-2.620625272425352037e-01
-2.795783680031092011e-01
-2.972352608879661462e-01
-3.149725496029569527e-01
-3.327147350791981317e-01
-3.504076219507468171e-01
-3.680134132409261793e-01
-3.855768243551880303e-01
-2.452278666065961232e-01
-2.659889596978396442e-01
-2.873720068370668734e-01
-3.090445156379358904e-01
-3.308074255999887692e-01
-3.524613616947641637e-01
-3.741234354118689875e-01
-3.955451871102781958e-01
-4.167484828299689026e-01
-4.377124255679203380e-01
-3.098609915416276062e-01
-3.342317450851008953e-01
-3.591101342109283001e-01
-3.841710525377993735e-01
-4.092198545513703323e-01
-4.341317627294057346e-01
-4.588277128855702824e-01
-4.832587711454749968e-01
-5.073960551405496400e-01
-5.312241919528550849e-01
-4.200463191598418078e-01
-4.483174508357594679e-01
-4.768353669940350592e-01
-5.053451285638307366e-01
-5.336967486425577833e-01
-5.617958229295182404e-01
-5.895841893395309397e-01
-6.170274559002306702e-01
-6.441069365501116417e-01
-6.707410653363383712e-01
-6.204760567846376862e-01
-6.611829619544292713e-01
-6.994652050639569296e-01
-7.361206157972181030e-01
-7.714873910293157389e-01
-8.058215939293920105e-01
-8.392936058775238850e-01
-8.720175424272229581e-01
-9.040713246607191556e-01
-9.355095212004607141e-01
-8.993591541555722157e-01
-9.447123075485068799e-01
-9.874741278822178892e-01
-1.028488965578992609e+00
-1.068091519420135693e+00
-1.106532738160362239e+00
-1.143925213450460276e+00
-1.180584089913692569e+00
-1.216279808260300577e+00
-1.251254393402591480e+00
-1.227778554823759638e+00
-1.276463542570265286e+00
-1.108284331272960888e+00
-1.149284577611716429e+00
-1.188632052314384735e+00
-1.226346313599245619e+00
-1.262451015917576136e+00
-1.395273663871508640e+00
-1.416000697054431878e+00
-1.436466502718746208e+00
-1.456299639122766720e+00
-1.475262909428183278e+00
-1.493208587137933474e+00
-1.510086402757922164e+00
-1.525710731460935499e+00
-1.540423062769931128e+00
-1.553436401680926116e+00
-1.671817577506206742e+00
-1.671079055631979893e+00
-1.670480127687755889e+00
-1.669154684168839609e+00
-1.667581064693287818e+00
-1.665293961134320710e+00
-1.662210409097916397e+00
-1.658286854046373548e+00
-1.653510926433090056e+00
-1.647833930373067801e+00
-1.758067101811601862e+00
-1.739421467536124810e+00
-1.721464453571579956e+00
-1.703529252698106511e+00
-1.685411407387472416e+00
-1.666992301587428171e+00
-1.648213589937723267e+00
-1.629052348445511500e+00
-1.609507862012985457e+00
-1.589593643822590829e+00
-1.696927697146699110e+00
-1.665704456209325723e+00
-1.635631874696674926e+00
-1.606112355033228356e+00
-1.576962232202399061e+00
-1.548081424947274964e+00
-1.519422444611716827e+00
-1.490970529793352206e+00
-1.462730992888305881e+00
-1.434721154722901293e+00
-1.544196658396972399e+00
-1.506561103055249928e+00
-1.470744694646627382e+00
-1.435838380114780932e+00
-1.401914585571496730e+00
-1.368853330949767244e+00
-1.336589024904630163e+00
-1.305089972384499308e+00
-1.274344857976480228e+00
-1.244354182074016268e+00
-1.359715566177949420e+00
-1.321224133214700114e+00
-1.284768786332946222e+00
-1.249974024011959450e+00
-1.216500577933015359e+00
-1.184638521603917471e+00
-1.153692168253826367e+00
-1.123892958242581397e+00
-1.095201326438713263e+00
-1.067590016821905463e+00
-1.189931459539974812e+00
-1.154057916162504860e+00
-1.120556714151417665e+00
-1.089242783756120048e+00
-1.059470443614091817e+00
-1.031173693485416321e+00
-1.004267168135172028e+00
-9.786601609668884594e-01
-9.542891610330704877e-01
-9.311071929970679006e-01
-1.059111119889512231e+00
-1.027240266435852867e+00
-9.980052621393747936e-01
-9.709030684887159923e-01
-9.456507194808168038e-01
-9.219121598413562158e-01
-8.994007227631064527e-01
-8.785460853422218941e-01
-8.586835793538167838e-01
-8.400928520389001619e-01
-9.707335518817298281e-01
-9.423161314589763027e-01
-9.169053946747385275e-01
-8.936046885356575542e-01
-8.720193710201491477e-01
-8.522163238688860165e-01
-8.336056990794002974e-01
-8.162745053098938719e-01
-7.999966855833303692e-01
-7.847918361304070389e-01
-7.615609750474428008e-01
-7.458849670336783477e-01
-7.317626169146844717e-01
-7.189453236101800426e-01
-7.072675066079883166e-01
-6.965394166356745353e-01
-6.869651043769978704e-01
-6.780304677107957811e-01
-6.699093281800533317e-01
-6.625528698723788246e-01
-4.900315313979858312e-01
-4.908573659576483950e-01
-4.939874213803214786e-01
-4.955872727089783991e-01
-4.960472204673437302e-01
-4.991233081304864427e-01
-4.965763973933964293e-01
-5.042926531331499707e-01
-5.130702271596832009e-01
-5.202203415425399324e-01
-3.563155685639008974e-01
-3.672823452532645305e-01
-3.781836728531060565e-01
-3.890973366157772784e-01
-4.000778301751455324e-01
-4.111459770504390931e-01
-4.223031468833818858e-01
-4.335400880723778716e-01
-4.448423525072906504e-01
-4.561935714457086011e-01
-2.965764482822969006e-01
-3.119976006044883343e-01
-3.278963034019409806e-01
-3.440425360195545901e-01
-3.603007283236485669e-01
-3.765770428436546746e-01
-3.928059281788799373e-01
-4.089413136967954276e-01
-4.249508012326691508e-01
-4.408118002864304108e-01
-2.907829398619197203e-01
-3.101286129214763099e-01
-3.298924490611498950e-01
-3.498068230073798635e-01
-3.697147549477587392e-01
-3.895125765803293394e-01
-4.091320982079581503e-01
-4.285290185570403976e-01
-4.476753529985983970e-01
-4.665544558852778856e-01
-3.286305865734666654e-01
-3.511637423154256865e-01
-3.739986197038114302e-01
-3.968762981589170624e-01
-4.196463550521948305e-01
-4.422120292367395789e-01
-4.645120331987006024e-01
-4.865087564095212369e-01
-5.081805790791438238e-01
-5.295168348535088665e-01
-4.075547085298222294e-01
-4.335273380906699003e-01
-4.595480972412063769e-01
-4.854263648568239997e-01
-5.110550412782642882e-01
-5.363668244979266087e-01
-5.612607561279513435e-01
-5.858883416499113261e-01
-6.101312010735401303e-01
-6.338606382639111470e-01
-5.700898626331633023e-01
-6.074820506239201334e-01
-6.424870751343931818e-01
-6.757363776365247210e-01
-7.076478142042644803e-01
-7.384939656689007981e-01
-7.684545070928174848e-01
-7.976496430537299842e-01
-8.261614517647746236e-01
-8.540475100613544868e-01
-8.038081715152605167e-01
-8.451845813132994323e-01
-8.840633785733368333e-01
-9.210765481859850556e-01
-9.566389891611539742e-01
-9.909588941495115488e-01
-1.024453718093779830e+00
-1.056885577096998263e+00
-1.088561251142168063e+00
-1.119481840443602660e+00
-1.081268602480515817e+00
-1.125651307827117975e+00
-1.167426484139038934e+00
-9.481091846480856900e-01
-9.865075290643998684e-01
-1.023826856305650956e+00
-1.059914939855526317e+00
-1.094685117893293924e+00
-1.128085961211727106e+00
-1.263198183126293728e+00
-1.282837913042747857e+00
-1.301660823361658670e+00
-1.320106238271074206e+00
-1.337671404324275448e+00
-1.354248826456312171e+00
-1.369777028443049938e+00
-1.384222143346239831e+00
-1.397566967441782548e+00
-1.409804325722689988e+00
-1.530128666368455903e+00
-1.529492059426702744e+00
-1.528332047700474705e+00
-1.527113614113369211e+00
-1.525320939081427962e+00
-1.522846584097772293e+00
-1.519630862136400085e+00
-1.515643471215051719e+00
-1.510872496343330873e+00
-1.505317682038497029e+00
-1.617068263400534667e+00
-1.599703224816336755e+00
-1.582568499256221450e+00
-1.565405442442926454e+00
-1.548051369968749480e+00
-1.530415275095152516e+00
-1.512449848841892042e+00
-1.494129367136153741e+00
-1.475482338072657384e+00
-1.456641440033231039e+00
-1.564969203950972609e+00
-1.535676643286896681e+00
-1.507082540604808285e+00
-1.478949659076528089e+00
-1.451131667984759011e+00
-1.423550497748551802e+00
-1.396170915095620746e+00
-1.368984317981143839e+00
-1.341998403511980520e+00
-1.315230578090261115e+00
-1.425572241306793941e+00
-1.389819015965762627e+00
-1.355349036237054161e+00
-1.321810227850638952e+00
-1.289485641891571888e+00
-1.257665435806429199e+00
-1.226588973583678133e+00
-1.196230161090870769e+00
-1.166579609002461382e+00
-1.137638162449716717e+00
-1.253174336957213253e+00
-1.216134519794272784e+00
-1.180926540831986449e+00
-1.147255314914277902e+00
-1.114773599989088204e+00
-1.083812529339602149e+00
-1.053682047764281648e+00
-1.024628264576828096e+00
-9.966188323270229743e-01
-9.696315339133154687e-01
-1.091420599501309319e+00
-1.056794127633900349e+00
-1.024073471160145132e+00
-9.932147828049218141e-01
-9.639488935193286645e-01
-9.361583582546466609e-01
-9.095414153073747565e-01
-8.844414923759883473e-01
-8.602561952297784753e-01
-8.372438062467950637e-01
-9.643768613892350627e-01
-9.330239321716821133e-01
-9.041715546749827803e-01
-8.773524820221207943e-01
-8.522429039979413368e-01
-8.286290871729885543e-01
-8.063669723125490574e-01
-7.852715095126152622e-01
-7.655589164913763067e-01
-7.468655545419062847e-01
-8.765763903169643267e-01
-8.486982201670223436e-01
-8.233750061764780748e-01
-8.002338251210617814e-01
-7.787471103008498652e-01
-7.587830695729911312e-01
-7.401861754890790568e-01
-7.226279089533886868e-01
-7.064618084333662562e-01
-6.911591998211543686e-01
-6.696295838176234971e-01
-6.542638479839766319e-01
-6.403583969806246889e-01
-6.276953189714973291e-01
-6.161422291105599358e-01
-6.054993808089157437e-01
-5.959936416327180631e-01
-5.871185734848405335e-01
-5.790583807572790009e-01
-5.717683267897493149e-01
-4.029613546209538377e-01
-4.041892286059525219e-01
-4.056425396573846154e-01
-4.073213208431211152e-01
-4.095870856452685782e-01
-4.120187491451077211e-01
-4.148491667129892146e-01
-4.180703558853332558e-01
-4.216678442132162363e-01
-4.256242756254372539e-01
-2.648650368384287690e-01
-2.754101660251301320e-01
-2.861651904967940085e-01
-2.970913325400519334e-01
-3.081750679123292924e-01
-3.193992470091983060e-01
-3.307454647677949833e-01
-3.421828198935108478e-01
-3.536914748374234696e-01
-3.653168353345738195e-01
-2.119789114171770628e-01
-2.287439778350138786e-01
-2.457333102395159452e-01
-2.628144959703198058e-01
-2.799163030010980435e-01
-2.969876786863482332e-01
-3.139915720333922300e-01
-3.309008715756881491e-01
-3.476957063653499658e-01
-3.643616328292904605e-01
-2.193188146558704421e-01
-2.403300679416137120e-01
-2.615636574139236226e-01
-2.828283696442087658e-01
-3.040171188520968126e-01
-3.250589280322453423e-01
-3.459069606104601124e-01
-3.665307504781506465e-01
-3.869111309426308543e-01
-4.070369050044081449e-01
-2.726440636503676407e-01
-2.970353806990130296e-01
-3.215786445633135315e-01
-3.460715756525549747e-01
-3.704009947183924401e-01
-3.944946365888234441e-01
-4.183072848685477907e-01
-4.418118021363061088e-01
-4.649933022554640916e-01
-4.878453449538828757e-01
-3.678124126720123677e-01
-3.956712671934862202e-01
-4.234741489130953163e-01
-4.511764606259451860e-01
-4.782987829248037670e-01
-5.053307474470871696e-01
-5.319794870352001492e-01
-5.582344531184244563e-01
-5.841244719412873598e-01
-6.096510691825919315e-01
-5.091673489211216985e-01
-5.413308045234307420e-01
-5.730116382714935952e-01
-6.041678802600363163e-01
-6.348093365171325608e-01
-6.651195574555158752e-01
-6.945608836780198247e-01
-7.237697557550644145e-01
-7.524723714085163051e-01
-7.806809442867299609e-01
-7.393028917621994323e-01
-7.833690703549638368e-01
-8.244221470180672640e-01
-8.632865964250844293e-01
-9.004996482938991686e-01
-9.363928883937160386e-01
-9.713156425425102380e-01
-1.005021309168088184e+00
-1.038137382506598039e+00
-1.070470106278758493e+00
-1.041503501835188583e+00
-1.089450006648879254e+00
-1.134254439331358721e+00
-7.245281205974519745e-01
-7.651447324340081568e-01
-8.061033898731100322e-01
-8.466773441823215451e-01
-8.864176046316968316e-01
-9.250501183786470349e-01
-9.624812308989694198e-01
-9.983329155582381098e-01
-1.126546409272055183e+00
-1.148414073788384115e+00
-1.169769737023035105e+00
-1.190338425475537143e+00
-1.209945548665754878e+00
-1.228502164885092229e+00
-1.245865851709105243e+00
-1.262120176644046854e+00
-1.277353240286217329e+00
-1.290975403391259491e+00
-1.404946138071863082e+00
-1.405852384473475158e+00
-1.406473232206892465e+00
-1.406662073632565679e+00
-1.405817438848989909e+00
-1.404479406500315664e+00
-1.402317896685733478e+00
-1.399306053260922056e+00
-1.395441796002146795e+00
-1.390732010005984565e+00
-1.496619966222453524e+00
-1.480192504022259659e+00
-1.464027833970540815e+00
-1.447670743482651901e+00
-1.431008389431229544e+00
-1.413983024204412020e+00
-1.396571385786843145e+00
-1.378772055860250534e+00
-1.360597400934790091e+00
-1.342068427500815675e+00
-1.445337933717652179e+00
-1.416981885200645941e+00
-1.389120595653403401e+00
-1.361591863956433279e+00
-1.334297846247834318e+00
-1.307191783558823150e+00
-1.280258697560912928e+00
-1.253503096930446592e+00
-1.226941145068472405e+00
-1.200595669934650722e+00
-1.306501284998059287e+00
-1.271855812090764593e+00
-1.238277155070694135e+00
-1.205594786673087615e+00
-1.173699475672125292e+00
-1.142532780799140113e+00
-1.112067400527318783e+00
-1.082299759053138244e+00
-1.053239493922377923e+00
-1.024767732225113637e+00
-1.137054601374232199e+00
-1.101291432640811196e+00
-1.067124345963690546e+00
-1.034331150116414744e+00
-1.002761629880469352e+00
-9.723392014085181501e-01
-9.428757194707161338e-01
-9.147206170001436210e-01
-8.873519427751550559e-01
-8.609999081090553563e-01
-9.803672159135141673e-01
-9.470778013067491230e-01
-9.155070980144268677e-01
-8.856767760874264539e-01
-8.572727940173507921e-01
-8.302201797245134518e-01
-8.044248009581405068e-01
-7.798217913802975021e-01
-7.563642030750435952e-01
-7.340022715691811861e-01
-8.597941158593174205e-01
-8.298044076032585759e-01
-8.019652986788973204e-01
-7.760673465678622485e-01
-7.517246604609775229e-01
-7.289728934905493896e-01
-7.072973865193112886e-01
-6.869160934608776747e-01
-6.676559611022480079e-01
-6.493741952114790994e-01
-7.787728148836668973e-01
-7.520408782309451201e-01
-7.277210332052630459e-01
-7.053270544132592690e-01
-6.846920784685118777e-01
-6.653132906403955715e-01
-6.472039055676211960e-01
-6.302578407346507428e-01
-6.143960458738443320e-01
-5.995680663503472063e-01
-5.823802474755579439e-01
-5.681997823722487739e-01
-5.550454818795592660e-01
-5.429936947127914637e-01
-5.319432609662468892e-01
-5.218169120275442108e-01
-5.125544630324403439e-01
-5.041072256497187709e-01
-4.964343769119450300e-01
-4.895086500200718227e-01
-3.272479376377198657e-01
-3.295325630007324147e-01
-3.315714498894488660e-01
-3.337658243931739266e-01
-3.362223119520897363e-01
-3.389961857616107244e-01
-3.421118418967132868e-01
-3.455750352473446751e-01
-3.493805600438569803e-01
-3.535170519115304888e-01
-1.979639545247818821e-01
-2.093104178516600467e-01
-2.205922097514528835e-01
-2.318664313072882344e-01
-2.431809821327920451e-01
-2.545544581748249158e-01
-2.659105896513505041e-01
-2.775810112724238499e-01
-2.890819202140574307e-01
-3.006338763757679944e-01
-1.510177796976690523e-01
-1.684650775439668902e-01
-1.858244180919870203e-01
-2.030696712247286317e-01
-2.201957293238189228e-01
-2.371929235403127390e-01
-2.540500462495952627e-01
-2.707561105197348050e-01
-2.873013258363010802e-01
-3.037637542655492462e-01
-1.607744299375227781e-01
-1.823676118783117417e-01
-2.037991497170110744e-01
-2.250057321843105251e-01
-2.459651557700680558e-01
-2.666543083698559302e-01
-2.870569082639938818e-01
-3.071620630450579981e-01
-3.269630315828437883e-01
-3.465434824874340514e-01
-2.128350583126293882e-01
-2.374359650064518101e-01
-2.617813564014325189e-01
-2.858201661370145530e-01
-3.095141980364933820e-01
-3.328385938600154637e-01
-3.557779671774541908e-01
-3.783238725739780373e-01
-4.004730949303024756e-01
-4.222264585989446983e-01
-3.010042084196783430e-01
-3.287798957087184615e-01
-3.560131102976907824e-01
-3.827069472990187737e-01
-4.088701066656972305e-01
-4.345142486448986263e-01
-4.598136252613166386e-01
-4.842398722854341919e-01
-5.084720577563986987e-01
-5.322133965771035369e-01
-4.284667162292001841e-01
-4.599843876380252938e-01
-4.904527344649488585e-01
-5.200268336367167565e-01
-5.488195343300439344e-01
-5.769046550731290468e-01
-6.043316239127570766e-01
-6.311347178264484770e-01
-6.573388713353275348e-01
-6.829633086791695451e-01
-6.330636152733672972e-01
-6.750301129357452190e-01
-7.135059281125832875e-01
-7.496002243873323145e-01
-7.834445905523321763e-01
-8.161117300600775337e-01
-8.475508365621861051e-01
-8.779398791138834923e-01
-9.073972972243566915e-01
-9.360024666582398289e-01
-8.953982009009333609e-01
-9.401674179450023594e-01
-9.812622648458576569e-01
-1.073784480495640237e+00
-1.107912063639436617e+00
-1.140996837170946687e+00
-1.173031451629100941e+00
-1.203999113350189498e+00
-1.296505989355704491e+00
-1.314358636724922702e+00
-1.332569486813170112e+00
-1.350570720350008580e+00
-1.368163247438020313e+00
-1.384632402412711460e+00
-1.400613308082928610e+00
-1.415719067231571593e+00
-1.430084148296689062e+00
-1.443011931191407804e+00
-1.526124080261088700e+00
-1.527784450668657090e+00
-1.529455570295068734e+00
-1.530834609393946888e+00
-1.531728500654573999e+00
-1.532018629558181688e+00
-1.531802227789673232e+00
-1.530393037200569628e+00
-1.528591865255698679e+00
-1.526038786772839106e+00
-1.602664409769469334e+00
-1.589872200324407014e+00
-1.577157025454268169e+00
-1.564299936223512155e+00
-1.551164817520921391e+00
-1.537674657915840459e+00
-1.523790176296389465e+00
-1.509496221539990302e+00
-1.494793105629538044e+00
-1.479691070348774229e+00
-1.553125545336667912e+00
-1.529286185024359312e+00
-1.505805777003973001e+00
-1.482521512813024467e+00
-1.459334963353105197e+00
-1.436196222435993874e+00
-1.413085957826957895e+00
-1.389999568778377048e+00
-1.366949193398913298e+00
-1.343966537557088170e+00
-1.417907631308030547e+00
-1.387587760323079955e+00
-1.358052431076726352e+00
-1.329156558806333432e+00
-1.300810009709164605e+00
-1.272966181753283799e+00
-1.245609535296574588e+00
-1.218735995317024257e+00
-1.192339686327983150e+00
-1.166438574705698450e+00
-1.243983666382444397e+00
-1.211733566491300929e+00
-1.180712600022462144e+00
-1.150752278475082546e+00
-1.121740166844556796e+00
-1.093609601788096741e+00
-1.066322200743144766e+00
-1.039856738577575435e+00
-1.014202092247855180e+00
-9.893527824147158034e-01
-1.072076349417321550e+00
-1.041253236012535721e+00
-1.012021252623795053e+00
-9.841586428584339075e-01
-9.575113025686858848e-01
-9.319846759062186958e-01
-9.074072527252421416e-01
-8.841708521149403976e-01
-8.616195653482907613e-01
-8.400332517326594139e-01
-9.276741185347963103e-01
-8.999100771778492103e-01
-8.740040429449766890e-01
-8.496616757642708739e-01
-8.266763851612002334e-01
-8.049105558576067354e-01
-7.842734315924841937e-01
-7.646140059606425510e-01
-7.462617011858185823e-01
-7.286078714080475027e-01
-8.195515382280817995e-01
-7.950558463448185176e-01
-7.726052244974693783e-01
-7.518275934916267556e-01
-7.323981821438172446e-01
-7.144865918604439425e-01
-6.974172264391076403e-01
-6.813967307160161413e-01
-6.663603466477441284e-01
-6.522512222162595297e-01
-7.440861802487028775e-01
-7.221996971614169647e-01
-7.024962205908275026e-01
-6.845260299880454591e-01
-6.679802724097858579e-01
-6.526491863219966438e-01
-6.383857486057713526e-01
-6.252022540849384580e-01
-6.128013580245161851e-01
-6.012668284960900333e-01
-5.732024228708173519e-01
-5.617277929228964295e-01
-5.514873214813773572e-01
-5.422787839664375831e-01
-5.341086188874227814e-01
-5.265878845809245368e-01
-5.197546170370406227e-01
-5.137405051863072059e-01
-5.083322209932782387e-01
-5.035363072347314173e-01
-3.601992246961654986e-01
-3.627850596709613074e-01
-3.658214675281907802e-01
-3.690295725561365536e-01
-3.725444817308540824e-01
-3.763732730538977833e-01
-3.805102113152141197e-01
-3.849441483098682282e-01
-3.896733470800368693e-01
-3.947259794572791636e-01
-2.586252534667258240e-01
-2.695126388612817392e-01
-2.805509697121351120e-01
-2.920047788098166786e-01
-3.034225513878180402e-01
-3.149498295821846483e-01
-3.265612693471593442e-01
