-6.628787171794577882e-01
-2.758752215264515528e-01
-1.701137137707413038e-01
-9.907496254015071835e-02
-5.034938951988793265e-02
-1.603631756006511366e-02
1.927976397049169927e-02
3.472761278784719519e-02
4.665365997550002808e-02
5.619528757231488647e-02
6.408103095155906481e-02
7.078029227518056743e-02
7.659953078483983102e-02
8.173988950289631794e-02
8.633548666386975379e-02
9.047991653697168291e-02
1.111399796473100943e-01
1.126805685903155552e-01
1.141620395266497168e-01
1.155376265718402184e-01
1.167720435447700544e-01
1.178682681612617522e-01
1.188135305288278709e-01
1.196093472465574181e-01
1.202521795761529733e-01
1.207647979379241898e-01
1.389856288724063971e-01
1.375439585552579447e-01
1.361918775898276479e-01
1.348632513850196724e-01
1.335415859589647591e-01
1.321936999649252487e-01
1.308096391611628939e-01
1.293845131794920944e-01
1.279168978170720228e-01
1.264074511318975247e-01
1.436136068487516848e-01
1.404546164315159107e-01
1.374519835040891036e-01
1.345372880194775633e-01
1.316787108779665094e-01
1.288564698288880983e-01
1.260593984826489378e-01
1.232817082842974088e-01
1.205209191725672702e-01
1.177765570272392981e-01
1.345645019095944583e-01
1.303614710770276963e-01
1.263383906797748146e-01
1.224464279946351486e-01
1.186535706532512724e-01
1.149409260563926533e-01
1.112977927581613458e-01
1.077185407590043331e-01
1.042006400621497963e-01
1.007434181917850613e-01
1.173878989007223761e-01
1.125643107478443844e-01
1.079568556282374941e-01
1.035161197652685883e-01
9.922315494109693046e-02
9.503060666342283413e-02
9.094885170866623403e-02
8.696799127860649348e-02
8.308478409166858425e-02
7.929787394642894005e-02
9.587015394855807893e-02
9.073187041716401779e-02
8.584501712186792810e-02
8.115903387071891906e-02
7.663993510152826427e-02
7.227751411319409403e-02
6.803380789457524891e-02
6.392211743770391530e-02
5.993458639014288825e-02
5.606869722639296061e-02
7.244432174913546796e-02
6.717098723288891793e-02
6.218719291087974194e-02
5.741610414013148533e-02
5.283924359916829933e-02
4.843050075393883630e-02
4.417758461178573903e-02
4.007481802388311587e-02
3.609910640355169786e-02
3.226306454448080174e-02
4.812156124742436591e-02
4.276615535441983390e-02
3.770589997028903073e-02
3.290386961177779734e-02
2.830005767713496267e-02
2.387115783950852221e-02
1.961911229608812035e-02
1.550344241053785987e-02
1.155841786739415789e-02
7.743397811011382137e-03
2.258978110056887589e-02
1.709022541228925884e-02
1.192146230859975065e-02
7.018777790766608793e-03
2.324153084253988144e-03
-2.175605059394666863e-03
-6.500709724673148227e-03
-1.066241710513962659e-02
-1.466835763416970972e-02
-1.851952721857898915e-02
-2.321626303429768362e-02
-2.712931363920040306e-02
-3.083774874265590715e-02
-3.436659068958479446e-02
-3.772006639905522984e-02
-4.092235467078181310e-02
-4.398839702744340024e-02
-4.687366525487061952e-02
-4.964743123291984889e-02
-5.228651828532467072e-02
-7.300111699316005898e-02
-7.402658624824406952e-02
-7.498016144555515183e-02
-7.585721256318320171e-02
-7.662346778763108601e-02
-7.729933129674160242e-02
-7.775589450429885863e-02
-7.841800801212713001e-02
-7.888902097643557543e-02
-7.914620733351071524e-02
-9.623171645247696748e-02
-9.499151283747891972e-02
-9.376785338869174369e-02
-9.254096458362295885e-02
-9.129951234927463632e-02
-9.003941543228638489e-02
-8.876081561213125526e-02
-8.746619745914688271e-02
-8.615923301968485271e-02
-8.484408264405410294e-02
-9.935349919636241034e-02
-9.690459766348370751e-02
-9.445231695522421367e-02
-9.201060970610178136e-02
-8.958874048587300853e-02
-8.719465610512158737e-02
-8.483509394633392819e-02
-8.251570098110391771e-02
-8.024115213971058647e-02
-7.801526250177093225e-02
-9.001618863185723018e-02
-8.681036596412328166e-02
-8.364489252492982030e-02
-8.053670117814437646e-02
-7.749606595761276973e-02
-7.453045842862526804e-02
-7.164524700096133736e-02
-6.884419052710383236e-02
-6.612979358508969119e-02
-6.350356789857206086e-02
-7.333879322455452709e-02
-6.981000559553433849e-02
-6.635614769790802725e-02
-6.299316751394221092e-02
-5.972993473057156000e-02
-5.657203258182141870e-02
-5.352270647040047180e-02
-5.058351114661358006e-02
-4.775989107704139980e-02
-4.503570949955386371e-02
-5.286660971540840803e-02
-4.922946823626700441e-02
-4.572132885017429760e-02
-4.231132240392772303e-02
-3.902550353773912017e-02
-3.586288436572195037e-02
-3.282408204508509286e-02
-2.990830017785389705e-02
-2.711380569151045083e-02
-2.443819558496163058e-02
-2.701604305404971262e-02
-2.264245320281582652e-02
-1.856235210152185067e-02
-1.473340457865850162e-02
-1.111097121148217626e-02
-7.679503408042423485e-03
-4.418445816024602069e-03
-1.314803880841625139e-03
1.641637726053357671e-03
4.459231667030633117e-03
3.115560868381730963e-03
7.526823399506776813e-03
1.164024314854633646e-02
1.550665480735034102e-02
1.916062606024342141e-02
2.263426521383683776e-02
2.592832724561723590e-02
2.907145324485163607e-02
3.206907308622440611e-02
3.492983790397331811e-02
3.459179001452077074e-02
3.898010968185870728e-02
4.308723840869570221e-02
-5.007728326996055412e-02
-5.567672754022764958e-02
-6.117254255864343349e-02
-6.655822109398135122e-02
-7.189176927926660410e-02
-7.691295642172449321e-02
-8.434245445207524949e-02
-8.770664289943050362e-02
-9.106768921898183988e-02
-9.438322538893736957e-02
-9.763967464348902170e-02
-1.007928753106423492e-01
-1.038587136317478121e-01
-1.068204286434667749e-01
-1.096737187333044483e-01
-1.124156697076391653e-01
-1.174347416272598366e-01
-1.186378516170109310e-01
-1.197669549599455485e-01
-1.208131486479873673e-01
-1.217706409359553543e-01
-1.226357582112083122e-01
-1.234061591118566781e-01
-1.240803421341251656e-01
-1.246573400497592576e-01
-1.251365331799582647e-01
-1.281621974358205240e-01
-1.271768003025186000e-01
-1.261360640193912031e-01
-1.250306623067123091e-01
-1.238625460349494500e-01
-1.226342474742639632e-01
-1.213203608767783881e-01
-1.199484617836614753e-01
-1.185099563295246017e-01
-1.170067116535515594e-01
-1.184991530517124358e-01
-1.156584534272872833e-01
-1.128050176290919526e-01
-1.099350123799238410e-01
-1.070474232564981865e-01
-1.041432986767090729e-01
-1.012250057460652441e-01
-9.829574903462279245e-02
-9.535925695244648614e-02
-9.241957501729572422e-02
-9.299060436223774428e-02
-8.889060763964082290e-02
-8.484758002911585439e-02
-8.086089843603466720e-02
-7.692417390356373619e-02
-7.303625628011145565e-02
-6.922170330691629347e-02
-6.545965009729365347e-02
-6.176267180062311457e-02
-5.813438105598683903e-02
-5.844524870726874877e-02
-5.382503353819587111e-02
-4.933488077992331799e-02
-4.496877614562011516e-02
-4.072367853622579914e-02
-3.659866085469554164e-02
-3.259399294780354617e-02
-2.871056043785183420e-02
-2.494949846068267307e-02
-2.131196293978446232e-02
-2.180876910878509767e-02
-1.727983106708519401e-02
-1.292502242540380375e-02
-8.755889247136550146e-03
-4.743193597939232564e-03
-8.904391110129417086e-04
2.805622159413045935e-03
6.347357047096102711e-03
9.736691669955638284e-03
1.297970062817499493e-02
1.220851959509991480e-02
1.632624221993500546e-02
2.023455553324313150e-02
2.394891133977081199e-02
2.748106904416841578e-02
3.083932237360598183e-02
3.402985439083433539e-02
3.705759535998527643e-02
3.992918361117851755e-02
4.264127505524316353e-02
4.184053180114684356e-02
4.547342111585803148e-02
4.889523919096201710e-02
5.212285143771965001e-02
5.515678776484229939e-02
5.801868091530043570e-02
6.073069019321135353e-02
6.327127268337467969e-02
6.566419553738182813e-02
6.790998089390425096e-02
7.042487402523719964e-02
7.254693992370321587e-02
7.451771027297487970e-02
7.633242994244175683e-02
7.800780403731491508e-02
7.956254133265291961e-02
8.098656024433925626e-02
8.229050170522711483e-02
8.347955870344327123e-02
8.455866274179349440e-02
8.830057360059195837e-02
8.830812348643901633e-02
8.824427375560399411e-02
8.811127882103836351e-02
8.791241502897101379e-02
8.765176637574804974e-02
8.733377505833890553e-02
8.696296959245045088e-02
8.654380346732162832e-02
8.607570598689137653e-02
8.744534930479908041e-02
8.611717714784573874e-02
8.477747280733670399e-02
8.341664881966823208e-02
8.205467311047046075e-02
8.069099606084578769e-02
7.932953947117976634e-02
7.797381056713245662e-02
7.662689195210065085e-02
7.529146385736666669e-02
7.473366381230821254e-02
7.270012738027800681e-02
7.069807203992753419e-02
6.873282851165038454e-02
6.680825757177813462e-02
6.492724127558749392e-02
6.309188949038588290e-02
6.130368937589791845e-02
5.956361665251769244e-02
5.787222071860506634e-02
5.580749924278946561e-02
5.353180868013361626e-02
5.132239600479680808e-02
4.918224032973608773e-02
4.711294197755888646e-02
4.511513472262024260e-02
4.318874707187961293e-02
4.133318164933694194e-02
3.954744163256450340e-02
3.783022229149708704e-02
3.462300138715641851e-02
3.239404700498169087e-02
3.025351299950335138e-02
2.820112867467569617e-02
2.623973999926118572e-02
2.435594366316798376e-02
2.255989646290096351e-02
2.084132108652410331e-02
1.919579971858753620e-02
1.765058986354894888e-02
1.364643684318182781e-02
1.162704129261310504e-02
9.707863953844569904e-03
7.885656328019990946e-03
6.157217624393071520e-03
4.519246915346789017e-03
2.968397368747002774e-03
1.501313380902327688e-03
1.146573788230603741e-04
-1.194869983400653757e-03
-5.412498229875425948e-03
-7.112866905268036555e-03
-8.724065196088579000e-03
-1.024625662879685706e-02
-1.168054150160983962e-02
-1.302883355787615161e-02
-1.429357320499924366e-02
-1.547437779677149350e-02
-1.658401824279265302e-02
-1.761832066900823057e-02
-2.176591716450543279e-02
-2.307544270141620446e-02
-2.431072948535537015e-02
-2.546888095890595394e-02
-2.654905155201836564e-02
-2.755192597218039663e-02
-2.848218512623486992e-02
-2.933256649990424736e-02
-3.011376041063457132e-02
-3.083188062595713930e-02
-3.473234122945181857e-02
-3.563891843621601330e-02
-3.648343662571341961e-02
-3.727682891157179518e-02
2.489731843293620933e-03
3.674612394668678658e-03
4.834102918489995709e-03
1.335592859793433528e-02
1.395149548858881650e-02
1.459490879675340996e-02
1.526961347259456203e-02
1.592979943592927328e-02
1.660920434610505675e-02
1.728219701138117292e-02
1.794525525684136091e-02
1.859666369656582524e-02
1.923577871667565831e-02
2.776054419683897032e-02
2.792073905812692686e-02
2.813662350593972017e-02
2.839135379801904432e-02
2.864317662476862508e-02
2.892331717859510792e-02
2.920647051607279041e-02
2.948900266787909605e-02
2.976875423765195164e-02
3.004437060359303746e-02
3.889862493874968186e-02
3.874347712209317424e-02
3.863889609704812544e-02
3.856241515565557443e-02
3.849881354383303395e-02
3.844250496677742435e-02
3.836389815665274677e-02
3.829311304509616654e-02
3.820945929428232885e-02
3.810976263486972465e-02
4.732670860959873466e-02
4.676928660298283746e-02
4.624003268859713800e-02
4.571712963553448833e-02
4.518572133080352160e-02
4.463613717547636889e-02
4.406207558429882376e-02
4.345945298989666028e-02
4.282567517994820272e-02
4.215917627728606870e-02
5.150017200166780856e-02
5.030600894438452819e-02
4.912633872693300541e-02
4.794158033684508408e-02
4.673931583826977654e-02
4.551264163277743413e-02
4.438029006684571232e-02
4.321303883279029034e-02
4.194180054591359341e-02
4.071909575291486616e-02
4.949130743718379438e-02
4.712943022784874675e-02
4.499567890003138004e-02
4.299576588717653192e-02
4.107816500361931300e-02
3.920853134565174813e-02
3.736715922061020767e-02
3.554362262230975622e-02
3.373335371543692562e-02
3.193545206101192080e-02
4.108664858343635817e-02
3.867803871514981229e-02
3.635501136676276557e-02
3.410008234026021962e-02
3.190096590508986057e-02
2.975193518581330243e-02
2.765108374605869043e-02
2.559510345892174188e-02
2.359876243050984881e-02
2.165107475590442171e-02
3.070424862512912551e-02
2.807538136282854493e-02
2.560824677034938962e-02
2.326868386318827267e-02
2.104584425409003479e-02
1.891788750350087422e-02
1.687902878582950295e-02
1.493568444863207709e-02
1.308167908909193058e-02
1.130301852109856162e-02
2.036123317626871085e-02
1.781704766610383434e-02
1.549284205622504518e-02
1.334813828659417098e-02
1.133793987731098948e-02
9.468484701816628352e-03
7.713352208622205157e-03
6.068036987647132223e-03
4.527703371837972848e-03
3.088771534138732081e-03
7.927274602922860722e-04
-6.767170683121539673e-04
-1.998070797695148879e-03
-3.187632072288223289e-03
-4.249157407545755757e-03
-5.207838514792147502e-03
-6.068139592302236943e-03
-6.835947225096331535e-03
-7.516188866430316418e-03
-8.113049959020698573e-03
-2.140520873626325371e-02
-2.131215176175001863e-02
-2.115335212134166615e-02
-2.093495772199148452e-02
-2.066099688680130692e-02
-2.033556751420510095e-02
-1.996270778721511915e-02
-1.954631516435056948e-02
-1.909010703653778868e-02
-1.859762523668901518e-02
-3.121003270330235252e-02
-3.022173823182363467e-02
-2.918180437891364915e-02
-2.812107173525143361e-02
-2.703669372562480383e-02
-2.594016334511684008e-02
-2.483757543579662164e-02
-2.373376770462716501e-02
-2.263264293083641632e-02
-2.153740703895837272e-02
-3.373006410482827511e-02
-3.231054444302068618e-02
-3.086758857319409077e-02
-2.940936661107818040e-02
-2.796400483799080239e-02
-2.653748302985718677e-02
-2.513607118400539020e-02
-2.376423050460881037e-02
-2.242502835497589553e-02
-2.111547434853773553e-02
-3.302806311256979710e-02
-3.151742638647520023e-02
-2.998965286387027251e-02
-2.847163814412873029e-02
-2.697912048613883285e-02
-2.552675149020192102e-02
-2.410756833460829529e-02
-2.273753122838696739e-02
-2.141544611168885726e-02
-2.014229680091075836e-02
-3.172105451120128816e-02
-3.029173796229212012e-02
-2.885474666606210881e-02
-2.743592268380845578e-02
-2.605011525939120165e-02
-2.470635165187308468e-02
-2.340987315695346183e-02
-2.216345220017819362e-02
-2.096824672584376992e-02
-1.982435652197181430e-02
-3.083086603518470081e-02
-2.950504615382146256e-02
-2.818492710118368494e-02
-2.689031540912668883e-02
-2.563204286235241935e-02
-2.441628057433953281e-02
-2.324619264500700500e-02
-2.212300441497025427e-02
-2.104669407034252815e-02
-2.002069977394031752e-02
-2.678592895494030790e-02
-2.488860534848472139e-02
-2.320500887331104767e-02
-2.166985082780510663e-02
-2.024892077920888156e-02
-1.891769451897518106e-02
-1.765923328000605641e-02
-1.646162962974799526e-02
-1.531624902432270063e-02
-1.421660144510084045e-02
-2.045296547050352853e-02
-1.848420604580239268e-02
-1.671824717925510240e-02
-1.508715216629955003e-02
-1.355575332726061122e-02
-1.209915643150320796e-02
-1.070304454217262113e-02
-9.344824103257640124e-03
-8.031014201874644987e-03
-6.746131863419796426e-03
-1.228693512857340076e-02
-1.010160522649430903e-02
-5.851549318702189972e-02
-6.169718205002076850e-02
-6.479893351446899818e-02
-6.782164284440306279e-02
-7.076599899781019221e-02
-6.843316986461668583e-02
-7.047740255681506083e-02
-7.243344596585767070e-02
-7.430967114316544553e-02
-7.611161984640332778e-02
-7.784242596112835033e-02
-7.950594194161829387e-02
-8.110027641314412894e-02
-8.263534585843633484e-02
-8.409171799482186016e-02
-8.039588125756938486e-02
-8.098162660550507763e-02
-8.149658785011959505e-02
-8.193309307609235315e-02
-8.230892187248643743e-02
-8.262372030305464854e-02
-8.287950216450601371e-02
-8.307750695560925380e-02
-8.321821134052319324e-02
-8.330352261351225973e-02
-7.842737655215124837e-02
-7.766331143868043796e-02
-7.684237124600128144e-02
-7.596977546173797058e-02
-7.505080608168446243e-02
-7.408969796552816733e-02
-7.308960027441724350e-02
-7.205311086683913180e-02
-7.098256537420799539e-02
-6.988016649235884170e-02
-6.411981050216931932e-02
-6.223506929791947084e-02
-6.032617817503535540e-02
-5.840085443338959015e-02
-5.646554570459862143e-02
-5.452534915295964568e-02
-5.258453872482629632e-02
-5.064686342774003813e-02
-4.871572764241988152e-02
-4.679429821556348179e-02
-4.062772351872652454e-02
-3.801940232656178531e-02
-3.543602509796447975e-02
-3.288376879219795379e-02
-3.036840215699301848e-02
-2.789476605083686389e-02
-2.546682133049454899e-02
-2.308790116391756797e-02
-2.076087652655897453e-02
-1.848825752278721035e-02
-1.243568504139377917e-02
-9.567012708806832411e-03
-6.767807472180101258e-03
-4.040999583219434532e-03
-1.387028528093539603e-03
1.177746463840834146e-03
3.657589771609945362e-03
6.051865792220237350e-03
8.359440995542977149e-03
1.057949664574817095e-02
1.614662130538208062e-02
1.890940409269488420e-02
2.157483016896642736e-02
2.413420499636192984e-02
2.659061362079750968e-02
2.894013474287378263e-02
3.118361249029139026e-02
3.332130989052256576e-02
3.535389721873129221e-02
3.728236413158125817e-02
4.223144465050330393e-02
4.468843015534890162e-02
4.703506694929261711e-02
4.926475971547221444e-02
5.138379473162986433e-02
5.338846131859846522e-02
5.526958811207371980e-02
5.704969089928242643e-02
5.871349390963548354e-02
6.027909582705702485e-02
6.468323569218828450e-02
6.679899197549336864e-02
6.878990318786126767e-02
7.066615539750700781e-02
7.242821016206428542e-02
7.407064175593892907e-02
7.560130001777372322e-02
7.702659293004653074e-02
7.834265180245553184e-02
7.955483723588276102e-02
8.081015566029456365e-02
8.188775112842507087e-02
8.286816196471480378e-02
8.375432513214403629e-02
8.454833884390755561e-02
8.525981328143826532e-02
8.587839531981904251e-02
8.641923921712214851e-02
8.688207401083274106e-02
8.727017394827832342e-02
8.481138778864405481e-02
8.444157275201694124e-02
8.396141804139073406e-02
8.353227836733159717e-02
8.307110999340078239e-02
8.252051427405003581e-02
8.217057720966167156e-02
8.163383903333787384e-02
8.099604398789959914e-02
8.031736732110821009e-02
7.655613135007525993e-02
7.523428943004360769e-02
7.391161368621049221e-02
7.259213383463880565e-02
7.127955062273529097e-02
6.997694803648074613e-02
6.868690623996098754e-02
6.741158636655567027e-02
6.615279539603430292e-02
6.491203680694598854e-02
6.028296596256435547e-02
5.853554186498027834e-02
5.683676108506607871e-02
5.518600827321075430e-02
5.358319474555589546e-02
5.202817870273611367e-02
5.052072164959252321e-02
4.906046825496979125e-02
4.764694066713870413e-02
4.627954139437617798e-02
4.119671862731399958e-02
3.940259830700570953e-02
3.768411952117516062e-02
3.603760936978199492e-02
3.446042846347818767e-02
3.295022402121042249e-02
3.150480542150745078e-02
3.012206942684175770e-02
2.879995706614175977e-02
2.753643038894823536e-02
2.230083424986500917e-02
2.066459031042876260e-02
1.911524485787094441e-02
1.764699820421250509e-02
1.625546896123399032e-02
1.493683302484252740e-02
1.368763708619667729e-02
1.250468143989380554e-02
1.138494721433884471e-02
1.032555187550890374e-02
5.173950117437001173e-03
3.783177635427820151e-03
2.477378985981631976e-03
1.250189527189304872e-03
9.666888446292765114e-05
-9.875301004010766937e-04
-2.004798120982115295e-03
-2.963646454639826122e-03
-3.863990305566236683e-03
-4.705381128407903901e-03
-9.037162163274992110e-03
-1.011086149536971623e-02
-1.114645387130161480e-02
-1.213693147334762856e-02
-1.307867413734119244e-02
-1.397049815146697571e-02
-1.481274944157275064e-02
-1.560671787936478150e-02
-1.635425956063762953e-02
-1.705755372258474512e-02
-2.113357064711081368e-02
-2.204033971821972582e-02
-2.292620816081988866e-02
-2.378290884019738927e-02
-2.460603663791866014e-02
-2.539239197834498862e-02
-2.614842446773406326e-02
-2.686452511737209142e-02
-2.755018426119291985e-02
-2.820515926579508781e-02
-3.209578836709249539e-02
-3.295568478185753603e-02
-3.381559239556260893e-02
-2.124409214381821343e-02
-2.033416425295836438e-02
-1.946968085250513902e-02
-1.865701459921170757e-02
-1.789770725473399660e-02
-1.719059610819863304e-02
-7.707671357308196192e-03
-7.449446709108506481e-03
-7.179082815576789955e-03
-6.882829976325374743e-03
-6.586751052795422612e-03
-6.295957918871497583e-03
-6.012327738964207136e-03
-5.735865863536929177e-03
-5.465516658674590689e-03
-5.199656695989776645e-03
4.205898244840522437e-03
4.147826973567941833e-03
4.136095815889251348e-03
4.181820362359103815e-03
4.255551483958910919e-03
4.349070983137887092e-03
4.457395594233887204e-03
4.577451671430948776e-03
4.707284559012286929e-03
4.845577275681800522e-03
1.458575315462250221e-02
1.442455220043660502e-02
1.432089298685486345e-02
1.425341157835401107e-02
1.420730917621305933e-02
1.417277647294035159e-02
1.414291876062336029e-02
1.411287796221948054e-02
1.408067205682603240e-02
1.404672683174930381e-02
2.406537651605751560e-02
2.367608527643356997e-02
2.332109834600752662e-02
2.298002460369337474e-02
2.263897782128768132e-02
2.228908232233636766e-02
2.192470605287377000e-02
2.154233611124403008e-02
2.113986250275667889e-02
2.071612110848460725e-02
3.078721751680394553e-02
2.992372176946424267e-02
2.908524448902143067e-02
2.824950862408734387e-02
2.742480757670044678e-02
2.657199164023187066e-02
2.570397842761157348e-02
2.481917886117158273e-02
2.391747114876219965e-02
2.299972604770639251e-02
3.293419742608136302e-02
3.150649495231861580e-02
3.012503311525815963e-02
2.877101346851612673e-02
2.742506807672071348e-02
2.610677753896607084e-02
2.477689838049487031e-02
2.345368237825996502e-02
2.213803240675523559e-02
2.083163146290266735e-02
3.063141571098039126e-02
2.877852641894479077e-02
2.699228237947823641e-02
2.527232490950157701e-02
2.360377851135582114e-02
2.198208712220352939e-02
2.039038600398294238e-02
1.885619990291457007e-02
1.734105676214274874e-02
1.586712590106052062e-02
2.563484454892944742e-02
2.353577134225144987e-02
2.157218574695637936e-02
1.971433815500153730e-02
1.794265827425838705e-02
1.624539614315792524e-02
1.461568409859043821e-02
1.304307833963398028e-02
1.154782501503710118e-02
1.010401612291372472e-02
1.987286359599043511e-02
1.772490793480499885e-02
1.574155063335547916e-02
1.390278529069467750e-02
1.216832871518553488e-02
1.053158599618825644e-02
8.986994499649840484e-03
7.507036155746889261e-03
6.126780714647877407e-03
4.803282059895386258e-03
3.000761755134397080e-03
1.663185635956229702e-03
4.343114375312193132e-04
-7.011195552154986244e-04
-1.753133923271581185e-03
-2.735107374783371514e-03
-3.624180846957140989e-03
-4.465999184215967144e-03
-5.242784385527672619e-03
-5.957528891028907037e-03
-1.917699395375618149e-02
-1.919397548458554037e-02
-1.918969323889668094e-02
-1.916679381500545343e-02
-1.908856107467697683e-02
-1.899894429390031059e-02
-1.887663915471100157e-02
-1.872288353050530901e-02
-1.853943899625850461e-02
-1.832830429357358570e-02
-3.105797455153083003e-02
-3.029620559507197747e-02
-2.952201460602402183e-02
-2.873939293994748345e-02
-2.795026367213164498e-02
-2.715677665750224068e-02
-2.636112968557810521e-02
-2.556588069054741008e-02
-2.477103633990812570e-02
-2.398035127828218593e-02
-3.636276424352483105e-02
-3.515646576186882977e-02
-3.394638118137015270e-02
-3.274356065947379990e-02
-3.155408942611895307e-02
-3.038238709022290929e-02
-2.923171209824451666e-02
-2.810449665504703709e-02
-2.700257195899471996e-02
-2.592732178946147159e-02
-3.799481974354203262e-02
-3.659314064648822029e-02
-3.519304098326558883e-02
-3.380985800091507176e-02
-3.245208098064343571e-02
-3.112526354822293950e-02
-2.983300136365202304e-02
-2.857756988438114876e-02
-2.736034298464223857e-02
-2.618206971617578760e-02
-3.780448540465697338e-02
-3.632815141393855307e-02
-3.485841035013623190e-02
-3.341121480825781642e-02
-3.199521180342747295e-02
-3.061572152424811566e-02
-2.927587901933824399e-02
-2.797737484550107123e-02
-2.672093771054682987e-02
-2.550665062111918957e-02
-3.638132221306972225e-02
-3.482185739225843180e-02
-3.327973820111575221e-02
-3.175649473708476445e-02
-3.029434796857836953e-02
-2.884776357763320365e-02
-2.744175116106233048e-02
-2.607636986224441678e-02
-2.474957036625320683e-02
-2.345912295276840476e-02
-3.308177027692635330e-02
-3.130932976090858300e-02
-2.957696797236462893e-02
-2.788621300825895599e-02
-2.623710496290050653e-02
-2.461083475544802168e-02
-2.305198354707781172e-02
-2.150589006000970527e-02
-1.999467357969782200e-02
-1.851630496361240941e-02
-2.338066676461211801e-02
-2.063128262840535632e-02
-1.811591752480525008e-02
-1.576258635843984235e-02
-1.352380796096475102e-02
-1.136917013873135762e-02
-9.269977423874808942e-03
-7.241470863037099970e-03
-5.231752358246841150e-03
-3.255443984517533695e-03
-6.961914872055247061e-03
-3.649709318061328256e-03
-5.588236639392368810e-04
-3.641622835376709388e-02
-4.032223542426394136e-02
-4.411998707460229596e-02
-4.781695828608656385e-02
-5.141794693159813801e-02
-5.492605692245444704e-02
-5.834966184118337007e-02
-6.167244075958218386e-02
-6.100729002672269918e-02
-6.328180255107905550e-02
-6.547477753858212124e-02
-6.758877234170930504e-02
-6.962551839442356061e-02
-7.158766072864553021e-02
-7.347101420851918918e-02
-7.528019402591148990e-02
-7.702622943961444368e-02
-7.867198041147607790e-02
-7.644120574407181623e-02
-7.706761343187788771e-02
-7.762679155195477410e-02
-7.812817680389266828e-02
-7.854257613347627454e-02
-7.890284045669195001e-02
-7.919868442020323862e-02
-7.943048325645239716e-02
-7.959857581926865766e-02
-7.970368143074652023e-02
-7.612666880131366276e-02
-7.522298220667827939e-02
-7.427899491384454267e-02
-7.328794801820104343e-02
-7.225219593605454460e-02
-7.117384089728170937e-02
-7.005488595470582558e-02
-6.889731707624401069e-02
-6.770315009811117557e-02
-6.647445569557772216e-02
-6.187450788766636622e-02
-5.972155924757087397e-02
-5.755783402618554201e-02
-5.538711909384823329e-02
-5.321317617552197288e-02
-5.103954001117570749e-02
-4.886959989141886895e-02
-4.670664208112830507e-02
-4.455386891300373853e-02
-4.241440417323275036e-02
-3.733212563028784348e-02
-3.437966297125652493e-02
-3.147067628433349029e-02
-2.860880840039846384e-02
-2.579764047388803661e-02
-2.304045437615609426e-02
-2.034027530877320633e-02
-1.769960673018665387e-02
-1.512190797635028228e-02
-1.260105873067159099e-02
-7.628625058565374761e-03
-4.410722999197896899e-03
-1.288358471031592067e-03
1.736822991676267858e-03
4.663697320660672996e-03
7.489255490413598837e-03
1.022175900164368212e-02
1.283515375980820439e-02
1.535532524446459046e-02
1.777238954782117686e-02
2.222295316754518968e-02
2.526326323406538621e-02
2.818324704356910126e-02
3.096942734537569408e-02
3.362796406813613193e-02
3.615812067740181712e-02
3.856117060762091764e-02
4.083853844385893633e-02
4.299181399314130902e-02
4.502546904102216335e-02
4.873666968029133351e-02
5.137120429330983840e-02
5.386155994085519566e-02
5.620339884553899462e-02
5.840870707653070260e-02
6.046288809405690745e-02
6.239363054945787357e-02
6.418461444245687764e-02
6.584535529258185582e-02
6.738870422110074254e-02
7.041027554949992606e-02
7.255686921521051214e-02
7.455145405220732491e-02
7.639917897794143431e-02
7.809384055506549127e-02
7.965808231181681354e-02
8.108906525360484729e-02
8.239111936808898862e-02
8.356843964949693671e-02
8.462640788986541818e-02
8.568051785206523552e-02
8.654260331131935491e-02
8.730125332289009887e-02
8.795267497920725153e-02
8.850150777609619435e-02
8.895216267619954209e-02
8.930887903013068341e-02
8.957575506168516388e-02
8.975676849867311735e-02
8.985615717069823927e-02
8.854142243115667443e-02
8.778697099905556633e-02
8.700363506893277199e-02
8.618525618069393379e-02
8.533467729864752105e-02
8.445480335758502599e-02
8.354850379606618138e-02
8.261855489498592942e-02
8.166760883123760917e-02
8.069817889575282843e-02
7.823478836199214415e-02
7.661890662783706063e-02
7.502192064913436320e-02
7.344527324826592707e-02
7.189036269573549631e-02
7.035857391468641753e-02
6.885576522510791775e-02
6.736786992965405896e-02
6.591155321584055149e-02
6.448180967176542211e-02
6.133725799866662776e-02
5.941907643253049875e-02
5.755690965921991809e-02
5.575050802705044939e-02
5.399958949202160463e-02
5.230366710621379978e-02
5.066207927010979439e-02
4.907401796585297848e-02
4.753855411128449227e-02
4.605149431145789951e-02
4.253339404439811233e-02
4.067197425824738144e-02
3.888521543940215430e-02
3.717086660231332107e-02
3.552736120105640105e-02
3.395274394993551270e-02
3.244498961742331433e-02
3.100202304340059223e-02
2.962173573381521319e-02
2.829634593939849008e-02
2.457925606765556936e-02
2.295246658839504572e-02
2.140435158111497760e-02
1.993217215026944766e-02
1.853307158223248263e-02
1.720421325842540206e-02
1.594278819144238912e-02
1.474602417331785653e-02
1.361119466217815266e-02
1.253562660765225600e-02
8.726684334477805005e-03
7.391715718818997471e-03
6.129398727662549451e-03
4.936501241646185090e-03
3.811049297918478462e-03
2.746959534606005504e-03
1.744640788535242737e-03
7.993745726592310641e-04
-8.955748337777236223e-05
-9.264775176527073608e-04
-4.731366075498816270e-03
-5.795114963873956859e-03
-6.800940045427028569e-03
-7.750465103041573323e-03
-8.645531108858156566e-03
-9.488351300135505761e-03
-1.028134412934142428e-02
-1.102702341792499707e-02
-1.172792651208683090e-02
-1.238656771246746113e-02
-1.578387458487491568e-02
-1.662860239963485920e-02
-1.745742680432051108e-02
-1.826623085595710516e-02
-1.904445659618214659e-02
-1.978693818894998457e-02
-2.049574894830330507e-02
-2.117113564076456012e-02
-2.181410567381138893e-02
-2.242614612331177149e-02
-2.582336581441894985e-02
-2.659594138914678912e-02
-2.737664695547804838e-02
-1.372871618502850485e-02
-1.255044265339114867e-02
-1.142669043216056057e-02
-1.035415966499397301e-02
-9.330044310468235333e-03
-2.343052942090281636e-03
-1.908155756145329431e-03
-1.403766486798155473e-03
-8.695727342613304364e-04
-3.231263587383133296e-04
1.952941886790441131e-04
7.236129306200968225e-04
1.238367015275317236e-03
1.747726100321851748e-03
2.212136276579963756e-03
9.244773623514326508e-03
9.301598038950363231e-03
9.415376579915275129e-03
9.562780740420519926e-03
9.728860655523800804e-03
9.904357481334011629e-03
1.009318775744376916e-02
1.025273004357384228e-02
1.043303532792475355e-02
1.060993048161694083e-02
1.788930788897692345e-02
1.770680940819854138e-02
1.757027533738977215e-02
1.746085059284799637e-02
1.736587659697420849e-02
1.727715841675526304e-02
1.718932732899138699e-02
1.709880440023212045e-02
1.700314499510685584e-02
1.690062494930671261e-02
2.437887452615515940e-02
2.392231710731837491e-02
2.349412714608930738e-02
2.307891272720804035e-02
2.266619292140301806e-02
2.224928894126052686e-02
2.182397228311624970e-02
2.138766001127456046e-02
2.093777129882799445e-02
2.047521561248902278e-02
2.797026830792206237e-02
2.712178486668567409e-02
2.629288262909717372e-02
2.547099708667190793e-02
2.464789975411680115e-02
2.381890447598624533e-02
2.298148771135703761e-02
2.213586785460347484e-02
2.128016787052584152e-02
2.041570242160244131e-02
2.777558645989295499e-02
2.648956342906774730e-02
2.523603659035263125e-02
2.400331841701895327e-02
2.278408636466390177e-02
2.157464999324033156e-02
2.037361598359423848e-02
1.918103061995632061e-02
1.799782773552723036e-02
1.682547212842869927e-02
2.402883922475369805e-02
2.240540259918986574e-02
2.084616014310419416e-02
1.933719576130083634e-02
1.786967106583864720e-02
1.643838437147077114e-02
1.502784560130787303e-02
1.369249452477833834e-02
1.236099309109040326e-02
1.106560069208809005e-02
1.817792017340480806e-02
1.639780442876549033e-02
1.472057694421608290e-02
1.312707342392616626e-02
1.160461034091414025e-02
1.014559536100670574e-02
8.744414074986328611e-03
7.386636802764250283e-03
6.126497570957792176e-03
4.889169443166208225e-03
1.197143517096652295e-02
1.019841461119154122e-02
8.562786267085264677e-03
7.036562527231221900e-03
5.592341642489260384e-03
4.274853344067386027e-03
2.998576204456422471e-03
1.794049507064497846e-03
6.580836416566170077e-04
-4.114824158396208909e-04
6.633225696552199138e-03
4.961567422500849471e-03
3.453794300433854492e-03
2.077548492521076248e-03
8.096127038816850613e-04
-3.651054157505937911e-04
-1.463679267231737455e-03
-2.460469917231647256e-03
-3.403503097535042973e-03
-4.276111646502203309e-03
-6.338960369162822961e-03
-7.162768494994160157e-03
-7.889013570931510677e-03
-8.546846521901813737e-03
-9.093418808632892231e-03
-9.600858197014124074e-03
-1.005131086399573340e-02
-1.043738011339010938e-02
-1.077194911580799455e-02
-1.106860592909699598e-02
-2.185626644361038720e-02
-2.149070731654609961e-02
-2.109153811838505171e-02
-2.069030996774009340e-02
-2.027349832793669260e-02
-1.984072243013451642e-02
-1.939259344628967152e-02
-1.893014274870663538e-02
-1.846290838093302827e-02
-1.796028651388352493e-02
-2.826732011044313930e-02
-2.727737000106966736e-02
-2.630412349569147962e-02
-2.530756033818988560e-02
-2.434207577784727045e-02
-2.338920512841002886e-02
-2.245052403452740819e-02
