-9.261566659651700173e-03
-9.051936708973043477e-03
-8.924981245740405689e-03
-8.944999207133090546e-03
-9.058363484659701093e-03
-9.228242455431953650e-03
-9.488751329596561979e-03
-9.776560512500337419e-03
-1.008141859655916489e-02
-1.039649421965251064e-02
-1.071710677586801275e-02
-1.103997355620629783e-02
-1.136274819525510960e-02
-1.168371280536680684e-02
-1.200159473556740991e-02
-1.231542304626651041e-02
-1.262445788443648798e-02
-1.292812793037382418e-02
-1.322599510121461042e-02
-1.351772419834935957e-02
-1.380306785387513946e-02
-1.408185245460839147e-02
-1.435396802293437829e-02
-1.461935893538487269e-02
-1.487801699262413652e-02
-1.512997341069248491e-02
-1.537529982688543712e-02
-1.561409804276368829e-02
-1.584649810316031415e-02
-1.607265104609687661e-02
-1.629273591278291439e-02
-1.650694681367572553e-02
-1.671549190991385159e-02
-1.691859326067363112e-02
-1.711648673826023787e-02
-1.730941477084649988e-02
-1.749762679653540237e-02
-1.768137360191170820e-02
-1.786091755328505365e-02
-1.803651951142654780e-02
-1.820844124826287436e-02
-1.837694446926162184e-02
-1.854228600954243439e-02
-1.870472837392654630e-02
-1.886452746531986496e-02
-1.902193552088414508e-02
-1.917720063485608972e-02
-1.933056620717899660e-02
-1.948227046725638234e-02
-1.963254245955840110e-02
-1.978161269880394924e-02
-1.992970178700930600e-02
-2.007702376612850725e-02
-2.022378606612924151e-02
-2.037018936201926561e-02
-2.051642747387529692e-02
-2.066268730572269618e-02
-2.080914881952623113e-02
-2.095598504092065217e-02
-2.110336209359793547e-02
-2.125143925951419183e-02
-2.140036906227145430e-02
-2.155029737119922018e-02
-2.170136352379545969e-02
-2.185370046430037266e-02
-2.200743489626806604e-02
-2.216268744707865918e-02
-2.231957249520164638e-02
-2.247819869628358419e-02
-2.263867022189933881e-02
-2.280108591457265244e-02
-2.296553842482486341e-02
-2.313211545129559982e-02
-2.330090029150931608e-02
-2.347197168496529401e-02
-2.364540400216429833e-02
-2.382126742843305306e-02
-2.399962814131275518e-02
-2.418054848039743326e-02
-2.436408710863241511e-02
-2.455029916420122665e-02
-2.473923640224342385e-02
-2.493094732575497352e-02
-2.512547730511520416e-02
-2.532286868577685729e-02
-2.552316088373039055e-02
-2.572639046841581484e-02
-2.593259123281964340e-02
-2.614179425053493599e-02
-2.635402791960897440e-02
-2.656932205943714903e-02
-2.678769535647980427e-02
-2.700916821485843666e-02
-2.723375855783415067e-02
-2.746148163502090678e-02
-2.769234999065086494e-02
-2.792637341643140758e-02
-2.816355888980719840e-02
-2.840391497396954623e-02
-2.864743786759883087e-02
-2.889412545874316118e-02
-2.914397264389577413e-02
-2.939697097599446030e-02
-2.965311102551710515e-02
-2.991237702808555166e-02
-3.017474686859774463e-02
-3.044019707718675916e-02
-3.070870311724120671e-02
-3.098023296361410162e-02
-3.125476330116608997e-02
-3.153223572058423685e-02
-3.181260222068878901e-02
-3.209581529558068469e-02
-3.238182062596913630e-02
-3.267055268012845209e-02
-3.296194648206640654e-02
-3.325592413866408636e-02
-3.355240963185690539e-02
-3.385131642979877925e-02
-3.415255245039287846e-02
-3.445601957362213336e-02
-3.476160573648783697e-02
-3.506919858993224476e-02
-3.537867830250450429e-02
-3.568991647295059744e-02
-3.600277797281030423e-02
-3.631712202820697177e-02
-3.663284696004805163e-02
-3.694993562428892930e-02
-3.726804727888466395e-02
-3.758704470771952189e-02
-3.790685492441585314e-02
-3.822729799079110230e-02
-3.854817451233787107e-02
-3.886928034263444076e-02
-3.919040645219253050e-02
-3.951133900269086091e-02
-3.983185967724074683e-02
-4.015174698223981931e-02
-4.047077405733836425e-02
-4.078871241742029058e-02
-4.110532997215506773e-02
-4.142039308310099810e-02
-4.173366697133015085e-02
-4.204491621054848305e-02
-4.235390538679476014e-02
-4.266039976684935647e-02
-4.296416596980399960e-02
-4.326497263637581886e-02
-4.356259109076384556e-02
-4.385679599009911778e-02
-4.414736672404723228e-02
-4.443408569364869221e-02
-4.471674118612318366e-02
-4.499512728701232644e-02
-4.526904491652555124e-02
-4.553830068058217773e-02
-4.580270868957860009e-02
-4.606209080122818794e-02
-4.631627685235673031e-02
-4.656510499417629984e-02
-4.680842198638885537e-02
-4.704608345011217913e-02
-4.727795407991845084e-02
-4.750390781560728803e-02
-4.772382797484639450e-02
-4.793760734767712334e-02
-4.814514825367902096e-02
-4.834636256349347100e-02
-4.854117168705788382e-02
-4.872950653087031181e-02
-4.891130742654847818e-02
-4.908652403293159439e-02
-4.925511521397578363e-02
-4.941704889470004830e-02
-4.957230189743666582e-02
-4.972085976063263246e-02
-4.986271654242228901e-02
-4.999787461115912102e-02
-5.012634442504592530e-02
-5.024814430294460843e-02
-5.036330018838033884e-02
-5.047184540867848124e-02
-5.057382043109158454e-02
-5.066927261768668089e-02
-5.075825598067379429e-02
-5.084083093976463769e-02
-5.091706408305712167e-02
-5.098702735884336201e-02
-5.105079965968660483e-02
-5.110846425847030000e-02
-5.116011051673863275e-02
-5.120583262175820716e-02
-5.124572950290674778e-02
-5.127990479023926407e-02
-5.130846664704303423e-02
-5.133152761558335692e-02
-5.134920401037409987e-02
-5.136161711325550050e-02
-5.136889136530090050e-02
-5.137115628730664491e-02
-5.136854458535089485e-02
-5.136119206838102302e-02
-5.134923903282239549e-02
-5.133282992006613088e-02
-5.131211238992094276e-02
-5.128723760563452805e-02
-5.125836046782098615e-02
-5.125074915905444839e-02
-5.124789995349267324e-02
-5.124678948661193917e-02
-5.124568914026644828e-02
-5.124460051759585633e-02
-5.124352479785705683e-02
-5.124246320995196058e-02
-5.124141984834403030e-02
-5.124039424251640440e-02
-5.123938743697663278e-02
-5.123840188787283367e-02
-5.123743668095247228e-02
-5.123649261318525411e-02
-5.123557056729016734e-02
-5.123467132311548822e-02
-5.123379555541322100e-02
-5.123294382623088533e-02
-5.123211657478576181e-02
-5.123131410603994074e-02
-5.123053656876888629e-02
-5.122977151931500106e-02
-5.122897760510893017e-02
-5.122815757047228385e-02
-5.122731029173029083e-02
-5.122643796827334312e-02
-5.122553948914156802e-02
-5.122461542138272844e-02
-5.122366633700088656e-02
-5.122269281761122894e-02
-5.122169545527161666e-02
-5.122067960064748127e-02
-5.121965014676739536e-02
-5.121860724087227978e-02
-5.121755109616031587e-02
-5.121648197776040856e-02
-5.121540019132066884e-02
-5.121430607424462544e-02
-5.121320195090964950e-02
-5.121208618216675085e-02
-5.121096115870511778e-02
-5.120982523941907533e-02
-5.120867883076777455e-02
-5.120752234209175607e-02
-5.120635618375841969e-02
-5.120518076470118030e-02
-5.120399649024086342e-02
-5.120280376015581142e-02
-5.120160494446136801e-02
-5.120040039954563277e-02
-5.119918831632456341e-02
-5.119796903465775872e-02
-5.119674289834828113e-02
-5.119551023867754957e-02
-5.119427319916988739e-02
-5.119303197378923670e-02
-5.119178473592946726e-02
-5.119053356878047051e-02
-5.118927813155738082e-02
-5.118801883270703706e-02
-5.118675531682725932e-02
-5.118548479204598767e-02
-5.118420720649580896e-02
-5.118292295342221493e-02
-5.118163271774162082e-02
-5.118033897402821109e-02
-5.117904074457075431e-02
-5.117773781810163597e-02
-5.117643027351805041e-02
-5.117512116705640046e-02
-5.117381072001858655e-02
-5.117249672600381050e-02
-5.117117919765643008e-02
-5.116986210980298960e-02
-5.116854285693683835e-02
-5.116722056036416416e-02
-5.116589522557214720e-02
-5.116456681989053901e-02
-5.116323749665059595e-02
-5.116190718133852011e-02
-5.116057383008761061e-02
-5.115923733890020281e-02
-5.115789758798826997e-02
-5.115655444147641090e-02
-5.115520774733790105e-02
-5.115385916084003171e-02
-5.115250849953724421e-02
-5.115115382690572920e-02
-5.114979492255448262e-02
-5.114843154436558154e-02
-5.114706343374975789e-02
-5.114569031571355312e-02
-5.114431189895745494e-02
-5.114292787600516199e-02
-5.114153792336471188e-02
-5.114014170172223595e-02
-5.113873885616784798e-02
-5.113732901645372253e-02
-5.113591179728247532e-02
-5.113448679862505480e-02
-5.113305360606505701e-02
-5.113161179116741673e-02
-5.113016091186795009e-02
-5.112870051287972395e-02
-5.112723012611341405e-02
-5.112574927110594830e-02
-5.112425745545422229e-02
-5.112275417524867610e-02
-5.112123720328213411e-02
-5.111970778747830513e-02
-5.111816371740286746e-02
-5.111660618616916535e-02
-5.111503464928079943e-02
-5.111344855005420934e-02
-5.111184732260738717e-02
-5.111022844528276959e-02
-5.110859144579325830e-02
-5.110693783325486600e-02
-5.110526702886902806e-02
-5.110357861546975522e-02
-5.110186794582108338e-02
-5.110013915531036455e-02
-5.109839165083581575e-02
-5.109662337492465456e-02
-5.109483219984745084e-02
-5.109302117764111251e-02
-5.109118754370421678e-02
-5.108933366834956386e-02
-5.108745845601513069e-02
-5.108556145913265706e-02
-5.108364222207952693e-02
-5.108170025782751700e-02
-5.107973261230292633e-02
-5.107773741004573154e-02
-5.107571336582050064e-02
-5.107366166574765082e-02
-5.107157938316626844e-02
-5.106946574264589062e-02
-5.106732167251572252e-02
-5.106514641824493744e-02
-5.106293920439698708e-02
-5.106069700589413451e-02
-5.105841900965561730e-02
-5.105610637217114500e-02
-5.105375829681959438e-02
-5.105137398439149599e-02
-5.104895263247532372e-02
-5.104648986830868929e-02
-5.104398789915669948e-02
-5.104144629405177325e-02
-5.103886424724596305e-02
-5.103624095756373324e-02
-5.103357562844021422e-02
-5.103086583947376298e-02
-5.102811073116428342e-02
-5.102531114248090582e-02
-5.102246629895351021e-02
-5.101957544340887662e-02
-5.101663783321724183e-02
-5.101365274060263438e-02
-5.101061945359056105e-02
-5.100753727719844338e-02
-5.100440553468940652e-02
-5.100122356880430752e-02
-5.099799074292769852e-02
-5.099470644216338305e-02
-5.099137007430291912e-02
-5.098798107067574470e-02
-5.098453888687348723e-02
-5.098104016040547193e-02
-5.097748720289877605e-02
-5.097387954491378048e-02
-5.097021674593624208e-02
-5.096649839123982423e-02
-5.096272409184138957e-02
-5.095889348430131249e-02
-5.095500623038628357e-02
-5.095106201660817846e-02
-5.094706055364793540e-02
-5.094300157567382970e-02
-5.093888483956258983e-02
-5.093471012403345127e-02
-5.093047722870316929e-02
-5.092618597307280864e-02
-5.092183619545481710e-02
-5.091742775185115893e-02
-5.091296051479075185e-02
-5.090843437213596334e-02
-5.090384922586724953e-02
-5.089920499085420769e-02
-5.089450159362218784e-02
-5.088973897112193667e-02
-5.088491706950972610e-02
-5.088003584294535642e-02
-5.087509525241428604e-02
-5.087009526457962616e-02
-5.086503585067023159e-02
-5.085991698540881512e-02
-5.085473864598545612e-02
-5.084950081107934144e-02
-5.084420345993304752e-02
-5.083884657148179942e-02
-5.083343012353962881e-02
-5.082795466565413062e-02
-5.082242183957385445e-02
-5.081682932830546701e-02
-5.081117709671053445e-02
-5.080546510477264993e-02
-5.079969330758341700e-02
-5.079386165510505619e-02
-5.078797009191589329e-02
-5.078201855698247225e-02
-5.077600698347814467e-02
-5.076993529865473503e-02
-5.076380342377027899e-02
-5.075761127407307088e-02
-5.075135875884147219e-02
-5.074504578147841227e-02
-5.073867223965929096e-02
-5.073224092423336828e-02
-5.072574900361141725e-02
-5.071919604796289865e-02
-5.071258193923360025e-02
-5.070590655059517560e-02
-5.069916974918346753e-02
-5.069237140302129685e-02
-5.068551284313138616e-02
-5.067859452840309947e-02
-5.067034884366417719e-02
-5.066549716256504160e-02
-5.065840618872928525e-02
-5.065133982749722708e-02
-5.064423030971564738e-02
-5.063708135087831297e-02
-5.062989196286931531e-02
-5.062266104492671448e-02
-5.061538761984102353e-02
-5.060807076859188958e-02
-5.060070962803768502e-02
-5.059330338622502338e-02
-5.058585127886846416e-02
-5.057835258685174085e-02
-5.057080663461982484e-02
-5.056321278936887903e-02
-5.055557046096280371e-02
-5.054787910251834493e-02
-5.054020644858117639e-02
-5.053262645768447081e-02
-5.052513806138479030e-02
-5.051774019023080181e-02
-5.051043261978840210e-02
-5.050321377748696189e-02
-5.049608156571760986e-02
-5.048903495645175321e-02
-5.048207306473142392e-02
-5.047519513137830455e-02
-5.046840051428889973e-02
-5.046168867906660610e-02
-5.045615840364013616e-02
-5.045268782162277282e-02
-5.045127270179285139e-02
-5.045193632986004484e-02
-5.045472001588482969e-02
-5.045967439544229993e-02
-5.046686374465009228e-02
-5.047635474068094819e-02
-5.048821474840503587e-02
-5.050251873963298999e-02
-5.051934039614648653e-02
-5.053875342039793050e-02
-5.056083135208931656e-02
-5.058564319290019540e-02
-5.061326597788159271e-02
-5.064377023328773403e-02
-5.067722346639020464e-02
-5.071368840491443514e-02
-5.075323544075240056e-02
-5.079592714917297025e-02
-5.084182258445080205e-02
-5.089097798532234845e-02
-5.094344660618747855e-02
-5.099927273862202987e-02
-5.105850697199218469e-02
-5.112119359000125846e-02
-5.118737290631837633e-02
-5.125708163067254491e-02
-5.133034931297100756e-02
-5.140720504118302669e-02
-5.148767762071391335e-02
-5.157178974730704246e-02
-5.165955998825508266e-02
-5.175100321696659428e-02
-5.184612416668311907e-02
-5.194493622851360792e-02
-5.204744422661569669e-02
-5.215364895473176277e-02
-5.226354773089962602e-02
-5.237713453117164020e-02
-5.249440010294611353e-02
-5.261533207466587148e-02
-5.273991506866444745e-02
-5.286812409467139817e-02
-5.299994437136189285e-02
-5.313535292242402980e-02
-5.327432370340399320e-02
-5.341682823221551024e-02
-5.356283578377506183e-02
-5.371231355754663150e-02
-5.386522683401846756e-02
-5.402153912628264443e-02
-5.418121232861762560e-02
-5.434420686211963170e-02
-5.451048181662801473e-02
-5.467999508784850138e-02
-5.485270350844212439e-02
-5.502856297180878237e-02
-5.520752854730913428e-02
-5.538955458571526158e-02
-5.557459481375243149e-02
-5.576260241669048906e-02
-5.595353010805778626e-02
-5.614733018568219408e-02
-5.634395457341347807e-02
-5.654335484804059314e-02
-5.674548225108881627e-02
-5.695028768535809888e-02
-5.715772169624179500e-02
-5.736773443804511069e-02
-5.758027562569279639e-02
-5.779529447238401785e-02
-5.801273961390396305e-02
-5.823255902044385118e-02
-5.845469989690610380e-02
-5.867911297919831820e-02
-5.890574367979738157e-02
-5.913453124038999670e-02
-5.936542780387982221e-02
-5.959841355197918744e-02
-5.983344026364589840e-02
-6.007032660347668557e-02
-6.030887627522850403e-02
-6.054904732853528398e-02
-6.079081571597369504e-02
-6.103415360291533642e-02
-6.127902705779868231e-02
-6.152539626613148099e-02
-6.177321566736938829e-02
-6.202243379119664474e-02
-6.227299395291492623e-02
-6.252483395385041720e-02
-6.277788591129872253e-02
-6.303207641278676943e-02
-6.328732651776973472e-02
-6.354355203089474824e-02
-6.380066314061925981e-02
-6.405856475742321976e-02
-6.431715649015995462e-02
-6.457633274717597405e-02
-6.483598280824588722e-02
-6.509599092660600661e-02
-6.535623657623382265e-02
-6.561659422324447877e-02
-6.587693382562861966e-02
-6.613712087905866677e-02
-6.639701664538108505e-02
-6.665647835871328641e-02
-6.691535946666601897e-02
-6.717350989563788954e-02
-6.743077634112232266e-02
-6.768700258351910415e-02
-6.794202982967838256e-02
-6.819569708008335618e-02
-6.844784152120682308e-02
-6.869829905972849038e-02
-6.894690435875278078e-02
-6.919349176600714246e-02
-6.943789567282455943e-02
-6.967995085854528092e-02
-6.991949310513004279e-02
-7.015635970681777245e-02
-7.039038999692702470e-02
-7.062142587694981988e-02
-7.084931234292611568e-02
-7.107389800376155697e-02
-7.129503558650103490e-02
-7.151258242401027643e-02
-7.172640092093329756e-02
-7.193635899419914548e-02
-7.214233048477600163e-02
-7.234419553782681089e-02
-7.254184094890102352e-02
-7.272263900024783512e-02
-7.288719309533045476e-02
-7.303663714927613460e-02
-7.317202660862545671e-02
-7.329434558770266117e-02
-7.340451322900494457e-02
-7.350338928578713238e-02
-7.359177896075771996e-02
-7.367043706814620230e-02
-7.374007160074845524e-02
-7.380134678667132908e-02
-7.385488571720899564e-02
-7.390127262059029145e-02
-7.394105484807377004e-02
-7.397474463014355739e-02
-7.400282065201711779e-02
-7.402572948975823242e-02
-7.404388694126110004e-02
-7.405767927942040474e-02
-7.406746444858242073e-02
-7.407357322104461683e-02
-7.407631032660465242e-02
-7.407595556451639085e-02
-7.407276490420272586e-02
-7.406697157861846792e-02
-7.405878716036222442e-02
-7.404840268075174592e-02
-7.403598966977346929e-02
-7.402170123780082989e-02
-7.400567313471426156e-02
-7.398802479606048088e-02
-7.396886037319186369e-02
-7.394826974421279953e-02
-7.392632950259155067e-02
-7.390310392042775955e-02
-7.387864588357959117e-02
-7.385299779613220539e-02
-7.382619245201546554e-02
-7.379825387194026420e-02
-7.376919810421386781e-02
-7.373903398839620760e-02
-7.370776388236537080e-02
-7.367538441361924650e-02
-7.364188690007271443e-02
-7.360725822308740451e-02
-7.357148135553619184e-02
-7.353453581233505842e-02
-7.349639820521253197e-02
-7.345704272103761867e-02
-7.341644157795443326e-02
-7.337456543245826635e-02
-7.333138379920067784e-02
-7.328686542900024470e-02
-7.324097874050708445e-02
-7.319369197824016071e-02
-7.314497374199849244e-02
-7.309479333928678435e-02
-7.309854793835485198e-02
-7.313622970932737166e-02
-7.317862358193863437e-02
-7.322165335808308861e-02
-7.326531785535610186e-02
-7.330960695063246102e-02
-7.335454011480918579e-02
-7.340010723558455796e-02
-7.344499928011631595e-02
-7.349052200284483805e-02
-7.353667530615608239e-02
-7.358212289530570438e-02
-7.363031322041509175e-02
-7.367858628583692782e-02
-7.372694275653972340e-02
-7.377538328816722613e-02
-7.382390851032444301e-02
-7.387251959816676372e-02
-7.392121907511259304e-02
-7.396999903168649526e-02
-7.401886086117724639e-02
-7.406780501691771768e-02
-7.411683167129157201e-02
-7.416587690160419966e-02
-7.421483532878511702e-02
-7.426368874754324390e-02
-7.431245124584663631e-02
-7.436115442693466693e-02
-7.440976437286798972e-02
-7.445827279198029280e-02
-7.450667126869581214e-02
-7.455495150397330184e-02
-7.460310518005444647e-02
-7.465112492238734632e-02
-7.469900300621958034e-02
-7.474673152474842208e-02
-7.479429750595364967e-02
-7.484169923537015157e-02
-7.488893398484665342e-02
-7.493599646622065014e-02
-7.498288180495482624e-02
-7.502958530567976903e-02
-7.507610325397442996e-02
-7.512243183904557253e-02
-7.516856765731885770e-02
-7.521450772698845544e-02
-7.526024942240433502e-02
-7.530579047113850066e-02
-7.535113280853644735e-02
-7.539627607901096262e-02
-7.544121557280000778e-02
-7.548595941070035398e-02
-7.553049948407011827e-02
-7.557483573490339501e-02
-7.561897699683642338e-02
-7.566292514991651563e-02
-7.570668062806011622e-02
-7.575024032430283105e-02
-7.579360585037465958e-02
-7.583677970444910321e-02
-7.587976274699322066e-02
-7.592255982813633786e-02
-7.596517470848146436e-02
-7.600760984194784853e-02
-7.604986977489701372e-02
-7.609195949984810803e-02
-7.613388444580644621e-02
-7.617565046624863445e-02
-7.621726382448569537e-02
-7.625873117683577840e-02
-7.630005955403909579e-02
-7.634125634132835070e-02
-7.638232777464040724e-02
-7.642328207265494666e-02
-7.646412906669700082e-02
-7.650487439206270224e-02
-7.654552682300852506e-02
-7.658608547047149329e-02
-7.662656763321781805e-02
-7.666698562511294057e-02
-7.670734787498989515e-02
-7.674767411426225427e-02
-7.678799955549213407e-02
-7.682832357865412853e-02
-7.686863015745482031e-02
-7.690893375045614044e-02
-7.694923612595572227e-02
-7.698954734061544403e-02
-7.702987717390927247e-02
-7.707024100039115699e-02
-7.711064862478694826e-02
-7.715110985960441092e-02
-7.719163447292534674e-02
-7.723223414721586133e-02
-7.727291620711820852e-02
-7.731369198015894395e-02
-7.735456862019370050e-02
-7.739555697198013950e-02
-7.743666579452009036e-02
-7.747790165247600558e-02
-7.751927460566590544e-02
-7.756079258289974576e-02
-7.760246316042546111e-02
-7.764429169312297985e-02
-7.768628673188142375e-02
-7.772846448470221992e-02
-7.777092854535964939e-02
-7.781367794079571687e-02
-7.785671200330999964e-02
-7.790002567340714723e-02
-7.794361300673295634e-02
-7.798746716064230977e-02
-7.803158038261681639e-02
-7.807594400113873623e-02
-7.812054841913006198e-02
-7.816538310976924031e-02
-7.821043661429377680e-02
-7.825569654126282582e-02
-7.830114956666589521e-02
-7.834679500155913856e-02
-7.839260336883846492e-02
-7.843855849197485519e-02
-7.848464325384998941e-02
-7.852420304050894417e-02
-7.853547212505467001e-02
-7.854038046657872696e-02
-7.854838143192242883e-02
-7.856906696816676194e-02
-7.861212380770357666e-02
-7.868736573077560192e-02
-7.880471597167247599e-02
-7.897416531364669090e-02
-7.920571805088916228e-02
-7.950933485110968368e-02
-7.989487824465868471e-02
-8.037206377587959027e-02
-8.095041824314147538e-02
-8.163924825612112190e-02
-8.244761237603678850e-02
-8.338430299032792425e-02
-8.445783588153379928e-02
-8.567644330227514038e-02
-8.704806917763466267e-02
-8.858036924998732853e-02
-9.028071163296126633e-02
-9.215617627209476970e-02
-9.421355045035442743e-02
-9.433459990288198260e-02
-9.480975438341913974e-02
-9.574921392345692173e-02
-9.711543985112952582e-02
-9.888192364910225463e-02
-1.010293005771847191e-01
-1.035427846572417737e-01
-1.064105444660928268e-01
-1.096228340625169106e-01
-1.131707740051998978e-01
-1.170459160806073817e-01
-1.212399363765500754e-01
-1.257443036757651400e-01
-1.305500113456581901e-01
-1.356473672067255720e-01
-1.410258350741423194e-01
-1.466739320155782400e-01
-1.525791771755372062e-01
-1.587280939737746033e-01
-1.651062624971490478e-01
-1.716984167409315587e-01
-1.784885786093519389e-01
-1.854602182988322467e-01
-1.925964293382333714e-01
-1.998801055807392646e-01
-2.072941079778327644e-01
-2.148214130660390520e-01
-2.224452321033128233e-01
-2.301490973263801421e-01
-2.379169125240178095e-01
-2.457329684273992787e-01
-2.535819260502246708e-01
-2.614487733497897759e-01
-2.693187623148441401e-01
-2.771773347506220619e-01
-2.850100495142374735e-01
-2.928025858578387486e-01
-3.005405479130897062e-01
-3.082094523578877143e-01
-3.157947580505358065e-01
-3.232818875295249694e-01
-3.306562772493885638e-01
-3.379034532619038522e-01
-3.450091317896602505e-01
-3.519593371152759387e-01
-3.587405305550214196e-01
-3.653030287191886827e-01
-3.716395458685775588e-01
-3.777828846112736283e-01
-3.837246351174145031e-01
-3.894567873356374887e-01
-3.949718564100906382e-01
-4.002629868790161249e-01
-4.053240458284663728e-01
-4.101497349529044656e-01
-4.147356577339574857e-01
-4.190783450634667506e-01
-4.231753233299003769e-01
-4.270251080687123002e-01
-4.306272178963663211e-01
-4.339821854395936596e-01
-4.370915261123775597e-01
-4.399577157987371034e-01
-4.425841904189177223e-01
-4.449752913289609646e-01
-4.471362392799849150e-01
-4.490731006105519452e-01
-4.507927468209685373e-01
-4.523028351872753205e-01
-4.536117680504668792e-01
-4.547286597922591822e-01
-4.556633136437367448e-01
-4.564261993308225684e-01
-4.570282766231323346e-01
-4.574813277143918722e-01
-4.575502636112880883e-01
-4.576152282182935904e-01
-4.576840277196780327e-01
-4.577670009769954640e-01
-4.578550012501392819e-01
-4.579215946117060621e-01
-4.579874369137622026e-01
-4.580524992872058720e-01
-4.581167515649917643e-01
-4.581801627349499917e-01
-4.582427431557980491e-01
-4.583045394902807712e-01
-4.583655938129403418e-01
-4.584259414510870601e-01
-4.584856102389173182e-01
-4.585446277843420737e-01
-4.586030153904305795e-01
-4.586607909786216131e-01
-4.587179710339590599e-01
-4.587745702348009491e-01
-4.588306017612667764e-01
-4.588860774960659694e-01
-4.589410080722975405e-01
-4.589954033116325216e-01
-4.590492719226559326e-01
-4.591145813367572548e-01
-4.591695009528786731e-01
-4.592228584122914903e-01
-4.592748994685156849e-01
-4.593258156551471294e-01
-4.593757669963499657e-01
-4.594248832907973368e-01
-4.594732707695641238e-01
-4.595210134446078842e-01
-4.595681772423694800e-01
-4.596148169750019497e-01
-4.596609725964119764e-01
-4.597066718903368154e-01
-4.597519271547605979e-01
-4.597967398633698854e-01
-4.598412037883735648e-01
-4.598853216481479378e-01
-4.599291026100222890e-01
-4.599725496501569366e-01
-4.600156698295671531e-01
-4.600584722701065443e-01
-4.601009687664229242e-01
-4.601431790132769484e-01
-4.601851173422843444e-01
-4.602268059619095131e-01
-4.602682709447786236e-01
-4.603095421402400578e-01
-4.603506530003349528e-01
-4.603916402950551934e-01
-4.604325437308585678e-01
-4.604734054877712146e-01
-4.605142696910733968e-01
-4.605551818336968140e-01
-4.605961881652189116e-01
-4.606373350629357488e-01
-4.606786618405242506e-01
-4.607202202109943467e-01
-4.607620534077219165e-01
-4.608042023613800331e-01
-4.608466983860777244e-01
-4.608895846791957185e-01
-4.609328868949150171e-01
-4.609766288538824641e-01
-4.610208673722723249e-01
-4.610655990924033554e-01
-4.611108323255502239e-01
-4.611565784688637093e-01
-4.612028382256577741e-01
-4.612496215622785001e-01
-4.612969269821800555e-01
-4.613447390088635247e-01
-4.613930580586645958e-01
-4.614418726865782139e-01
-4.614911686793580770e-01
-4.615409293694116566e-01
-4.615911421365753164e-01
-4.616417886132592741e-01
-4.616928701536807678e-01
-4.617443734450825121e-01
-4.617962810505556459e-01
-4.618485717847399807e-01
-4.619012210762660775e-01
-4.619542013349207665e-01
-4.620074823210693626e-01
-4.620610315144833558e-01
-4.621148144793503221e-01
-4.621687952218719864e-01
-4.622229365365357889e-01
-4.622772003369279292e-01
-4.623315479667546857e-01
-4.623893603305510025e-01
-4.626643840247036121e-01
-4.630616747099524089e-01
-4.631163063108941214e-01
-4.631708885085886185e-01
-4.632245739039877463e-01
-4.632704083919094717e-01
-4.633041579909767949e-01
-4.633274923689013614e-01
-4.633440395286183011e-01
-4.633562299098940573e-01
-4.633632914940734038e-01
-4.633772023005968133e-01
-4.633912183359273906e-01
-4.634120291709993289e-01
-4.634491173082024851e-01
-4.634966709519716122e-01
-4.635571495123447239e-01
-4.636241293071087788e-01
-4.636885011929674505e-01
-4.637870520442022859e-01
-4.639250748625707854e-01
-4.641062781504084467e-01
-4.643340444307811898e-01
-4.646115149805690736e-01
-4.649416424245066404e-01
-4.653272226521281141e-01
-4.657709142842677008e-01
-4.662752495669477693e-01
-4.668426418153649449e-01
-4.674753878134122465e-01
-4.681756705602101443e-01
-4.689455606325835801e-01
-4.697870171566143616e-01
-4.707018886579451000e-01
-4.716919135510559968e-01
-4.727587213208225836e-01
-4.739038343567943401e-01
-4.751286684624677625e-01
-4.764345334625327277e-01
-4.778226349375446214e-01
-4.792940756115038892e-01
-4.808498566628320314e-01
-4.824908789871963366e-01
-4.842179440809879498e-01
-4.860317548202277016e-01
-4.879329193532402353e-01
-4.899219485478737424e-01
-4.919992578261476179e-01
-4.941651681994621015e-01
-4.964199068349151034e-01
-4.987636075332144703e-01
-5.011963110495234464e-01
-5.037179654776731130e-01
-5.063284268059361493e-01
-5.090274596331911816e-01
-5.118147380470715602e-01
-5.146898466702538588e-01
-5.176522818796830405e-01
-5.207014531979633487e-01
-5.238366848476886384e-01
-5.270572174491594541e-01
-5.303622098306080002e-01
-5.337507409083491750e-01
-5.372218115828238938e-01
-5.407743465856941212e-01
-5.444071962034652268e-01
-5.481191377948555488e-01
-5.519088793671694804e-01
-5.557750535589581764e-01
-5.597162240679091072e-01
-5.637308844289404819e-01
-5.678174564937535918e-01
-5.719742888207783871e-01
-5.761996543087368750e-01
-5.804917468916716006e-01
-5.848486806047663578e-01
-5.892684732143238513e-01
-5.937490509934926219e-01
-5.982882372173035090e-01
-6.028837434104585835e-01
-6.075331635523657514e-01
-6.122339513939024647e-01
-6.169834219788188356e-01
-6.217787385344578643e-01
-6.266168912223587517e-01
-6.314946920679812559e-01
-6.364087676207266231e-01
-6.413555315741035212e-01
-6.463311906983126853e-01
-6.513317350836298480e-01
-6.563529192932159306e-01
-6.613902769650019664e-01
-6.664391053127018960e-01
-6.714944832647833373e-01
-6.765512703768133962e-01
-6.816041233747303085e-01
-6.866475190077339086e-01
-6.916757780017666057e-01
-6.966830779746928659e-01
-7.016634931028492561e-01
-7.066110054184648881e-01
-7.115195784481399555e-01
-7.163831562995075508e-01
-7.211957112819448179e-01
-7.259513036245071049e-01
-7.306440885434425381e-01
-7.352683748592554469e-01
-7.398186532449309016e-01
-7.442896286428247743e-01
-7.486762505531735501e-01
-7.529737410920773755e-01
-7.571776205704524587e-01
-7.612837542810362290e-01
-7.652883111688838502e-01
-7.691877706026187811e-01
-7.729790163576830686e-01
-7.766592980596618290e-01
-7.802262381723572560e-01
-7.836778344366899240e-01
-7.870124569532027659e-01
-7.902288456112757098e-01
-7.933260998923261642e-01
-7.963036711992337313e-01
-7.991613513055803031e-01
-8.018991890511717457e-01
-8.045176372326257042e-01
-8.070186569431960777e-01
-8.094038917221331175e-01
-8.116740653311457221e-01
-8.138301815327112498e-01
-8.158735020018774708e-01
-8.178055233497038001e-01
-8.196279529341425896e-01
-8.213426841812417889e-01
-8.229517719230816652e-01
-8.244574081218688510e-01
-8.258618982739891479e-01
-8.271676388064952423e-01
-8.283770959196015138e-01
-8.294927860554203169e-01
-8.305172612469623461e-01
-8.314531001848439740e-01
-8.323028989332943439e-01
-8.330692489025138814e-01
-8.337547087831101988e-01
-8.343617901529998271e-01
-8.348929532461969449e-01
-8.353506051523735820e-01
-8.357371004312623697e-01
-8.360547441770226351e-01
-8.363057975079508655e-01
-8.364924853876531952e-01
-8.366170061633233512e-01
-8.366815425253241179e-01
-8.366882750329054375e-01
-8.366393979886364018e-01
-8.365371355632746919e-01
-8.363837574884607218e-01
-8.361815938856838049e-01
-8.359337432821203340e-01
-8.356444555218081049e-01
-8.353181117105149545e-01
-8.349585637941860927e-01
-8.345691958695503621e-01
-8.341529984422897392e-01
-8.337126451643978031e-01
-8.332505241804563090e-01
-8.327687802218470825e-01
-8.322693828746050571e-01
-8.317541887341839413e-01
-8.312247738348544912e-01
-8.306823660828318578e-01
-8.301281891118418299e-01
-8.295636929283970451e-01
-8.289905670906132507e-01
-8.284129111541115309e-01
-8.278344690794062766e-01
-8.272572042168652162e-01
-8.266830099970312595e-01
-8.261137051543612220e-01
-8.255514234123549899e-01
-8.250904325203796130e-01
-8.248071493887140226e-01
-8.247010591756847031e-01
-8.247709796854690856e-01
-8.250147717332663166e-01
-8.254290577183671651e-01
-8.260091515646744709e-01
-8.267489729381627406e-01
-8.276409206499407700e-01
-8.286757462913041383e-01
-8.298425143147590832e-01
-8.311285787596062180e-01
-8.325195797963133026e-01
-8.339994661117343666e-01
-8.355505519848884788e-01
-8.371536207872417590e-01
-8.387880888741031660e-01
-8.404322451531685001e-01
-8.420635816864229239e-01
-8.436592284470778580e-01
-8.451964997137297875e-01
-8.466535509107857571e-01
-8.480101286190891985e-01
-8.492483751886795718e-01
-8.503536324216666165e-01
-8.513151759740809066e-01
-8.521268054822728200e-01
-8.527872204403793566e-01
-8.533001288416446339e-01
-8.536740610002699903e-01
-8.539218489780866506e-01
-8.540597157869371792e-01
-8.541060856025292081e-01
-8.540803560662967309e-01
-8.540017484951183402e-01
-8.538882502179497846e-01
-8.537556571438182917e-01
-8.536167170778180546e-01
-8.534803681901009798e-01
-8.533510640494328392e-01
-8.532281765220174341e-01
-8.531054704612209827e-01
-8.529706487715845720e-01
-8.528049737248364348e-01
-8.525829799446233981e-01
-8.522723063760963003e-01
-8.518336952988572186e-01
-8.512212152692969491e-01
-8.503827689747561758e-01
-8.492609568431326306e-01
-8.477943691822136252e-01
-8.459193667897797475e-01
-8.435723746363303910e-01
-8.406926477287698374e-01
-8.372253714091545396e-01
-8.331248434850918594e-01
-8.283573859999527889e-01
-8.229035975152021454e-01
-8.167596218213108994e-01
-8.147546742633897665e-01
-8.143924778841417078e-01
-8.136502059930322828e-01
-8.125358186394312510e-01
-8.110634549434314611e-01
-8.092516865310611651e-01
-8.071235122369657677e-01
-8.047063072919253823e-01
-8.020317343572642699e-01
-7.991356254407581128e-01
-7.960578414592479612e-01
-7.928421130291667396e-01
-7.895358627336174218e-01
-7.861900061377654625e-01
-7.828587264263708878e-01
-7.795992156290639796e-01
-7.764713735885361290e-01
-7.735374534231124199e-01
-7.708616380869712792e-01
-7.685095251125619864e-01
-7.665474840376349519e-01
-7.650418321382203013e-01
-7.640577486100615934e-01
-7.636578161323517300e-01
-7.639000462049267970e-01
-7.648352227709478424e-01
-7.665034101787704390e-01
-7.689295530778097465e-01
-7.721182945938697140e-01
-7.760392530148287893e-01
-7.806178784693535988e-01
-7.857427168355847202e-01
-7.912753350938749319e-01
-7.970612331629256531e-01
-8.029434089854745604e-01
-8.087758539584231077e-01
-8.144344780946037865e-01
-8.198241039613172187e-01
-8.248815082279992161e-01
-8.295754286574673619e-01
-8.339048009196383671e-01
-8.378963281811140362e-01
-8.413309770873151905e-01
-8.442039163441500405e-01
-8.467865762729470669e-01
-8.495153286064308640e-01
-8.521372413525554190e-01
-8.546823873344671085e-01
-8.571582918101513515e-01
-8.595620800782276527e-01
-8.618839458610432214e-01
-8.641115203346479978e-01
-8.662332233104531598e-01
-8.682387687413990474e-01
-8.701203886389332620e-01
-8.718734026084543620e-01
-8.734961966845976589e-01
-8.749901380785435334e-01
-8.763593920394930903e-01
-8.776108585102219140e-01
-8.787535229975865780e-01
-8.797983199671451926e-01
-8.807580364274862905e-01
-8.816469031848068738e-01
-8.824802711007271316e-01
-8.832742895713320275e-01
-8.840456051591382147e-01
-8.848110835777349692e-01
-8.855875557586750935e-01
-8.863915898758418788e-01
-8.872392896031751075e-01
-8.881461186289885124e-01
-8.891267513656390120e-01
-8.901949478989010789e-01
-8.913634540597908940e-01
-8.926439243164632220e-01
-8.940468651216930684e-01
-8.955815973119052309e-01
-8.972668171680185933e-01
-8.990963278877115439e-01
-9.010753722409582389e-01
-9.032090078158258040e-01
-9.055009298052756339e-01
-9.079535647673144805e-01
-9.105681442322548502e-01
-9.133447639028368092e-01
-9.162824301822006801e-01
-9.193790966296736533e-01
-9.226316908457143917e-01
-9.260361349926573560e-01
-9.295873584337189799e-01
-9.332793059103838829e-01
-9.371049430573301642e-01
-9.410562599221032887e-01
-9.451242761085026922e-01
-9.492990471458268020e-01
-9.535696749743539646e-01
-9.574563148208732333e-01
-9.576298069611186570e-01
-9.579098896489496306e-01
-9.580937666279263354e-01
-9.585802515167997084e-01
-9.591662624128611814e-01
-9.596613090542058799e-01
-9.601328661183198276e-01
-9.606286948187998664e-01
-9.610761789047524983e-01
-9.617330248323130437e-01
-9.622555098648426508e-01
-9.629799991588029462e-01
-9.637471768702456920e-01
-9.644643786914467443e-01
-9.651981186450930839e-01
-9.660055566264194038e-01
-9.667674933250754998e-01
-9.675893013591011504e-01
-9.685250522703251486e-01
-9.696441535527500211e-01
-9.704937970253154633e-01
-9.716278558043968117e-01
-9.725897396912414061e-01
-9.735363926893365605e-01
-9.745345982120876549e-01
-9.754160834679350689e-01
-9.755702820170124578e-01
-9.758603239501789650e-01
-9.762622234677170718e-01
-9.767915689350017416e-01
-9.773285199923764655e-01
-9.779188135024575734e-01
-9.785222390115244639e-01
-9.791315325240057543e-01
-9.797621498000180784e-01
-9.803622167543327715e-01
-9.809247434394019471e-01
-9.814391522566767723e-01
-9.818979258381066444e-01
-9.822868386238050586e-01
-9.825905175561224780e-01
-9.827921022824961383e-01
-9.828722961647080592e-01
-9.828060732162270385e-01
-9.826015292896422837e-01
-9.825732432302831665e-01
-9.820933149281864116e-01
-9.814343362374406965e-01
-9.807423502031114015e-01
-9.801629953873981504e-01
-9.795245554774484331e-01
-9.792197712525106956e-01
-9.792102640391041612e-01
-9.792122915200213162e-01
-9.792181476771264492e-01
-9.792277872887138468e-01
-9.792412313711459371e-01
-9.792584852115583383e-01
-9.792795185406354408e-01
-9.793042388700539114e-01
-9.793325190845085793e-01
-9.793642020373236612e-01
-9.793991035589406646e-01
-9.794370204289020165e-01
-9.794777368840535958e-01
-9.795210299999960180e-01
-9.795666738554992259e-01
-9.796144427369247731e-01
-9.796641139793527131e-01
-9.797154694892353799e-01
-9.797683008762206880e-01
-9.798223940264307874e-01
-9.798775548396592150e-01
-9.799335958838611971e-01
-9.799903358938989451e-01
-9.800476018946066015e-01
-9.801052291138431238e-01
-9.801630609061108279e-01
-9.802209486131345795e-01
-9.802787513554561682e-01
-9.803363360033853224e-01
-9.803935771050236170e-01
-9.804502439300331051e-01
-9.805064670666383542e-01
-9.805622010030182745e-01
-9.806173963984647912e-01
-9.806720130346708864e-01
-9.807260123609086166e-01
-9.807793574424990002e-01
