2.961366359741099408e-02
2.808025713494877174e-02
2.601081750350522914e-02
2.325088324517993188e-02
1.982582992805528854e-02
1.680000067078299408e-02
1.680006885894197444e-02
1.680014683655772778e-02
1.680022986823764830e-02
1.680032378453333308e-02
1.680042075980300864e-02
1.680053588328112024e-02
1.680066216248815580e-02
1.680080065761968555e-02
1.680094962668554626e-02
1.680111654158344958e-02
1.680128788665868900e-02
1.680147047914257175e-02
1.680166289950082992e-02
1.680186310403050665e-02
1.680207908169789599e-02
1.680230573847998898e-02
1.680254287146365488e-02
1.680279025814671034e-02
1.680304765922735477e-02
1.680331248928340626e-02
1.680358937676387776e-02
1.680387547961725847e-02
1.680417050618879249e-02
1.680447297955373065e-02
1.680478508282581829e-02
1.680510518388064756e-02
1.680543235020454107e-02
1.680576735298924818e-02
1.680610956906505860e-02
1.680645846105657815e-02
1.680681368915096230e-02
1.680717428972713923e-02
1.680754121634051024e-02
1.680791345421833727e-02
1.680829066084973955e-02
1.680867249502254746e-02
1.680905798601564638e-02
1.680944809285075947e-02
1.680984181817185563e-02
1.681023883092969129e-02
1.681063880408870115e-02
1.681104141488118375e-02
1.681144634520789771e-02
1.681185258604844801e-02
1.681226124752630002e-02
1.681267130702424062e-02
1.681308246814949836e-02
1.681349444076363220e-02
1.681390694102249950e-02
1.681431969153093786e-02
1.681473242146908076e-02
1.681514486668450603e-02
1.681555676975951541e-02
1.681596788004058318e-02
1.681637795364723797e-02
1.681678675344885909e-02
1.681719404900994252e-02
1.681759961652010138e-02
1.681800323868681835e-02
1.681840470461062886e-02
1.681880380963446386e-02
1.681920035829337357e-02
1.681959416103490090e-02
1.681998502459020051e-02
1.682037276105985413e-02
1.682075719713846396e-02
1.682113816449093413e-02
1.682151549629445908e-02
1.682188903010187198e-02
1.682225860754757440e-02
1.682262407403944948e-02
1.682298527845746405e-02
1.682334207283975314e-02
1.682369431206673371e-02
1.682404185354829940e-02
1.682438455690329904e-02
1.682472228365464173e-02
1.682505489691271672e-02
1.682538226107410662e-02
1.682570424152818322e-02
1.682602070435906816e-02
1.682633151607043631e-02
1.682663654331215120e-02
1.682693565261914048e-02
1.682722927612836927e-02
1.682751610109381457e-02
1.682779660522387699e-02
1.682807065239250166e-02
1.682833810508035932e-02
1.682859882434781240e-02
1.682885266966910320e-02
1.682909949876812417e-02
1.682933953359172508e-02
1.682957184890176983e-02
1.682979671073536743e-02
1.683001396867067623e-02
1.683022346979620720e-02
1.683042518268995646e-02
1.683061870478561040e-02
1.683080395421845954e-02
1.683098081271552915e-02
1.683114927313686393e-02
1.683130858398071417e-02
1.683144500459859971e-02
1.683158727735284410e-02
1.683172220624026827e-02
1.683184799905676488e-02
1.683194628684525629e-02
1.683204879827349121e-02
1.683214789678824652e-02
1.683223854736382030e-02
1.683231652171779391e-02
1.683238065678457906e-02
1.683243628832900574e-02
1.683247745631510917e-02
1.683250746368128437e-02
1.683252703009965878e-02
1.683253635656073444e-02
1.683253389875224992e-02
1.683251830148452255e-02
1.683249113246501616e-02
1.683276104532333006e-02
1.683424005759598385e-02
1.683566082402682129e-02
1.683707253794572423e-02
1.683847820935310824e-02
1.683987206229548006e-02
1.684126815629100049e-02
1.684266002705880894e-02
1.684404755733431847e-02
1.684543061956789156e-02
1.684680907684271700e-02
1.684817996621110203e-02
1.684954846214073432e-02
1.685090445802536752e-02
1.685226211327828238e-02
1.685361433163620748e-02
1.685496091749660863e-02
1.685630166478024883e-02
1.685763635693282581e-02
1.685896476687509526e-02
1.686028665697961171e-02
1.686160177909171165e-02
1.686290987458527457e-02
1.686421067447194111e-02
1.686550213365964335e-02
1.686678734672822366e-02
1.686806439677096536e-02
1.686933297525447517e-02
1.687058546905745304e-02
1.687183590662258426e-02
1.687307690220396506e-02
1.687430811436316236e-02
1.687552919446194677e-02
1.687673978738185587e-02
1.687793953221042309e-02
1.687912806297783841e-02
1.688030500942935830e-02
1.688146999786127589e-02
1.688262265197917888e-02
1.688376259380214295e-02
1.688488944460042607e-02
1.688600282585639434e-02
1.688710236025678380e-02
1.688818767269392729e-02
1.688925839129545858e-02
1.689031414844452406e-02
1.689135458181964533e-02
1.689237933542447889e-02
1.689338806060700082e-02
1.689438041707522209e-02
1.689535607388370497e-02
1.689631471040317634e-02
1.689725601726219106e-02
1.689817969725188052e-02
1.689908546619028895e-02
1.689997305375218195e-02
1.690084220424509232e-02
1.690169267733512837e-02
1.690252424872162873e-02
1.690333671075536226e-02
1.690412987298892111e-02
1.690490459186261285e-02
1.690565868444482422e-02
1.690639949122102470e-02
1.690711369927627716e-02
1.690780790429319280e-02
1.690848202711331405e-02
1.690913600794405336e-02
1.690976980631936355e-02
1.691038340104958348e-02
1.691098301476742782e-02
1.691155567264604476e-02
1.691211036586393046e-02
1.691264251120166984e-02
1.691315458791978199e-02
1.691364878977233421e-02
1.691412675495834739e-02
1.691457716256700161e-02
1.691500790741348736e-02
1.691541913169250511e-02
1.691581101130545939e-02
1.691619975695038414e-02
1.691658343664081965e-02
1.691692295800081847e-02
1.691724097413702110e-02
1.691753887354371932e-02
1.691781657430357910e-02
1.691807400210412760e-02
1.691831070556867878e-02
1.691852297412471673e-02
1.691871292258401160e-02
1.691889062041732061e-02
1.691904308387823241e-02
1.691917305063220245e-02
1.691928214023630250e-02
1.691937110908250941e-02
1.691944035327877516e-02
1.691949012072363479e-02
1.691952059869328284e-02
1.691953194807882532e-02
1.691952428657372831e-02
1.691955847837398053e-02
1.691952647022246237e-02
1.691943597392114862e-02
1.691931441553268245e-02
1.691916157420114697e-02
1.691897952107809799e-02
1.691876812197037894e-02
1.691852800497475884e-02
1.691825982236377923e-02
1.691796414934126913e-02
1.691783644922165153e-02
1.691807004938203352e-02
1.691883093986681907e-02
1.692044139308310213e-02
1.692331959307216693e-02
1.692794083800278071e-02
1.693481286349110548e-02
1.694446152903170133e-02
1.695741675863857156e-02
1.697421164013657169e-02
1.699537305491599648e-02
1.702142292928374157e-02
1.705287519826165221e-02
1.709023509824664222e-02
1.713399847622767980e-02
1.718465134757138357e-02
1.724266960858256148e-02
1.730852021360412829e-02
1.738265838951044695e-02
1.746552751037894202e-02
1.755756134479477537e-02
1.765918277294925565e-02
1.777080390730553794e-02
1.789282717200993411e-02
1.802564270089074272e-02
1.816962801943655670e-02
1.832515130176454177e-02
1.849256748644481640e-02
1.867222006493807207e-02
1.886443922818870078e-02
1.906954039061561912e-02
1.928782723250491160e-02
1.951959014575402329e-02
1.976510541524414966e-02
2.002463597200662693e-02
2.029842671973677848e-02
2.058670627800265884e-02
2.088968612177879991e-02
2.120756138132909308e-02
2.154050631613579903e-02
2.188867372531191902e-02
2.225219612451695417e-02
2.263118597856553227e-02
2.302572851700743217e-02
2.343588520645847884e-02
2.386169191267481504e-02
2.430315738821808846e-02
2.476026366819741864e-02
2.523296193208768301e-02
2.572117161665718466e-02
2.622478124058294502e-02
2.674364612198587565e-02
2.727758767201299284e-02
2.782639239948783705e-02
2.838981226902942412e-02
2.896756151878196461e-02
2.955931630755598283e-02
3.016471596956812884e-02
3.078336155657993012e-02
3.141481604097343117e-02
3.205860428896539771e-02
3.271421322768908180e-02
3.338109220725954396e-02
3.405865355831960706e-02
3.474627334445526405e-02
3.544329230735371317e-02
3.614901700083525404e-02
3.686272110805158264e-02
3.758364693430266135e-02
3.831100706615908624e-02
3.904398618593171721e-02
3.978174302904097237e-02
4.052341247054708218e-02
4.126810772601677280e-02
4.201492265104200818e-02
4.276293412309908892e-02
4.351120448905063109e-02
4.425878295421223352e-02
4.500471139615377925e-02
4.574802257918197945e-02
4.648774675348299468e-02
4.722291142925635898e-02
4.795254503605994589e-02
4.867567894960547759e-02
4.939134872956144062e-02
5.009859891137935506e-02
5.079648478246095999e-02
5.148407303938315471e-02
5.216044456177834632e-02
5.282469328082542437e-02
5.347593694087707239e-02
5.411331118557810571e-02
5.473597267427429691e-02
5.534310064658420902e-02
5.593390086163305130e-02
5.650760215303668454e-02
5.706346313033161533e-02
5.760076878002171052e-02
5.811883311572474398e-02
5.861699952250246093e-02
5.909464215037160684e-02
5.955116550074143755e-02
5.998600550683710897e-02
6.039862928631603567e-02
6.078853823111299293e-02
6.115526585523153869e-02
6.149837943623448488e-02
6.181748007615828211e-02
6.211220184073953932e-02
6.238221209107991383e-02
6.262721014115796292e-02
6.284692916259457252e-02
6.304113577215370023e-02
6.320962879105493371e-02
6.335223956661867328e-02
6.346883124749530536e-02
6.355929682288080640e-02
6.362356272940303259e-02
6.366158517746511869e-02
6.367335084372868770e-02
6.365887583021520579e-02
6.361820514173535668e-02
6.355141143212675314e-02
6.345859576006943059e-02
6.333988660637682178e-02
6.319543863553145346e-02
6.302543287418604923e-02
6.283007552400521334e-02
6.260959737750790288e-02
6.236425323146307931e-02
6.209432130423672702e-02
6.180010266272387143e-02
6.148192066315710802e-02
6.114012040881725008e-02
6.077506822652561924e-02
6.038715116280019002e-02
5.997677649967844693e-02
5.954437128942363655e-02
5.909038077321190907e-02
5.861527091250132160e-02
5.811952529587163796e-02
5.760364601597267598e-02
5.706815270855744582e-02
5.651358219304458697e-02
5.594048809710874814e-02
5.534944046652831573e-02
5.474102535979241679e-02
5.411584442569505882e-02
5.347451446138873354e-02
5.281766694796752315e-02
5.214594756049034663e-02
5.146001564934926664e-02
5.076054369000540523e-02
5.004821670394543620e-02
4.932373165079134703e-02
4.858779677977051459e-02
4.784113093253636317e-02
4.708446279757916297e-02
4.631853011737405157e-02
4.554407884901526260e-02
4.476186227897424597e-02
4.397264009269996610e-02
4.317717739998011561e-02
4.237624371724993400e-02
4.157061190835556475e-02
4.076105708561275631e-02
3.994835547335917614e-02
3.913328323654380325e-02
3.831661527724417038e-02
3.749912400233110232e-02
3.668157806581459623e-02
3.586474108969175956e-02
3.504937063356228233e-02
3.423621749634775391e-02
3.342602143574335827e-02
3.261951260591935964e-02
3.181740965714446867e-02
3.102041839131314260e-02
3.022923043188546766e-02
2.944452191791213647e-02
2.866695222365417406e-02
2.789716270616948712e-02
2.713577548367920866e-02
2.638339224765448576e-02
2.564059311143937481e-02
2.490793549790926154e-02
2.418595306818868695e-02
2.347515469284275347e-02
2.277602498591249636e-02
2.208901922652370398e-02
2.141456613544520660e-02
2.075306573436652702e-02
2.010488882903890828e-02
1.947037619336633441e-02
1.884983778719404035e-02
1.824355277456649049e-02
1.765176779783500516e-02
1.709614286498714608e-02
1.709775952622560879e-02
1.709669458357318539e-02
1.709693092762504252e-02
1.709717276783234707e-02
1.709739968794343756e-02
1.709761928472236514e-02
1.709783089895386410e-02
1.709803587508873512e-02
1.709823503252611010e-02
1.709842883521950352e-02
1.709861758026309797e-02
1.709880148302983516e-02
1.709898071721238644e-02
1.709915543514317626e-02
1.709932577936584819e-02
1.709949189021581217e-02
1.709965391148193792e-02
1.709984865869215720e-02
1.709998778846227863e-02
1.710010837388151184e-02
1.710021387273613636e-02
1.710030563208933541e-02
1.710038266310176525e-02
1.710045368036100522e-02
1.710051509423057836e-02
1.710056768345494249e-02
1.710061213965410887e-02
1.710064908168046349e-02
1.710067906483114797e-02
1.710070323550724747e-02
1.710071989312139662e-02
1.710072985902319487e-02
1.710073335524353588e-02
1.710073057921371320e-02
1.710072201088247423e-02
1.710070718291686886e-02
1.710068655529550785e-02
1.710066383567324100e-02
1.710063179812162937e-02
1.710059428521520930e-02
1.710055138606955683e-02
1.710050317919772911e-02
1.710045161220064003e-02
1.710039283151834621e-02
1.710032891965521107e-02
1.710026403452613586e-02
1.710019611125054850e-02
1.710011530202673602e-02
1.710002949020666962e-02
1.709993866245587690e-02
1.709984283494470070e-02
1.709974201836494956e-02
1.709963678124129527e-02
1.709952445679382982e-02
1.709940098941312159e-02
1.709926937906733335e-02
1.709913135021193242e-02
1.709899979543766380e-02
1.709887214233601904e-02
1.709873194562647192e-02
1.709858335174818667e-02
1.709842819947859915e-02
1.709826726117183449e-02
1.709812536887814205e-02
1.709796646603228831e-02
1.709779713028858339e-02
1.709762019233715402e-02
1.709743683918799051e-02
1.709724754461805496e-02
1.709705247167603304e-02
1.709685164685836867e-02
1.709664503554161885e-02
1.709645365494763536e-02
1.709624526556419166e-02
1.709602602225687717e-02
1.709579853369314062e-02
1.709556387364735697e-02
1.709532244950376367e-02
1.709507437896445881e-02
1.709481965359699318e-02
1.709455820999769560e-02
1.709428996092851594e-02
1.709401480911895699e-02
1.709373265357194693e-02
1.709344339263693668e-02
1.709314692569124938e-02
1.709284315423595380e-02
1.709253198274424124e-02
1.709221331941343514e-02
1.709188707687994691e-02
1.709155317292110343e-02
1.709121153115400471e-02
1.709086208172910792e-02
1.709050476201817714e-02
1.709013951729260183e-02
1.708976630138411834e-02
1.708938507732948864e-02
1.708899581798753453e-02
1.708859850662816648e-02
1.708819313748716207e-02
1.708777971628233638e-02
1.708735826068730201e-02
1.708692880075818321e-02
1.708649137931050888e-02
1.708603709677763982e-02
1.708557141562824788e-02
1.708510634511159476e-02
1.708502036400066926e-02
1.708522861969410944e-02
1.708540731416485770e-02
1.708558184391403834e-02
1.708585822619831940e-02
1.708631795760090499e-02
1.708678501058497057e-02
1.708725430176505355e-02
1.708772343924688797e-02
1.708819118833121431e-02
1.708865681408960890e-02
1.708910644383937472e-02
1.708954812395135914e-02
1.708998594874941435e-02
1.709041220479121104e-02
1.709084028155063995e-02
1.709126394958204731e-02
1.709168135876495964e-02
1.709208997980196654e-02
1.709249805842347203e-02
1.709290078259820267e-02
1.709329794880301567e-02
1.709368936668612116e-02
1.709407485940878102e-02
1.709445329714054385e-02
1.709482106508652954e-02
1.709518745843480181e-02
1.709554735909615819e-02
1.709590065718286089e-02
1.709624725521935451e-02
1.709658706800390449e-02
1.709692002222726326e-02
1.709724605605827952e-02
1.709756511870264006e-02
1.709787716991426065e-02
1.709818217949934938e-02
1.709848012679321405e-02
1.709877045422411590e-02
1.709905423443272565e-02
1.709932563396740490e-02
1.709959514530781655e-02
1.709985761914781244e-02
1.710011308060932489e-02
1.710036156036326416e-02
1.710060309419186853e-02
1.710083772247836253e-02
1.710106548969489437e-02
1.710128644391678554e-02
1.710150063635820783e-02
1.710170812092270953e-02
1.710190895377960985e-02
1.710210319296476267e-02
1.710229089799636393e-02
1.710247212952720197e-02
1.710264694900254234e-02
1.710281649831213446e-02
1.710298022261164119e-02
1.710313733562165983e-02
1.710328709287314841e-02
1.710342875062620394e-02
1.710356155148518020e-02
1.710368471254014588e-02
1.710379741558781808e-02
1.710389879907012189e-02
1.710398795143053263e-02
1.710406390561783341e-02
1.710412563452953782e-02
1.710417204721265128e-02
1.710420198568063377e-02
1.710421422222779819e-02
1.710420745712562529e-02
1.710418031664565075e-02
1.710413135131888529e-02
1.710405903438783071e-02
1.710396176041417693e-02
1.710383784398569751e-02
1.710368551852073371e-02
1.710350293511617159e-02
1.710328816144818243e-02
1.710303918068747930e-02
1.710275389027601789e-02
1.710243010131465291e-02
1.710206553704141097e-02
1.710165783188563604e-02
1.710120453035632315e-02
1.710070308590405652e-02
1.710015085975905014e-02
1.709954511973149627e-02
1.709888303898191020e-02
1.709816169474881464e-02
1.709737806704292318e-02
1.709652903729441675e-02
1.709561138696358285e-02
1.709462179609902432e-02
1.709355684186189550e-02
1.709241299699393313e-02
1.709118692107580717e-02
1.708987881464582581e-02
1.708847637687166410e-02
1.708697933995265150e-02
1.708538414722679533e-02
1.708368661055456594e-02
1.708188242512556632e-02
1.707996716774681789e-02
1.707793629515133582e-02
1.707578514117022439e-02
1.707350891543904514e-02
1.707110270102091265e-02
1.706856592540390016e-02
1.706588482033746801e-02
1.706305733645258060e-02
1.706007888044350218e-02
1.705692745735160054e-02
1.705358306926627043e-02
1.705008773810437472e-02
1.704642065677866580e-02
1.704257015475629800e-02
1.703852831859273276e-02
1.703430204163849937e-02
1.702987283488108239e-02
1.702523754294452130e-02
1.702038975284234090e-02
1.701532194800137177e-02
1.701002911443530441e-02
1.700456371353209484e-02
1.699892458339616330e-02
1.699310989270003125e-02
1.698711771321875785e-02
1.698094607292144342e-02
1.697482091415308814e-02
1.697890414097658063e-02
1.698497642930163476e-02
1.699073792245908709e-02
1.699635706084273723e-02
1.700183185707909717e-02
1.700714183125179302e-02
1.701229329855605266e-02
1.701726079015511428e-02
1.702265854617188157e-02
1.703172782204762092e-02
1.704859173038125730e-02
1.707692340008820642e-02
1.712005886262654708e-02
1.718108426190217974e-02
1.726289202195580019e-02
1.736821784993913820e-02
1.749966736908939446e-02
1.765973469463347212e-02
1.785081614686265250e-02
1.807522123955304649e-02
1.833518099526043610e-02
1.863285382681889590e-02
1.897032767515000051e-02
1.934961938176910090e-02
1.977267061757762012e-02
2.024133914826836689e-02
2.075738582338118587e-02
2.132245664070628322e-02
2.193805890432842798e-02
2.260553204418955242e-02
2.332601314573076734e-02
2.410039662058463539e-02
2.492929154218515020e-02
2.581297317072492326e-02
2.675133339018154199e-02
2.774383148178155567e-02
2.878944524906790203e-02
2.988662809335240755e-02
3.103326917929938311e-02
3.222666188016923283e-02
3.346348120695941120e-02
3.473977167800004762e-02
3.605094815392340113e-02
3.739180806026731752e-02
3.875655702185787366e-02
4.013884691920005521e-02
4.153182610726594004e-02
4.292820153368684388e-02
4.432031046232762228e-02
4.570020054911821950e-02
4.705971635653977136e-02
4.839059025472203235e-02
4.968453559821617294e-02
5.093334009667702111e-02
5.212895742835643720e-02
5.326359519135168141e-02
5.432979753775174503e-02
5.532052194212919161e-02
5.622920773539957784e-02
5.704983630011051243e-02
5.777698232744998830e-02
5.840585660953900859e-02
5.893233953141951975e-02
5.935300429080969664e-02
5.966513277440543828e-02
5.986672186571392884e-02
5.995647947406609890e-02
5.993381670848008103e-02
5.979883646558781241e-02
5.955231777292979700e-02
5.919569411702266248e-02
5.873103002854190846e-02
5.816099399796970104e-02
5.748883097349163918e-02
5.671833248567242913e-02
5.585380648360069311e-02
5.490004531579856240e-02
5.386229357885183311e-02
5.274621328636192041e-02
5.155784915841482574e-02
5.030359041356413652e-02
4.899013077153341333e-02
4.762442627747145996e-02
4.621364960213761308e-02
4.476514242654219822e-02
4.328636448673189863e-02
4.178484094952844563e-02
4.026810198449559675e-02
3.874334866318054904e-02
3.721744262873163955e-02
3.569731506707446433e-02
3.418980794990697514e-02
3.270159124504501413e-02
3.123904136348340521e-02
2.980813673159252164e-02
2.841436338107608539e-02
2.706262569406950313e-02
2.575715884401352795e-02
2.450144029624332087e-02
2.329809820714512369e-02
2.214881485162686903e-02
2.105422371784648750e-02
2.001379743413239654e-02
1.902572872959173989e-02
1.808680068294596377e-02
1.709092193120820280e-02
1.708920384239032142e-02
1.708734358293623190e-02
1.708535424611962172e-02
1.708323521440333059e-02
1.708099045912228608e-02
1.707861183062636679e-02
1.707610446408469596e-02
1.707346909663437495e-02
1.707070647859287860e-02
1.706781729045803164e-02
1.706480207198254884e-02
1.706166162658706575e-02
1.705839933489264326e-02
1.705500635605883275e-02
1.705148698330835599e-02
1.704784469034809069e-02
1.704407313275962954e-02
1.704016268470762152e-02
1.703611991529227487e-02
1.703194920444636717e-02
1.702764397769068738e-02
1.702319760008924598e-02
1.701861393719780735e-02
1.701355572037271946e-02
1.700838450502334398e-02
1.700311736876647384e-02
1.699773478605032251e-02
1.699221660220218144e-02
1.698654368166377382e-02
1.698070171650484239e-02
1.697754090012246198e-02
1.698548874864400093e-02
1.699289980709003944e-02
1.700002893667537651e-02
1.700688015940504672e-02
1.701343952542652693e-02
1.701968935585310150e-02
1.702561764991511462e-02
1.703120025633461654e-02
1.703642760086776509e-02
1.704128744968305686e-02
1.704576930737838891e-02
1.704986453180981631e-02
1.705356643108552062e-02
1.705687034394157142e-02
1.705977370541955640e-02
1.706227618060834894e-02
1.706438326618298085e-02
1.706609127856498209e-02
1.706741036239570186e-02
1.706834907461693418e-02
1.706891827951070861e-02
1.706913116199271219e-02
1.706900323055413060e-02
1.706855230545367696e-02
1.706779848679379485e-02
1.706676409642299275e-02
1.706547358740281850e-02
1.706552875994513108e-02
1.707125474867290937e-02
1.707613274067640297e-02
1.708057786584002424e-02
1.708464887238478336e-02
1.708835581270931603e-02
1.709171910836557173e-02
1.709474995161108790e-02
1.709746298511402585e-02
1.709987269566998203e-02
1.710199306884443993e-02
1.710383493554062939e-02
1.710541000122781097e-02
1.710675789705481953e-02
1.710788596826334773e-02
1.710880691659194541e-02
1.710952872700124971e-02
1.711005890270900220e-02
1.711039315593507193e-02
1.711053119844171966e-02
1.711047506101048832e-02
1.711021981203517117e-02
1.710976574580208576e-02
1.710910515474300952e-02
1.710823606498551586e-02
1.710715078012295387e-02
1.710584226828798515e-02
1.710430082916572503e-02
1.710252117306898523e-02
1.710049220931528224e-02
1.709820361564209912e-02
1.709564424639242741e-02
1.709280038273014446e-02
1.708966247484033918e-02
1.708621531452828024e-02
1.708244437021042006e-02
1.707833423185367572e-02
1.707386859064261020e-02
1.706984208565476280e-02
1.706609074743548060e-02
1.706788621501387215e-02
1.708202127350783028e-02
1.707448672303130133e-02
1.707376463150359069e-02
1.711868387534676295e-02
1.713553899022676741e-02
1.713949018449464901e-02
1.714045508502728965e-02
1.714432905039187105e-02
1.715433272876493165e-02
1.717139036594811374e-02
1.719469271387624731e-02
1.722251449422504410e-02
1.725260002058651154e-02
1.728239824052812956e-02
1.730923443935325490e-02
1.733043356924665601e-02
1.734342049883008663e-02
1.734580379702135855e-02
1.733544810121404045e-02
1.731053988731570681e-02
1.726964844340003746e-02
1.721178174973431174e-02
1.713644012566689634e-02
1.704366562427031551e-02
1.711709205903144682e-02
1.744927844261737193e-02
1.776184207406444893e-02
1.803636191832419522e-02
1.826430965204822732e-02
1.844336755459446975e-02
1.857528237983174790e-02
1.866457382451447433e-02
1.871772459291684565e-02
1.874264716201021197e-02
1.874830678891148406e-02
1.874442945663193361e-02
1.874125025371040087e-02
1.874931739667615171e-02
1.877984872727200827e-02
1.884388635609690610e-02
1.895199069130626413e-02
1.911378340054725733e-02
1.933772103605424508e-02
1.963086360720467383e-02
1.999865496254252251e-02
2.044473648531636156e-02
2.097081098284986345e-02
2.157657006587498927e-02
2.225969477584954781e-02
2.301593096065629451e-02
2.383923775719032356e-02
2.472199993756246661e-02
2.565529080648487614e-02
2.662916886212665646e-02
2.763298979406747513e-02
2.865571553552090367e-02
2.968620385454476263e-02
3.071346503069205536e-02
3.172687608824392713e-02
3.271634712314896998e-02
3.367244033531563430e-02
3.458644083082410003e-02
3.545038999237509758e-02
3.625708657673062940e-02
3.700006540040326475e-02
3.767356200131008470e-02
3.827247405754141685e-02
3.879232490011119694e-02
3.922923143888951136e-02
3.957988716719737510e-02
3.984155256728846850e-02
4.001205683678629721e-02
4.008980893580829652e-02
4.007381234823417793e-02
3.996368253757445754e-02
3.975966338507430642e-02
3.946263710729691621e-02
3.907412814789348876e-02
3.859629741267936454e-02
3.803187886893155678e-02
3.738407270075574940e-02
3.665650416043572668e-02
3.585323019827180158e-02
3.497873476120494374e-02
3.403790271538725820e-02
3.303597927453835736e-02
3.197851940873458476e-02
3.087133046439838324e-02
2.972041027397784307e-02
2.853188232840386807e-02
2.731192904067247795e-02
2.606672369075621609e-02
2.480236127943824531e-02
2.352478823688619602e-02
2.223999138337928727e-02
2.096911832483042137e-02
1.970878831553757315e-02
1.845297288260883128e-02
1.720922720916054360e-02
1.634413699604234105e-02
1.635761813281774724e-02
1.637097253897890070e-02
1.638407133492023049e-02
1.639711729891435432e-02
1.640999092343231602e-02
1.642273501730212582e-02
1.643530722734973248e-02
1.644775305370760332e-02
1.646088891168237534e-02
1.647219920040421393e-02
1.648420302135550353e-02
1.649606423021046653e-02
1.650778626004265059e-02
1.651937866454014636e-02
1.653082442727077384e-02
1.654212651478387253e-02
1.655328352942786463e-02
1.656429660053607145e-02
1.657516630224631360e-02
1.658589307404834123e-02
1.659647726583943217e-02
1.660691952341009081e-02
1.661721918340669513e-02
1.662737868579022837e-02
1.663739756220322663e-02
1.664727633099077897e-02
1.665701553758813791e-02
1.666661575605232759e-02
1.667607759010839019e-02
1.668540167409279795e-02
1.669458861988751264e-02
1.670363834904475819e-02
1.671255327635981502e-02
1.672133329248332023e-02
1.672997918084859204e-02
1.673849175321864835e-02
1.674687184874676382e-02
1.675512033305945336e-02
1.676323809748633820e-02
1.677122525400595587e-02
1.677908430520710925e-02
1.678681548475044472e-02
1.679441974363279910e-02
1.680189808492132952e-02
1.680925153064197208e-02
1.681648112059641598e-02
1.682358791109780927e-02
1.683057297363665938e-02
1.683743739347676183e-02
1.684418226814912711e-02
1.685080870582647550e-02
1.685731782357041686e-02
1.686371074543607795e-02
1.686998860042898674e-02
1.687615252031102187e-02
1.688220363725359552e-02
1.688814308134467534e-02
1.689397197795719507e-02
1.689969144498612574e-02
1.690530258997552382e-02
1.691080650715354183e-02
1.691620427438184082e-02
1.692149788507787966e-02
1.692668649456119390e-02
1.693177205651461015e-02
1.693675555217238893e-02
1.694163793069627943e-02
1.694642010616928540e-02
1.695110295456059291e-02
1.695568731075297597e-02
1.696017491034490510e-02
1.696456458172765358e-02
1.696885798797814759e-02
1.697305577109145536e-02
1.697715851785414065e-02
1.698116768295748757e-02
1.698508184867020265e-02
1.698890237912059620e-02
1.699263055065988737e-02
1.699626472874882221e-02
1.699980608293144568e-02
1.700325570189686886e-02
1.700661169741124468e-02
1.700987502396189566e-02
1.701304668855532776e-02
1.701612430274029863e-02
1.701911025628902174e-02
1.702200117570917826e-02
1.702480077688731108e-02
1.702750345415052213e-02
1.703011636064535872e-02
1.703262878610567466e-02
1.703504398746993886e-02
1.703735614875509508e-02
1.703957154051635725e-02
1.704169204626262979e-02
1.704370982712613558e-02
1.704562791104641262e-02
1.704744540633765237e-02
1.704915954491029173e-02
1.705077029750348694e-02
1.705227624490390781e-02
1.705367649433103816e-02
1.705497020771534755e-02
1.705615661462342447e-02
1.705723502584133300e-02
1.705820484797046510e-02
1.705949860249567074e-02
1.706119064571981481e-02
1.706276094458933357e-02
1.706422719899247653e-02
1.706558918014500215e-02
1.706684768198846180e-02
1.706800274803316197e-02
1.706905475589101662e-02
1.707000421197138462e-02
1.707085170498010007e-02
1.707159790252008036e-02
1.707224353978339937e-02
1.707392451624600849e-02
1.707594095893180675e-02
1.707833947462414348e-02
1.708062151932354666e-02
1.708274982465743386e-02
1.708472299404939498e-02
1.708653970324455762e-02
1.708819870831543297e-02
1.708969884952754592e-02
1.709103905141196034e-02
1.709221831977181250e-02
1.709323573630255888e-02
1.709409045138379768e-02
1.709478167550199101e-02
1.709530866960595752e-02
1.709567073480924848e-02
1.709586720037895025e-02
1.709589741040626332e-02
1.709576580036684113e-02
1.709546141014997578e-02
1.709498880114052044e-02
1.709434730940573299e-02
1.709353624915824210e-02
1.709255490258970722e-02
1.709140251088545059e-02
1.709007826630928872e-02
1.708858130533141839e-02
1.708691070274687140e-02
1.708506546689045336e-02
1.708304453593351147e-02
1.708084677477830771e-02
1.707847097259579394e-02
1.707591584159806608e-02
1.707318479543559753e-02
1.707026655808141502e-02
1.706716453523224319e-02
1.706387676323711799e-02
1.706040133910635692e-02
1.705673665207277367e-02
1.705288123771164788e-02
1.704883403733298275e-02
1.704459691211232530e-02
1.704016047718476257e-02
1.703552772353253419e-02
1.703070152980867835e-02
1.702567032944379832e-02
1.702044213167966391e-02
1.701500433179412020e-02
1.700936150549847703e-02
1.700351135806454916e-02
1.699745142401234976e-02
1.699118607637145617e-02
1.698470005840171937e-02
1.697800259310874860e-02
1.697982299479841584e-02
1.698690453052340010e-02
1.699357896419148584e-02
1.699916089361996896e-02
1.700425276391551166e-02
1.700746171788211636e-02
1.700886774079080066e-02
1.701187934310696703e-02
1.701532792297852370e-02
1.701770037113109479e-02
1.702039236332494876e-02
1.702561425907087034e-02
1.703484417202996704e-02
1.704909081369959667e-02
1.706906034362873359e-02
1.709526175759881750e-02
1.712807307972144533e-02
1.716778253012046784e-02
1.721461365678769728e-02
1.726874010445483831e-02
1.733029359976664963e-02
1.739936743335465663e-02
1.747601693497588538e-02
1.756025842529262970e-02
1.765207266709911682e-02
1.775141534595933712e-02
1.785822860866850825e-02
1.797245289693924497e-02
1.809404352467464117e-02
1.822299530462995198e-02
1.835937761382483435e-02
1.850338224936903808e-02
1.865539162805665563e-02
1.881605586573215083e-02
1.898630659512115515e-02
1.916729081618351316e-02
1.936030937516602934e-02
1.956679998365368212e-02
1.978835144194446283e-02
2.002673852177522251e-02
2.028396840436214044e-02
2.056233027463028051e-02
2.086444005004139957e-02
2.119327258834466376e-02
2.155216608866797334e-02
2.194478984877140659e-02
2.237508455043474287e-02
2.284717800950963884e-02
2.336527036796717804e-02
2.393348535124217857e-02
2.455568757346082709e-02
2.523526904633216494e-02
2.597491070266885749e-02
2.677632723658479597e-02
2.764000599292029681e-02
2.856495311519077762e-02
2.954846279276476806e-02
3.058592819126837448e-02
3.167071508881053044e-02
3.279412038487986014e-02
3.394543690796791857e-02
3.511214048241967367e-02
3.624255567641551656e-02
3.732620638539538294e-02
3.835381168626897375e-02
3.932222155753545279e-02
4.022540371634025780e-02
4.105607322813634164e-02
4.180685228122291153e-02
4.247102727149343337e-02
4.304301289737677561e-02
4.351860052734277118e-02
4.389504757921677824e-02
4.417105137896762401e-02
4.434664199022231301e-02
4.442302196361153088e-02
4.440237576320979485e-02
4.428766722007176915e-02
4.408243947440562693e-02
4.379062837079203407e-02
4.341639715675124633e-02
4.296399769820141712e-02
4.243766129395734610e-02
4.184152045552243238e-02
4.117956159293646723e-02
4.045560728719374555e-02
3.967332558732711290e-02
3.883626235147592809e-02
3.794789086194330641e-02
3.701167069411313848e-02
3.603110531504068181e-02
3.501010162826601047e-02
3.395320818265196161e-02
3.286537573494524578e-02
3.175167962382824394e-02
3.061714833015082016e-02
2.946664368707117843e-02
2.830479748677043605e-02
2.713599635154029244e-02
2.596439510051790078e-02
2.479393352945226392e-02
2.362833266856879944e-02
2.247105150403963525e-02
2.132547075152356475e-02
1.989573707469746711e-02
1.795055522622988897e-02
1.571642405445421165e-02
1.571479231268450849e-02
1.571310956888660737e-02
1.571622798364639972e-02
1.571875964308280804e-02
1.572086510050915709e-02
1.572253789436048321e-02
1.572377410973671563e-02
1.573356643716197767e-02
1.574495647309888391e-02
1.575587511167114707e-02
1.576636198563693969e-02
1.577643762779733227e-02
1.578612910137668079e-02
1.579546349346108713e-02
1.581001188599222285e-02
1.582760733692753496e-02
1.584476797070398513e-02
1.586150445015285793e-02
1.587782799388544330e-02
1.589374358077218219e-02
1.590927710952125262e-02
1.592443460267693733e-02
1.593922931110086649e-02
1.595367480595355492e-02
1.596778485467396924e-02
1.598157328793031740e-02
1.599505386419695918e-02
1.600823309213847412e-02
1.602113813875688519e-02
1.603377487080800967e-02
1.604615552454362326e-02
1.605829170561398622e-02
1.607019337641850398e-02
1.608227974056673781e-02
1.609407868176007672e-02
1.610563072573285848e-02
1.611694942959084054e-02
1.612804486824752359e-02
1.613892965524428569e-02
1.614961488971418391e-02
1.616011115710784540e-02
1.617042853721036011e-02
1.618057769208906815e-02
1.619056566093704519e-02
1.620040223389436485e-02
1.621009583865633263e-02
1.621965459016047606e-02
1.622908747985428446e-02
1.623839997072563934e-02
1.624760071603564837e-02
1.625669721699660175e-02
1.626569805516231426e-02
1.631624067205042494e-02
1.654539100567686827e-02
1.649568323131922476e-02
1.748965507506582140e-02
2.023748940597534796e-02
2.276496464982095957e-02
2.502400784258945743e-02
2.698975191942776242e-02
2.863223306572193483e-02
2.992693655581261936e-02
3.083037766448280814e-02
3.132168174900058777e-02
3.135042701836138201e-02
3.089574694454322312e-02
2.991469545332538227e-02
2.836334294084803809e-02
2.623016571409271525e-02
2.348609513646950087e-02
2.013021812583755399e-02
1.958355353784503594e-02
2.652856248534589401e-02
3.293209262301970142e-02
3.863810592596401972e-02
4.347712652670307487e-02
4.731129258573996132e-02
5.003265069140079568e-02
5.156894725500109355e-02
5.189261921179645631e-02
5.103342585030362644e-02
4.907737023342546856e-02
4.617736387930372610e-02
4.281959496719132952e-02
4.085526754616601586e-02
4.058389208981622032e-02
4.191587341465446981e-02
4.472028872740903271e-02
4.887617468366201035e-02
5.422182226157190588e-02
6.058009033610367577e-02
6.776476240339296409e-02
7.572135056143985965e-02
8.447279706780599917e-02
9.400042918308629258e-02
1.042551803070361216e-01
1.151725284949704220e-01
1.266862126974692970e-01
1.374141341309109698e-01
1.465251600073129434e-01
1.543541607971510576e-01
1.611434208051483186e-01
1.670731480181845141e-01
1.722707885834592334e-01
1.768197009462061098e-01
1.807868767751770467e-01
1.842030528293222835e-01
1.871140892214589735e-01
1.895624613984078222e-01
1.915854604680091722e-01
1.932162596153336465e-01
1.944845927803607322e-01
1.954172023140871017e-01
1.960381595995469850e-01
1.963691261712185443e-01
1.964295940690161668e-01
1.962371231734476029e-01
1.958075792508992552e-01
1.951553707695283524e-01
1.942936781824391446e-01
1.932346715798732573e-01
1.919897104176175318e-01
1.905695213535123500e-01
1.889843517015582786e-01
1.872440994956734439e-01
1.853584032150711047e-01
1.833367354621011358e-01
1.811884527175507131e-01
1.789228191463023698e-01
1.765490159564578609e-01
1.740761360863228302e-01
1.715131670825404409e-01
1.688689630124291796e-01
1.661522066437888800e-01
1.633713643162847673e-01
1.605343085029813099e-01
1.576480922826177800e-01
1.547210707212422487e-01
1.517612385171295541e-01
1.487757988110622320e-01
1.457710945842625727e-01
1.427525871039095895e-01
