-1.926152362682759245e-03
-3.021686718944954775e-03
-3.947103135531010443e-03
-4.449608405055094362e-03
-4.677398087980039199e-03
-4.727710782103933251e-03
-4.665658947180989502e-03
-4.528721155384635155e-03
-4.344199673709747689e-03
-4.129842493764773748e-03
-3.897289303943479721e-03
-3.654256226994362367e-03
-3.406021719095819744e-03
-3.156252165075146277e-03
-2.907481829988234345e-03
-2.661511262401050626e-03
-2.419661890139451765e-03
-2.182939004752165735e-03
-1.952135659062492756e-03
-1.727899619468425962e-03
-1.510776483608006204e-03
-1.301237199291843671e-03
-1.099955366060056949e-03
-9.076578039593219405e-04
-7.248684019249274080e-04
-5.519747835574240202e-04
-3.892710509831587284e-04
-2.369850815141516520e-04
-9.529619784920395631e-05
3.565259161716904934e-05
1.557465562849191798e-04
2.648946569999699463e-04
3.627428054725212458e-04
4.488455613337605232e-04
5.229509528284492781e-04
5.849336743626865065e-04
6.347522880934819423e-04
6.724219291347477423e-04
6.979960531591777873e-04
7.115547393907739604e-04
7.131973583318074184e-04
7.030374893479962584e-04
6.808998597967741429e-04
6.465016258982436703e-04
5.997538817897607455e-04
5.406919404803145479e-04
4.694306416835047902e-04
3.861357700954415328e-04
2.910059031710487965e-04
1.842600771198021903e-04
6.612992927357286277e-05
-6.314511124899668815e-05
-2.036299430022703305e-04
-3.555075248466155191e-04
-5.187683793060060555e-04
-6.932819056734151886e-04
-8.788420101535354689e-04
-1.075196323518684549e-03
-1.282064956325740246e-03
-1.499152577912887807e-03
-1.726156229142267184e-03
-1.962770359051929647e-03
-2.209000546800260478e-03
-2.464976551330849697e-03
-2.730639620549452085e-03
-3.005813908297350068e-03
-3.290252486193578907e-03
-3.583666569348137321e-03
-3.885744230550797207e-03
-4.196162401634950800e-03
-4.514594581416120356e-03
-4.840715791996519357e-03
-5.174511612553500672e-03
-5.516093244609387991e-03
-5.865389294025802336e-03
-6.222216272303876528e-03
-6.586324013582084413e-03
-6.957424089625324770e-03
-7.335208019664585244e-03
-7.719359345819104545e-03
-8.109561074501558942e-03
-8.505500413282629513e-03
-8.907168431933648600e-03
-9.314679769128475506e-03
-9.727973035238091093e-03
-1.014687977388953333e-02
-1.057116790137402340e-02
-1.100056967233817296e-02
-1.143479981153297520e-02
-1.187356671469441682e-02
-1.231658024915269212e-02
-1.276355546447743849e-02
-1.321449920614534146e-02
-1.366953669377171665e-02
-1.412862403402634359e-02
-1.459161419476720511e-02
-1.505830207023747813e-02
-1.552844718101775712e-02
-1.600179119670175343e-02
-1.647807074911780689e-02
-1.695702483629166202e-02
-1.743839800012025876e-02
-1.792221021705814321e-02
-1.840859219143700654e-02
-1.889751267600436879e-02
-1.938884141677174600e-02
-1.988239095590232930e-02
-2.037794259140718323e-02
-2.087526184839344490e-02
-2.137410894852875831e-02
-2.187424551841266052e-02
-2.237543886603457488e-02
-2.287738722489029985e-02
-2.337975593954891296e-02
-2.388225149406328351e-02
-2.438461141521711117e-02
-2.488659759516206882e-02
-2.538799185106258016e-02
-2.588859293153689123e-02
-2.638821408985206340e-02
-2.688668332579860487e-02
-2.738383999368562693e-02
-2.787910916929736693e-02
-2.837173843229370829e-02
-2.886122159677398380e-02
-2.934721389817318560e-02
-2.982947831204044165e-02
-3.030784893348906217e-02
-3.078220934055134195e-02
-3.125247603831221577e-02
-3.171858909950819871e-02
-3.218050052780879744e-02
-3.263772861055608265e-02
-3.308960406049540892e-02
-3.353570925997398366e-02
-3.397582173771143688e-02
-3.440983072295564216e-02
-3.483768886314483892e-02
-3.525939102642178247e-02
-3.567496050646287720e-02
-3.608443998988000723e-02
-3.648788560465121567e-02
-3.688488245465196269e-02
-3.727480714476642809e-02
-3.765730307980087732e-02
-3.803218614527063834e-02
-3.839938377827731286e-02
-3.875889559879401591e-02
-3.911076792478165864e-02
-3.945507713672828654e-02
-3.979191931226401524e-02
-4.012140265511726644e-02
-4.044314021041350848e-02
-4.075652365417803402e-02
-4.106122027848307932e-02
-4.135707458182664997e-02
-4.164404472724063389e-02
-4.192216151493113885e-02
-4.219150185371350892e-02
-4.245217157673607244e-02
-4.270429428561499374e-02
-4.294800408890409038e-02
-4.318292416197894168e-02
-4.340844802910180655e-02
-4.362425018428781054e-02
-4.383018455674507485e-02
-4.402621988663989183e-02
-4.421239736237812801e-02
-4.438880349034357575e-02
-4.455555253787696346e-02
-4.471277516843828737e-02
-4.486061107570006590e-02
-4.499868546259937208e-02
-4.512639198927505257e-02
-4.524340538608472018e-02
-4.534957961370431057e-02
-4.544488222688239376e-02
-4.552935209587616328e-02
-4.560307215791879754e-02
-4.566615184632508151e-02
-4.571871575603768389e-02
-4.576089633233866583e-02
-4.579232823538080532e-02
-4.581242281655396875e-02
-4.582086346476468841e-02
-4.581750642206279533e-02
-4.580231694652306396e-02
-4.577532826171848424e-02
-4.573661515691571089e-02
-4.568627701185598577e-02
-4.562442697227754584e-02
-4.555118465324473065e-02
-4.546622370662163626e-02
-4.536901969470280571e-02
-4.525929398861021358e-02
-4.513692340572074413e-02
-4.500188234508471774e-02
-4.485420544059048886e-02
-4.469396365750573363e-02
-4.452124898433432176e-02
-4.433616464174985894e-02
-4.413881884006826128e-02
-4.392897941219983671e-02
-4.370626627485395266e-02
-4.347049186010253086e-02
-4.322158918295727903e-02
-4.295956555811887567e-02
-4.268447386746239414e-02
-4.239639334217393252e-02
-4.209541771942816590e-02
-4.178164765954292537e-02
-4.145518596491040708e-02
-4.111595443514791393e-02
-4.076380259569285791e-02
-4.039868974248138345e-02
-4.002064231743127087e-02
-3.962972680241047541e-02
-3.922603240233799027e-02
-3.880965997617377705e-02
-3.838071556937477924e-02
-3.819362515168664429e-02
-3.812383630480738195e-02
-3.798068503586937705e-02
-3.778484333520916449e-02
-3.754966185195453277e-02
-3.728376304775977979e-02
-3.699273819242088202e-02
-3.668023632212326357e-02
-3.634866223747802716e-02
-3.599962346106101718e-02
-3.563421724215956599e-02
-3.525321392046110169e-02
-3.512239753813450882e-02
-3.510582427698759334e-02
-3.508947493908223803e-02
-3.507319720597726342e-02
-3.505699008944261619e-02
-3.504085101409716574e-02
-3.502477813979303078e-02
-3.500877021413265067e-02
-3.499282750221859029e-02
-3.497695003963702254e-02
-3.496113604155130783e-02
-3.494538604280836291e-02
-3.492970069516221354e-02
-3.491408106693728863e-02
-3.489852858582805084e-02
-3.488304499174725570e-02
-3.486763327234146392e-02
-3.485229580163268226e-02
-3.483703336520573013e-02
-3.482184897197787565e-02
-3.480674631045478640e-02
-3.479172789021285628e-02
-3.477679283449783276e-02
-3.476194339527008403e-02
-3.474718433327948774e-02
-3.473252002684304451e-02
-3.471796090573124605e-02
-3.470350280103795537e-02
-3.468914975533833600e-02
-3.467490577663626117e-02
-3.466077613800831736e-02
-3.464676614240379260e-02
-3.463287498790190710e-02
-3.461910685217751971e-02
-3.460546568731984185e-02
-3.459195534731021593e-02
-3.457858477758067595e-02
-3.456535139415541080e-02
-3.455225984271924344e-02
-3.453931433737493506e-02
-3.452651855483100662e-02
-3.451387587523545297e-02
-3.450138974330810293e-02
-3.448906365246237615e-02
-3.447690112574351706e-02
-3.446490569764200373e-02
-3.445308089800903917e-02
-3.444143023821813476e-02
-3.442995719935240673e-02
-3.441866760711113915e-02
-3.440756372989089984e-02
-3.439664554437643629e-02
-3.438591640889071543e-02
-3.437537934578695220e-02
-3.436503720037073495e-02
-3.435489270510846960e-02
-3.434494849892329171e-02
-3.433520712853320445e-02
-3.432567104325374985e-02
-3.431634258801637138e-02
-3.430722356983302579e-02
-3.429831539419640751e-02
-3.428961945170680425e-02
-3.428113708245132674e-02
-3.427286954924960161e-02
-3.426481801727028487e-02
-3.425698353845814392e-02
-3.424936703972848717e-02
-3.424196931419712375e-02
-3.423479101491001819e-02
-3.422782988999022169e-02
-3.422108865750662920e-02
-3.421456400370513629e-02
-3.420825850398362400e-02
-3.420217101242285784e-02
-3.419630056377696847e-02
-3.419064621284648164e-02
-3.418520694909119029e-02
-3.417998165902044749e-02
-3.417496911033189588e-02
-3.417016750143347936e-02
-3.416557459133984231e-02
-3.416118810425827768e-02
-3.415700570873547726e-02
-3.415302500434086452e-02
-3.414924351351893150e-02
-3.414565867721235104e-02
-3.414226341996115521e-02
-3.413906070321930109e-02
-3.413604748491741447e-02
-3.413321997617775605e-02
-3.413057429532674603e-02
-3.412810668477143927e-02
-3.412581342752842029e-02
-3.412368581330685324e-02
-3.412172740661076342e-02
-3.411993340440785949e-02
-3.411829950310044102e-02
-3.411682168148202909e-02
-3.411549602940371073e-02
-3.411431831879299659e-02
-3.411327655368079359e-02
-3.411237431376956675e-02
-3.411160646402759677e-02
-3.411096970936924877e-02
-3.411046066108114339e-02
-3.411007582441580310e-02
-3.410980875036517812e-02
-3.410965465079886239e-02
-3.410960766261045274e-02
-3.410966380837514300e-02
-3.410982110389970678e-02
-3.411007547593117306e-02
-3.411042311836975927e-02
-3.411086018971687395e-02
-3.411138283043492481e-02
-3.411198582819351122e-02
-3.411266519089393989e-02
-3.411341877686104029e-02
-3.411424245367755681e-02
-3.411513344476051202e-02
-3.411608966936253984e-02
-3.411710883736580879e-02
-3.411818850020237326e-02
-3.411932609353859891e-02
-3.412051897405821155e-02
-3.412176445103043410e-02
-3.412305981328814242e-02
-3.412440235218131002e-02
-3.412578938100860326e-02
-3.412721928421284801e-02
-3.412868993541762208e-02
-3.413020149810652715e-02
-3.413175114747502015e-02
-3.413333927138155477e-02
-3.413496399597179543e-02
-3.413662375794458692e-02
-3.413831696813127148e-02
-3.414004203567753970e-02
-3.414179738810836640e-02
-3.414358257470746782e-02
-3.414539789960441274e-02
-3.414724340699179517e-02
-3.414911894024805217e-02
-3.415102419145375767e-02
-3.415295874336862769e-02
-3.415492210477356905e-02
-3.415691374001324221e-02
-3.415893309350234719e-02
-3.416097960987946047e-02
-3.416305386442994307e-02
-3.416515718165731574e-02
-3.416729059155471093e-02
-3.416945489132727776e-02
-3.417165069677377542e-02
-3.417387848563481489e-02
-3.417613863392671147e-02
-3.417843144619277240e-02
-3.418075718050581080e-02
-3.418311606895979571e-02
-3.418550944037140882e-02
-3.418793933726961554e-02
-3.419040747736956654e-02
-3.419291531702094156e-02
-3.419546410368769218e-02
-3.419805492000957403e-02
-3.420068872060190446e-02
-3.420336636261479824e-02
-3.420608863094901086e-02
-3.420885625891162407e-02
-3.421167099485372676e-02
-3.421453523530533503e-02
-3.421745103820120204e-02
-3.422042018584912915e-02
-3.422344423660558799e-02
-3.422652456800670540e-02
-3.422966241263140919e-02
-3.423285888778791752e-02
-3.423611569346901584e-02
-3.423943346325634962e-02
-3.424281363003153777e-02
-3.424625856159178861e-02
-3.424977174356264031e-02
-3.425335314673384757e-02
-3.425700469806963744e-02
-3.426072777867941732e-02
-3.426452362406931518e-02
-3.426839335068865289e-02
-3.427233797769763113e-02
-3.427635844470283688e-02
-3.428045629712246634e-02
-3.428463345519897065e-02
-3.428889158163926643e-02
-3.429323212780302499e-02
-3.429765636996343070e-02
-3.430216543881239866e-02
-3.430676034345550574e-02
-3.431144199088603797e-02
-3.431621120173675155e-02
-3.432106872295578870e-02
-3.432601547734587255e-02
-3.433105248884339711e-02
-3.433618170968537331e-02
-3.434140279102526616e-02
-3.434671793067181622e-02
-3.435212599759444874e-02
-3.435762796267695374e-02
-3.436322437550222431e-02
-3.436891573597451732e-02
-3.437470249764201791e-02
-3.438058469091070934e-02
-3.438656207089008099e-02
-3.439263450582297210e-02
-3.439880300267043889e-02
-3.440506779784863189e-02
-3.441142716068155971e-02
-3.441788158757229377e-02
-3.442443123126770477e-02
-3.443303045628574865e-02
-3.443737923971937342e-02
-3.444147286990621726e-02
-3.444536614762942761e-02
-3.444910547706579729e-02
-3.445273432726295160e-02
-3.445628710458825683e-02
-3.445979322719290583e-02
-3.446327741841501147e-02
-3.446672169046408052e-02
-3.446968125942538597e-02
-3.447253407220456090e-02
-3.447595640456717347e-02
-3.447866955076521467e-02
-3.448128568395644744e-02
-3.448391274937030737e-02
-3.448480473895294829e-02
-3.448231071697391292e-02
-3.447618977521944850e-02
-3.446641799826091757e-02
-3.445310407876411851e-02
-3.443644246179619617e-02
-3.441687863093230437e-02
-3.439496989721586850e-02
-3.437117327625445473e-02
-3.434587995637942981e-02
-3.431943737149821538e-02
-3.429216410098340218e-02
-3.426435558283809357e-02
-3.423629435435621149e-02
-3.420825343433653298e-02
-3.418049818702556530e-02
-3.415347730207257682e-02
-3.412771476676675075e-02
-3.410361589382775171e-02
-3.408150781208706126e-02
-3.406166795893011967e-02
-3.404434337484708861e-02
-3.402976022842527093e-02
-3.401812918155928955e-02
-3.400965259326774182e-02
-3.400452133436883406e-02
-3.400314340161532389e-02
-3.400601135090769445e-02
-3.401348712844123878e-02
-3.402585047227613124e-02
-3.404332286187640444e-02
-3.406609196351592650e-02
-3.409432309475414480e-02
-3.412816629170664640e-02
-3.416775912239732038e-02
-3.421323097115411271e-02
-3.426495454825936871e-02
-3.432339999118026730e-02
-3.438888755313398993e-02
-3.446164048520367063e-02
-3.454181808066425496e-02
-3.462953598443774261e-02
-3.472488250219711581e-02
-3.482792526585368198e-02
-3.493871631884673534e-02
-3.505729543718057173e-02
-3.518396484796477985e-02
-3.531912971783639221e-02
-3.546302600447807929e-02
-3.561577874504158470e-02
-3.577743909061201211e-02
-3.594800784615924394e-02
-3.612745045909629416e-02
-3.631570699013014769e-02
-3.651269696453147973e-02
-3.671832473730370083e-02
-3.693277127963155715e-02
-3.715632396333222454e-02
-3.738908777808155892e-02
-3.763104842493303348e-02
-3.788211267860068510e-02
-3.814213389343698579e-02
-3.841093010232850269e-02
-3.868829354408437338e-02
-3.897399828700486013e-02
-3.926780529359796823e-02
-3.956976125321315374e-02
-3.988002407558266516e-02
-4.019856812832289794e-02
-4.052525016655651735e-02
-4.085985170546553580e-02
-4.120210637869495263e-02
-4.155171773817921410e-02
-4.190837096020409713e-02
-4.227174019782631298e-02
-4.264149499279194788e-02
-4.301759457154065436e-02
-4.340011248342517947e-02
-4.378894685057115044e-02
-4.418388671898428044e-02
-4.458465572325284731e-02
-4.499094006238422983e-02
-4.540240329735996394e-02
-4.581869844716575380e-02
-4.623947594680376250e-02
-4.666439024779681088e-02
-4.709337862893914206e-02
-4.752649170899662934e-02
-4.796361670362087049e-02
-4.840454419275917741e-02
-4.884900724458550447e-02
-4.929670780997630342e-02
-4.974733242304175962e-02
-5.020056381149763658e-02
-5.065608811071452278e-02
-5.111359918789254442e-02
-5.157305463882481955e-02
-5.203453701094830353e-02
-5.249796981503707105e-02
-5.296318482414651141e-02
-5.342995557277406549e-02
-5.389803532583996304e-02
-5.436717193336150500e-02
-5.483711041679620313e-02
-5.530759950580971251e-02
-5.577839618594400417e-02
-5.624916966037689370e-02
-5.671955096725535272e-02
-5.718922954852490026e-02
-5.765793781232261828e-02
-5.812544115535575595e-02
-5.859153137588782312e-02
-5.905602225639852709e-02
-5.951874653748202848e-02
-5.997955378567282336e-02
-6.043830883731313164e-02
-6.089443966213298198e-02
-6.134719057320701940e-02
-6.179606980352356227e-02
-6.224075841638548878e-02
-6.268105159783951552e-02
-6.311682076986220580e-02
-6.354798916591662683e-02
-6.397451565405981588e-02
-6.439638473844713773e-02
-6.481359924129140304e-02
-6.522569558885274454e-02
-6.563200914965300337e-02
-6.603214934351160637e-02
-6.642590302879537723e-02
-6.681317223172622555e-02
-6.719393399339078365e-02
-6.756685934336142951e-02
-6.793229444714840581e-02
-6.829076692759908362e-02
-6.864269351269558506e-02
-6.898783481011673546e-02
-6.932564969711312031e-02
-6.965588671649158847e-02
-6.997847256758450707e-02
-7.029344173958378128e-02
-7.060089248534368034e-02
-7.090095950163331773e-02
-7.119379716514162570e-02
-7.147956940358500544e-02
-7.175844370819065010e-02
-7.202985287778386481e-02
-7.229293217061544263e-02
-7.254725601561634596e-02
-7.279266928595826136e-02
-7.302918057979007616e-02
-7.325689532412826832e-02
-7.347597415736054072e-02
-7.368660730143468396e-02
-7.388899900026248135e-02
-7.408335825483612636e-02
-7.426912758111832435e-02
-7.444543846087965655e-02
-7.461187929004858832e-02
-7.476831890762367094e-02
-7.491479503481100755e-02
-7.505144438925465122e-02
-7.517845924247071321e-02
-7.529606069555443149e-02
-7.540448247417097516e-02
-7.550396130004863315e-02
-7.559394738342913034e-02
-7.567357432215145174e-02
-7.574244664284998652e-02
-7.580045708657279224e-02
-7.584767116651879026e-02
-7.588425490646512339e-02
-7.591042996783632646e-02
-7.592644608666671013e-02
-7.593256439858479812e-02
-7.592904756903344488e-02
-7.591539148272577475e-02
-7.589078869584614528e-02
-7.585489680009117885e-02
-7.580765703427186364e-02
-7.574917982221490709e-02
-7.567967324441179922e-02
-7.559939872158881469e-02
-7.550864388251722625e-02
-7.540770623717987786e-02
-7.529688358060587783e-02
-7.517581704108386442e-02
-7.504389399956057360e-02
-7.490090655405082232e-02
-7.474689299140109544e-02
-7.458203765695327336e-02
-7.440660857152334162e-02
-7.422091888740116328e-02
-7.402530338246589292e-02
-7.382010439422444226e-02
-7.360566363397171019e-02
-7.338193610621487895e-02
-7.314872487238147092e-02
-7.290606673249395986e-02
-7.265414037930160995e-02
-7.239320849772057365e-02
-7.212539203719939285e-02
-7.185068941727665304e-02
-7.156887130946197606e-02
-7.127989013808025409e-02
-7.098381914244196456e-02
-7.068099378260281340e-02
-7.037181407275669431e-02
-7.005652607282802924e-02
-6.973529253213155144e-02
-6.940823593114929524e-02
-6.937927585410000320e-02
-6.928275847161186052e-02
-6.904873841566673554e-02
-6.873713111885548788e-02
-6.838451623414000535e-02
-6.801388397709616507e-02
-6.763956694539056957e-02
-6.726959611190924671e-02
-6.690810895839234551e-02
-6.655679062572775195e-02
-6.621580227716004907e-02
-6.588438282908026800e-02
-6.556145876586515209e-02
-6.524791671860646902e-02
-6.492828298996315695e-02
-6.485583330547747827e-02
-6.523523237389690366e-02
-6.568127691425010295e-02
-6.569731483501481395e-02
-6.571211821824408938e-02
-6.572585793813459643e-02
-6.573866586607000906e-02
-6.575065224904960703e-02
-6.576190782844043570e-02
-6.577250847578609838e-02
-6.578251222902463391e-02
-6.579196563427155975e-02
-6.580090834606619477e-02
-6.580937543130123413e-02
-6.581739842858785883e-02
-6.582500095395621420e-02
-6.583220789528967942e-02
-6.583904001180643228e-02
-6.584551482237471776e-02
-6.585165002868388628e-02
-6.585746220277917395e-02
-6.586296781317842186e-02
-6.586818230174484867e-02
-6.587312163560260503e-02
-6.587780084613617526e-02
-6.588223512190372055e-02
-6.588643843940682199e-02
-6.589042539515019281e-02
-6.589420993480321620e-02
-6.589780574671705304e-02
-6.590123488500518323e-02
-6.590452417672060248e-02
-6.590769673996817180e-02
-6.591077232436370892e-02
-6.591376798213897936e-02
-6.591669711800061948e-02
-6.591957171706545882e-02
-6.592240118244359348e-02
-6.592519307244266991e-02
-6.592795323411365649e-02
-6.593068391384436511e-02
-6.593338476417233418e-02
-6.593605473705325959e-02
-6.593869183213962870e-02
-6.594129404725783405e-02
-6.594385740106599447e-02
-6.594637716075531231e-02
-6.594884759754816861e-02
-6.595126204166897044e-02
-6.595361295454382766e-02
-6.595588750473792283e-02
-6.595807155284055812e-02
-6.596015046306824559e-02
-6.596211071493029987e-02
-6.596394410661637897e-02
-6.596563466841739998e-02
-6.596716678417226254e-02
-6.596853186837929595e-02
-6.596971895099768002e-02
-6.597071737250405354e-02
-6.597151459429201337e-02
-6.597209595985241426e-02
-6.597244795720690058e-02
-6.597256129787364143e-02
-6.597242709743693367e-02
-6.597203828767961298e-02
-6.597138814453282207e-02
-6.597047357265845013e-02
-6.596929141659761686e-02
-6.596783970904887551e-02
-6.596611498701805687e-02
-6.596411539214896980e-02
-6.596184004683952606e-02
-6.595928987418030187e-02
-6.595646738052682312e-02
-6.595337577855257816e-02
-6.595002089468958439e-02
-6.594640901711032455e-02
-6.594254738369195734e-02
-6.593844407279600417e-02
-6.593410662565980795e-02
-6.592954249160412616e-02
-6.592476030263551279e-02
-6.591976915547027860e-02
-6.591458022098527214e-02
-6.590920485158616171e-02
-6.590365500702333179e-02
-6.589794311557556350e-02
-6.589208194838271082e-02
-6.588609841875220363e-02
-6.588013923846580688e-02
-6.587406283569778587e-02
-6.586783289172989941e-02
-6.586143995799612072e-02
-6.585489511124037465e-02
-6.584821004735522121e-02
-6.584139690489873575e-02
-6.583446811632336082e-02
-6.582743628471074415e-02
-6.582031408158073305e-02
-6.581302299982305648e-02
-6.580557393554539725e-02
-6.579883342516108791e-02
-6.579212261830366670e-02
-6.577850523377409830e-02
-6.578318078502819188e-02
-6.578218656413041543e-02
-6.577245378539517406e-02
-6.574821439743983031e-02
-6.570639399553011850e-02
-6.564861177518277469e-02
-6.557875821471213784e-02
-6.549955790441588932e-02
-6.541297334888153403e-02
-6.532046482601132353e-02
-6.522315808266396231e-02
-6.512195310842748552e-02
-6.501759450472056889e-02
-6.491071810400865505e-02
-6.480188129184480395e-02
-6.469193206957078723e-02
-6.458181419389613653e-02
-6.447222520269479951e-02
-6.436370206435303165e-02
-6.425667580392181721e-02
-6.415150526024744615e-02
-6.404849993236701178e-02
-6.394793473007052975e-02
-6.385006006472843110e-02
-6.375510743396536895e-02
-6.366369379253039584e-02
-6.357658579949938826e-02
-6.349430044018038177e-02
-6.341719399387649170e-02
-6.334551888194468738e-02
-6.327945909570195648e-02
-6.321915265383958038e-02
-6.316470638760644796e-02
-6.311620533610012851e-02
-6.307371794829608191e-02
-6.303774559276097145e-02
-6.300895915193543972e-02
-6.298775272661961966e-02
-6.297434233854132257e-02
-6.296882834799144568e-02
-6.297123430765953767e-02
-6.298153202475684220e-02
-6.299965748975511204e-02
-6.302552102899423858e-02
-6.305901381104656034e-02
-6.310049147171610529e-02
-6.315049033996870953e-02
-6.320924856840486050e-02
-6.327681227226983340e-02
-6.335310319937770274e-02
-6.343796193571303588e-02
-6.353117559997781272e-02
-6.363249564364101274e-02
-6.374165019016925227e-02
-6.385835072799923851e-02
-6.398253418550163552e-02
-6.411423315751933749e-02
-6.425334171443836118e-02
-6.439966190434419369e-02
-6.455293413521204227e-02
-6.471285818264545242e-02
-6.487910592293748280e-02
-6.505133036516735912e-02
-6.522917311381377925e-02
-6.541226914602056575e-02
-6.560092658008832844e-02
-6.579572194396746121e-02
-6.599682155555845753e-02
-6.620413395900942577e-02
-6.641740861338131519e-02
-6.663629877638119203e-02
-6.686041034742541689e-02
-6.708930988636875592e-02
-6.732254409162681530e-02
-6.755965643447997548e-02
-6.780084629438649924e-02
-6.804657667541973154e-02
-6.829692114594931862e-02
-6.855171310884741742e-02
-6.881064118117471984e-02
-6.907330813309794926e-02
-6.933927276684688501e-02
-6.960807444868212512e-02
-6.987924632374564737e-02
-7.015232675459902312e-02
-7.042681792247709738e-02
-7.070220557284898066e-02
-7.097800046527175111e-02
-7.125373898540250661e-02
-7.152898411671249068e-02
-7.180332496063494829e-02
-7.207637555396984030e-02
-7.234777686415258535e-02
-7.261719267680614986e-02
-7.288430902847597981e-02
-7.314805865491230685e-02
-7.340705960121803042e-02
-7.366038786412856809e-02
-7.390742079487667981e-02
-7.414773607433151892e-02
-7.438104643693939366e-02
-7.460715735529710457e-02
-7.482593948964767760e-02
-7.503731064644139637e-02
-7.524122387300657966e-02
-7.543666719152324063e-02
-7.562220346399263493e-02
-7.579695551385631780e-02
-7.596041890197420543e-02
-7.611233964876008840e-02
-7.625263384487636353e-02
-7.638133440964388343e-02
-7.649855550290712847e-02
-7.660446846597009085e-02
-7.669928533355754863e-02
-7.678255388554434957e-02
-7.685353401092354098e-02
-7.691187991805184532e-02
-7.695749972386217719e-02
-7.699046461048483780e-02
-7.701095001353754077e-02
-7.701919745196667000e-02
-7.701548967579803506e-02
-7.700013442026311383e-02
-7.697345373324944451e-02
-7.693503535773031643e-02
-7.688413747533308362e-02
-7.682042083858880988e-02
-7.674380188391673185e-02
-7.665435814318641294e-02
-7.655226739954378024e-02
-7.643776854001309295e-02
-7.631113636442395098e-02
-7.617266537640281221e-02
-7.602265935909402472e-02
-7.586067740250009017e-02
-7.568594215424484517e-02
-7.549807808536328213e-02
-7.529696368198940393e-02
-7.508263643939679099e-02
-7.485523220016211676e-02
-7.461494532817056213e-02
-7.436200340540548293e-02
-7.409665283337220354e-02
-7.381914799285881068e-02
-7.352906022767444205e-02
-7.322565341364178915e-02
-7.290856069917787952e-02
-7.257764788487312824e-02
-7.223292573281507589e-02
-7.187449380310208247e-02
-7.150250453098323800e-02
-7.111714029740461018e-02
-7.071859883939736469e-02
-7.030708401222855730e-02
-6.988228465389398347e-02
-6.944366141614981280e-02
-6.899095808036616317e-02
-6.852409554684772697e-02
-6.804310392308635103e-02
-6.754807913355453941e-02
-6.703915525878251236e-02
-6.651648707583784903e-02
-6.598023862103348514e-02
-6.543057643186703243e-02
-6.486743871449839050e-02
-6.429066930788927825e-02
-6.370024562307306792e-02
-6.309633741895630255e-02
-6.247900095028412204e-02
-6.184851586657875988e-02
-6.120514059243155336e-02
-6.054908781221432501e-02
-5.988053692693760810e-02
-5.919964277240880035e-02
-5.850763812430022359e-02
-5.780621418484853391e-02
-5.709643325055538399e-02
-5.637894542629014183e-02
-5.565414556371257176e-02
-5.492226671949580058e-02
-5.418344231532265520e-02
-5.343774206614572420e-02
-5.268519525998990177e-02
-5.192580544284867289e-02
-5.134485482127962297e-02
-5.109214446473304971e-02
-5.116307329648543678e-02
-5.155204216797141387e-02
-5.193583545024641618e-02
-5.194162279295146817e-02
-5.194820661844447990e-02
-5.195560531149798211e-02
-5.196384322598411598e-02
-5.197294670037505560e-02
-5.198293691929677107e-02
-5.199382339471064762e-02
-5.200557459658898540e-02
-5.201809323602688689e-02
-5.203127172217145852e-02
-5.204501593385656849e-02
-5.205924343533726434e-02
-5.207389548052263062e-02
-5.208891225632111127e-02
-5.210424285682995621e-02
-5.211983403170056262e-02
-5.213570429273696460e-02
-5.215181636703607876e-02
-5.216809795079165729e-02
-5.218452428883931654e-02
-5.220106887571568377e-02
-5.221771474078969882e-02
-5.223445128273980498e-02
-5.225126292988855475e-02
-5.226813680606674783e-02
-5.228506227563747832e-02
-5.230203039027794820e-02
-5.231903635196508140e-02
-5.233606965390158461e-02
-5.235312635922223512e-02
-5.237019790260355467e-02
-5.238727858987753810e-02
-5.240436585887373044e-02
-5.242145595824523885e-02
-5.243854563689156340e-02
-5.245563267247101147e-02
-5.247271548591972423e-02
-5.248979245707043051e-02
-5.250686199464049686e-02
-5.252392258333693498e-02
-5.254097281676789466e-02
-5.255801142042473839e-02
-5.257503726756153350e-02
-5.259204938986786204e-02
-5.260904698423440190e-02
-5.262603010907727225e-02
-5.264299928332960565e-02
-5.265995473381818170e-02
-5.267689649603641416e-02
-5.269382448774121569e-02
-5.271073856406086056e-02
-5.272763855890626183e-02
-5.274452431601441005e-02
-5.276139571198229516e-02
-5.277825267300664813e-02
-5.279509590272238317e-02
-5.281192647261370721e-02
-5.282874505831489792e-02
-5.284555204314102250e-02
-5.286234759466953981e-02
-5.287913172246117705e-02
-5.289590432168595618e-02
-5.291266520601881768e-02
-5.292941413223705566e-02
-5.294615081832101250e-02
-5.296287564223650657e-02
-5.297958924296670979e-02
-5.299629179080474206e-02
-5.301298308804436310e-02
-5.302966264472921271e-02
-5.304632973674660440e-02
-5.306298345072930217e-02
-5.307962271895055872e-02
-5.309624634653198338e-02
-5.311285303269407121e-02
-5.312944201769176367e-02
-5.314601271012704686e-02
-5.316256401700716894e-02
-5.317909444325545631e-02
-5.319560216883968684e-02
-5.321208510986624729e-02
-5.322853958953902009e-02
-5.324496388540163327e-02
-5.326135754828303925e-02
-5.327771698633715358e-02
-5.329403957232474454e-02
-5.331032304141307410e-02
-5.332656474740986308e-02
-5.334276171173001069e-02
-5.335891068124670733e-02
-5.337500818354910803e-02
-5.339105057604834337e-02
-5.340703408841547539e-02
-5.342295485890227735e-02
-5.343880896538397152e-02
-5.345459151414390375e-02
-5.347030029717728117e-02
-5.348593387530969911e-02
-5.350148736477657041e-02
-5.351695621893520771e-02
-5.353233598982398700e-02
-5.354762053804321131e-02
-5.356280669591578780e-02
-5.357789260649477303e-02
-5.359287264566273135e-02
-5.360774204694120082e-02
-5.362249461366214165e-02
-5.363712827482250423e-02
-5.365164129325156184e-02
-5.366602825198692195e-02
-5.368028469055011187e-02
-5.369440662479488258e-02
-5.370839035047128562e-02
-5.372223151123835250e-02
-5.373592611802779917e-02
-5.374947245463755630e-02
-5.376286748975049601e-02
-5.377610821104782113e-02
-5.378919295781116328e-02
-5.380211936505414905e-02
-5.381488557741795353e-02
-5.382748997661920831e-02
-5.383993116638985388e-02
-5.385220795991284282e-02
-5.386431936912726426e-02
-5.387626465061831627e-02
-5.388804335470463724e-02
-5.389965575401922671e-02
-5.391110163855789006e-02
-5.392238168221097361e-02
-5.393349591985503733e-02
-5.394444503099132815e-02
-5.395522986156917056e-02
-5.396585141103189820e-02
-5.397631082105569522e-02
-5.398660952808073676e-02
-5.399674925844577533e-02
-5.400673190686433589e-02
-5.401655951576765646e-02
-5.402623425719117745e-02
-5.403575841760901999e-02
-5.404513438503133482e-02
-5.405436463789284329e-02
-5.406345173538994187e-02
-5.407239830901225397e-02
-5.408120727762294466e-02
-5.408988181170076848e-02
-5.409842515283266873e-02
-5.410684060286871655e-02
-5.411513151321277471e-02
-5.412330127547264336e-02
-5.413136561165507454e-02
-5.413934960554117604e-02
-5.414720380671173006e-02
-5.415493513275317083e-02
-5.416254758274734182e-02
-5.417002095613435153e-02
-5.417735783723326426e-02
-5.418454841067590899e-02
-5.419159758672316418e-02
-5.419851018298653400e-02
-5.420529092064729770e-02
-5.421194442975893479e-02
-5.421847525411675750e-02
-5.422488785559402558e-02
-5.423118674573136622e-02
-5.423737647675083706e-02
-5.424346128735667294e-02
-5.424954760873544612e-02
-5.425595208279929138e-02
-5.426228239678383691e-02
-5.426855133014781007e-02
-5.427476243431754444e-02
-5.428091929163901541e-02
-5.428702550183402142e-02
-5.429308461233028904e-02
-5.429910018736293364e-02
-5.430507589303004701e-02
-5.431101546804413538e-02
-5.431692269855933897e-02
-5.432280139703193900e-02
-5.432865538453368615e-02
-5.433448847603306042e-02
-5.434030446824203442e-02
-5.434610712968102053e-02
-5.435189978104812414e-02
-5.435768549805311545e-02
-5.436346753400053688e-02
-5.436924927624287029e-02
-5.437503420886007077e-02
-5.438082588091334990e-02
-5.438662787965108103e-02
-5.439244380807983781e-02
-5.439827726636371763e-02
-5.440413183656327145e-02
-5.441001009133390742e-02
-5.441591396221745480e-02
-5.442184538778026270e-02
-5.442780744895774070e-02
-5.443380297705607829e-02
-5.443983496864995830e-02
-5.444590611105078193e-02
-5.445201994132287115e-02
-5.445817978624135913e-02
-5.446438891280366845e-02
-5.447064878521613862e-02
-5.447695977537750367e-02
-5.448332289084671654e-02
-5.448973964832415362e-02
-5.449621196958576164e-02
-5.450274209276895210e-02
-5.450933249709143114e-02
-5.451598583926672847e-02
-5.452270490006670689e-02
-5.452949253966342391e-02
-5.453634740963214655e-02
-5.454644461234507691e-02
-5.455781409278070981e-02
-5.456434869614906757e-02
-5.457247142736054712e-02
-5.458174767945164763e-02
-5.459183964345300233e-02
-5.460246031173951464e-02
-5.461337428162724161e-02
-5.462438935458355238e-02
-5.463451602928001694e-02
-5.464316510866426557e-02
-5.465060384899614321e-02
-5.465716653967488126e-02
-5.466310822217912424e-02
-5.466674168123988875e-02
-5.467313656915410991e-02
-5.467447828070953753e-02
-5.467514197115641572e-02
-5.467203977243205448e-02
-5.466380410242380194e-02
-5.465007088567519489e-02
-5.463087355066705009e-02
-5.460647429187830137e-02
-5.457725677122149399e-02
-5.454366605892403685e-02
-5.450616878320919956e-02
-5.446523101688716118e-02
-5.442130545129116037e-02
-5.437482818100171367e-02
-5.432640837276993262e-02
-5.427670836309940461e-02
-5.422625449752462024e-02
-5.417548063113958312e-02
-5.412475543862438343e-02
-5.407440164667974558e-02
-5.402470868290037975e-02
-5.397594224270117758e-02
-5.392834602254034659e-02
-5.388214952813068226e-02
-5.383779247748882169e-02
-5.379579496661163196e-02
-5.375653897409266024e-02
-5.372031288224100865e-02
-5.368734719086913632e-02
-5.365783487857479772e-02
-5.363194070766476307e-02
-5.360981185450813813e-02
-5.359158273075330381e-02
-5.357737845394731913e-02
-5.356756327896550207e-02
-5.356259952570535665e-02
-5.356279787659780356e-02
-5.356836969310159458e-02
-5.357946121183213006e-02
-5.359617554715111198e-02
-5.361858629114264752e-02
-5.364674684555079121e-02
-5.368069616506390695e-02
-5.372046170511225738e-02
-5.376633664621391362e-02
-5.381871809615078328e-02
-5.387783242629494429e-02
-5.394379513823155392e-02
-5.401664885686303930e-02
-5.409638743675017347e-02
-5.418297127505838917e-02
-5.427633706140307102e-02
-5.437640401308253824e-02
-5.448307789452015715e-02
-5.459654608701575151e-02
-5.471710499114092185e-02
-5.484486806797736480e-02
-5.497983033231715333e-02
-5.512190948779734090e-02
-5.527097222015121825e-02
-5.542685108447960307e-02
-5.558935543349118047e-02
-5.575827857179971314e-02
-5.593340252080440667e-02
-5.611480114401665165e-02
-5.630266235879977099e-02
-5.649698868308744570e-02
-5.669766455362544588e-02
-5.690449946617849586e-02
-5.711725603813401497e-02
-5.733566721971385116e-02
-5.755944776942191476e-02
-5.778830239945205449e-02
-5.802193083308314348e-02
-5.826032808804214314e-02
-5.850360745644732352e-02
-5.875170282143560296e-02
-5.900443626648969875e-02
-5.926156186625644584e-02
-5.952279453547504318e-02
-5.978782565063725518e-02
-6.005633643804481059e-02
-6.032800423320557048e-02
-6.060250798717541076e-02
-6.087981713894367874e-02
-6.116001885869762345e-02
-6.144302894656694658e-02
-6.172866136796908987e-02
-6.201667065436111681e-02
-6.230677556259371641e-02
-6.259867972129935787e-02
-6.289208139418772658e-02
-6.318668064766672088e-02
-6.348218421680024148e-02
-6.377856898639581995e-02
-6.407592233127944181e-02
-6.437417566895302368e-02
-6.467316682226521840e-02
-6.497267874124193487e-02
-6.527246756571736253e-02
-6.557227666782855513e-02
-6.587184715418065162e-02
-6.617092412632365195e-02
-6.646925967226083309e-02
-6.676653526734294131e-02
-6.706240181748240881e-02
-6.735655759160540101e-02
-6.764873731024981240e-02
-6.793870493476628081e-02
-6.822624686948879080e-02
-6.851116831241234328e-02
-6.879329270068097746e-02
-6.907245890368349239e-02
-6.934851908460948344e-02
-6.962090887359276281e-02
-6.988889187278198023e-02
-7.015198574917101693e-02
-7.040987386136575432e-02
-7.066234901982190730e-02
-7.090927698178606242e-02
-7.115057333029743691e-02
-7.138618758268754083e-02
-7.161609315088540706e-02
-7.184028136914363816e-02
-7.205829880547273691e-02
-7.226950301172180291e-02
-7.247351637782077638e-02
-7.267014163780001479e-02
-7.285930933442534563e-02
-7.304097246467829152e-02
-7.321514407110343847e-02
-7.338188934513734107e-02
-7.354134677602768011e-02
-7.369368356503466777e-02
-7.383854947001163016e-02
-7.397536262404838525e-02
-7.410380622587701971e-02
-7.422373433401158183e-02
-7.433511086478263030e-02
-7.443797040190779091e-02
-7.453239291316519910e-02
-7.461848729816543402e-02
-7.469638068745478032e-02
-7.476621145103962141e-02
-7.482759739347021044e-02
-7.487992555307809717e-02
-7.492287296467566027e-02
-7.495630172754932929e-02
-7.498019150733460647e-02
-7.499459614452128053e-02
-7.499961574012758980e-02
-7.499537868279472497e-02
-7.498203006539716498e-02
-7.495972421162169774e-02
-7.492809218262687365e-02
-7.488653152081069242e-02
-7.483472741939302397e-02
-7.477254783256301329e-02
-7.469997596098040815e-02
-7.461706716774403614e-02
-7.452392116447302539e-02
-7.442066409397495030e-02
-7.430743709864473523e-02
-7.418438911937684510e-02
-7.405115851030066865e-02
-7.390715595048372166e-02
-7.375207102308922735e-02
-7.358577013557604518e-02
-7.340823084418897360e-02
-7.321949975152042267e-02
-7.301966552516800379e-02
-7.280884161712503078e-02
-7.258715520830608114e-02
-7.235474014934413500e-02
-7.211125502326400094e-02
-7.185614687422202385e-02
-7.158912333553449359e-02
-7.131005665843183350e-02
-7.101892218556907221e-02
-7.071575896812311302e-02
-7.040064457517473950e-02
-7.007367900011109152e-02
