2.961359102248317665e-02
2.808014615770082489e-02
2.666063615975075574e-02
2.562354638690150788e-02
2.483220075131389870e-02
2.420370747013397827e-02
2.367434812644847453e-02
2.322172572443426120e-02
2.282460048510162598e-02
2.246988232232904892e-02
2.214965543934643843e-02
2.185925788581519202e-02
2.159580008859912637e-02
2.135749946484072348e-02
2.114343773848265107e-02
2.095322469977595192e-02
2.078678580186829605e-02
2.064422877021915292e-02
2.052575983028473439e-02
2.043163182799936917e-02
2.036211332132428775e-02
2.031746774154408186e-02
2.029756257777828865e-02
2.030203701246255377e-02
2.033065827362021127e-02
2.038327040601875528e-02
2.045976025388587805e-02
2.056003589380739349e-02
2.068401381305309816e-02
2.083161197867750003e-02
2.100274568906482231e-02
2.119732258389858681e-02
2.141484286508041346e-02
2.165458265408454208e-02
2.191597530606917421e-02
2.219855520014693551e-02
2.250192079307097859e-02
2.282571180463174865e-02
2.316959544649641045e-02
2.353325666199881927e-02
2.391639256128330615e-02
2.431870877659883523e-02
2.473949877539816100e-02
2.517783749668303650e-02
2.563297916138157495e-02
2.610429625397833742e-02
2.659124093581807791e-02
2.709331920844751385e-02
2.761007504057538808e-02
2.814108081986041454e-02
2.868593015760617648e-02
2.924423383612173577e-02
2.981518569226074278e-02
3.039776351463507886e-02
3.099113951070495143e-02
3.159461622048065355e-02
3.220758541477317105e-02
3.282950170773060727e-02
3.345986555642721516e-02
3.409821225235387665e-02
3.474410474033917673e-02
3.539712843224659955e-02
3.605645037470112113e-02
3.672102441627217440e-02
3.739000811677806180e-02
3.806269733046319104e-02
3.873848352994724298e-02
3.941682647537123052e-02
4.009723651519178644e-02
4.077926303946680098e-02
4.146248686680065187e-02
4.214651514937939325e-02
4.283053811798426258e-02
4.351353553941286756e-02
4.419469553965485464e-02
4.487334731208295069e-02
4.554891897620744201e-02
4.622090996858119194e-02
4.688887201882868672e-02
4.755239755612222785e-02
4.821111184723750331e-02
4.886466767001587663e-02
4.951230671463940913e-02
5.015306340295214160e-02
5.078618003394394509e-02
5.141104025939727262e-02
5.202712544950066631e-02
5.263398756699008696e-02
5.323123085044850766e-02
5.381849872638302945e-02
5.439546930338581832e-02
5.496184661628356061e-02
5.551693395112999863e-02
5.605983201434433516e-02
5.658984379043796586e-02
5.710640593927571174e-02
5.760905603446861423e-02
5.809739745477998651e-02
5.857108415033271398e-02
5.902980913747810088e-02
5.947329509340387732e-02
5.990129184785461525e-02
6.031316164911179611e-02
6.070807314329734750e-02
6.108538570651428357e-02
6.144458973131614044e-02
6.178526481364585154e-02
6.210705528742502257e-02
6.240965302103329559e-02
6.269278652174745115e-02
6.295621325524092260e-02
6.319971402222054890e-02
6.342312488461970821e-02
6.362630937131485975e-02
6.380912034760310991e-02
6.397140835033054973e-02
6.411302663569651283e-02
6.423383418000808143e-02
6.433369737953725798e-02
6.441248885863243290e-02
6.447009328129196803e-02
6.450640101098115142e-02
6.452177212099355352e-02
6.451679888656253192e-02
6.449186283537042264e-02
6.444720978411164203e-02
6.438300212738679029e-02
6.429934650185983869e-02
6.419631867657316082e-02
6.407397186938437739e-02
6.393234670806072217e-02
6.377143337411927959e-02
6.359177514696287559e-02
6.339406251031426409e-02
6.317872930557244526e-02
6.294610180216159145e-02
6.269642287054910668e-02
6.242988246696615229e-02
6.214663570068024168e-02
6.184681451958845555e-02
6.153053531622917904e-02
6.119790391525517514e-02
6.084947640343610353e-02
6.048602697353566704e-02
6.010810648714629001e-02
5.971612078589266792e-02
5.931038102781868715e-02
5.889113606310897309e-02
5.845859331448433061e-02
5.801293218060249446e-02
5.755431314470874082e-02
5.708288329351365875e-02
5.659923017406598422e-02
5.610415377389488256e-02
5.559823281855008625e-02
5.508190199534507281e-02
5.455550156861965760e-02
5.401930927761805501e-02
5.347356089846452831e-02
5.291846354831242216e-02
5.235420433780682559e-02
5.178095603765439647e-02
5.119931666456417618e-02
5.061008911310824199e-02
5.001386164988355643e-02
4.941108209335121071e-02
4.880210601906173618e-02
4.818722742421061023e-02
4.756669851198519483e-02
4.694074249195759330e-02
4.630956189749857455e-02
4.567334402784067882e-02
4.503267913004976863e-02
4.438835184836734116e-02
4.374094268921691064e-02
4.309089838538351924e-02
4.243857704031958611e-02
4.178427711215335072e-02
4.112825607297834751e-02
4.047074246816045884e-02
3.981194375305405209e-02
3.915205142475552957e-02
3.849162803929914722e-02
3.783141623258523545e-02
3.717197093194055113e-02
3.651372347164688614e-02
3.585702271234114669e-02
3.520216143706300649e-02
3.454939334813311724e-02
3.389894406072460620e-02
3.325101839798036418e-02
3.260580468707285906e-02
3.196381614744481237e-02
3.132572612514303301e-02
3.069204563496821803e-02
3.006317805350017247e-02
2.943945445665915872e-02
2.882115594207340648e-02
2.820852820096680924e-02
2.760179093696385477e-02
2.700114402173151018e-02
2.640677156347220889e-02
2.581911598474029290e-02
2.523875129497277214e-02
2.466612767139500506e-02
2.410161216620432256e-02
2.354551432826815227e-02
2.299810370310839680e-02
2.245962060856346310e-02
2.193028323532375534e-02
2.141029235182417834e-02
2.089983445971432818e-02
2.039927009439146399e-02
1.990905653846850032e-02
1.942957600448458333e-02
1.896115887666657840e-02
1.850409879410985781e-02
1.805866227125377255e-02
1.762509497046443885e-02
1.720362629715546654e-02
1.702450086740830981e-02
1.703878358406324400e-02
1.706561332569378475e-02
1.709564497736390520e-02
1.712309500934491857e-02
1.714445790669641423e-02
1.715768052106597663e-02
1.716163662237182863e-02
1.715579053262156206e-02
1.713998132354629944e-02
1.711428520929747510e-02
1.707892719330739162e-02
1.702332539309636683e-02
1.702267096933543500e-02
1.702378473930196701e-02
1.702471698024246582e-02
1.702563223088371380e-02
1.702652939253304631e-02
1.702740874752972644e-02
1.702827054192040945e-02
1.702911531051809479e-02
1.702994729303775046e-02
1.703075733801118208e-02
1.703155057556524077e-02
1.703232715891236926e-02
1.703308722385860063e-02
1.703383089306412246e-02
1.703455827961269931e-02
1.703526999109331030e-02
1.703596932667078567e-02
1.703664790418779607e-02
1.703731060607074910e-02
1.703795835402285852e-02
1.703859344442415491e-02
1.703921322565471463e-02
1.703981293740639003e-02
1.704039419722855331e-02
1.704096035730989778e-02
1.704151372443452050e-02
1.704203899968501079e-02
1.704254235555546781e-02
1.704302834124787891e-02
1.704351216541186154e-02
1.704400600774857999e-02
1.704447198214970038e-02
1.704491805620050870e-02
1.704534805361862526e-02
1.704576373672112011e-02
1.704620389012379000e-02
1.704661256961084725e-02
1.704700034387976459e-02
1.704737207502463048e-02
1.704773000399686933e-02
1.704807524473034297e-02
1.704840843498992009e-02
1.704873000186113430e-02
1.704904027939438405e-02
1.704933956130297301e-02
1.704962812485091850e-02
1.704990624180677261e-02
1.705017418349827341e-02
1.705044925398996325e-02
1.705072297934182024e-02
1.705097370267993906e-02
1.705120932707943071e-02
1.705143353402005513e-02
1.705164808885548111e-02
1.705185392551497592e-02
1.705205161705780625e-02
1.705224157979662314e-02
1.705242416178637255e-02
1.705259968107808444e-02
1.705276845247902240e-02
1.705293077877145791e-02
1.705308696775489907e-02
1.705323732310187745e-02
1.705338214189755508e-02
1.705352171447735432e-02
1.705365632483960003e-02
1.705378625104386758e-02
1.705391176543849530e-02
1.705403313471151594e-02
1.705413475068465190e-02
1.705424204778874242e-02
1.705433280307308563e-02
1.705443225606600999e-02
1.705453415255639427e-02
1.705463576127955183e-02
1.705473602104334852e-02
1.705483458736925528e-02
1.705493142066297207e-02
1.705502660837571183e-02
1.705512030098191301e-02
1.705521265402629161e-02
1.705530384315573356e-02
1.705539404065611886e-02
1.705548340806484209e-02
1.705557209485872305e-02
1.705566023910762286e-02
1.705571775105216292e-02
1.705579104212517905e-02
1.705587447860509864e-02
1.705596231227002324e-02
1.705605211215030503e-02
1.705614290144646938e-02
1.705623431363903486e-02
1.705629175847989121e-02
1.705637362528675260e-02
1.705646694215154358e-02
1.705656548997053212e-02
1.705666662244142984e-02
1.705676921592921835e-02
1.705687281073836603e-02
1.705697917857457169e-02
1.705708206383513281e-02
1.705717345413182429e-02
1.705726560152423521e-02
1.705735826311005621e-02
1.705744443417692158e-02
1.705753767148843192e-02
1.705763184108857744e-02
1.705772551400586146e-02
1.705781705759118472e-02
1.705791344563931111e-02
1.705801084147376412e-02
1.705810925769907227e-02
1.705820870480928564e-02
1.705830919147940938e-02
1.705840985285783651e-02
1.705850812057765897e-02
1.705861144446224609e-02
1.705871583209653264e-02
1.705882128306590584e-02
1.705892781967702221e-02
1.705903544677175865e-02
1.705914416864823258e-02
1.705925398867855214e-02
1.705936490915341275e-02
1.705947693124729159e-02
1.705959005505747195e-02
1.705970427969294434e-02
1.705981960337543679e-02
1.705993602008223919e-02
1.706005301791815865e-02
1.706017163781048396e-02
1.706028712606200148e-02
1.706040788540266750e-02
1.706052975928754045e-02
1.706065274474372062e-02
1.706077683757933894e-02
1.706090203257371041e-02
1.706102832358455390e-02
1.706115570321636854e-02
1.706128418083335818e-02
1.706141375287642536e-02
1.706154441468057947e-02
1.706167616029302669e-02
1.706180898242404265e-02
1.706194287247383978e-02
1.706207782060756295e-02
1.706221381584260843e-02
1.706235084614088349e-02
1.706248889690401005e-02
1.706262797045571267e-02
1.706276805528242346e-02
1.706290913871200132e-02
1.706305120670870146e-02
1.706319424379676430e-02
1.706333823306910302e-02
1.706348315622599476e-02
1.706362899365274077e-02
1.706377572448083968e-02
1.706392332358838693e-02
1.706407178198662833e-02
1.706422107635069407e-02
1.706437118217365989e-02
1.706452207352482375e-02
1.706467372292455598e-02
1.706482610131573874e-02
1.706497917807614506e-02
1.706513292104336332e-02
1.706528729656361931e-02
1.706544226483691640e-02
1.706559780026470352e-02
1.706575386300268615e-02
1.706591041203059378e-02
1.706606740484564733e-02
1.706622479729266728e-02
1.706638254348277761e-02
1.706654059576054316e-02
1.706669924172124486e-02
1.706685776099212126e-02
1.706701642628455362e-02
1.706717518986891613e-02
1.706733809216168241e-02
1.706749680982844186e-02
1.706765543610502811e-02
1.706781390490999528e-02
1.706797214864133605e-02
1.706813009788760160e-02
1.706828768134724394e-02
1.706844482578084854e-02
1.706860144718996830e-02
1.706875747442102020e-02
1.706891281959815876e-02
1.706906739438707188e-02
1.706922110938766113e-02
1.706937387374954374e-02
1.706952559493266075e-02
1.706967617855409403e-02
1.706982552829952593e-02
1.706997354586387017e-02
1.707012012704348103e-02
1.707026516790888238e-02
1.707040911556600982e-02
1.707055072785945704e-02
1.707069451452730702e-02
1.707083208739246238e-02
1.707096754562184571e-02
1.707110077072801491e-02
1.707123164263646409e-02
1.707136003942757996e-02
1.707148584932360880e-02
1.707160893398917967e-02
1.707172916534466234e-02
1.707184725532584491e-02
1.707196534711868940e-02
1.707207578668351600e-02
1.707218283608427645e-02
1.707228635876245626e-02
1.707242529998520553e-02
1.707270846460484659e-02
1.707299574623544203e-02
1.707327701088276473e-02
1.707355606641003387e-02
1.707383985350102718e-02
1.707412320889362123e-02
1.707440587529898690e-02
1.707468761073063779e-02
1.707496356706841856e-02
1.707527092346725062e-02
1.707556930439990683e-02
1.707581690535867058e-02
1.707615597032094423e-02
1.707644479481482125e-02
1.707673119211342017e-02
1.707753836850894880e-02
1.707988718200034728e-02
1.708478045444319915e-02
1.709312141761423764e-02
1.710574184978641554e-02
1.712343126198009879e-02
1.714677824229771108e-02
1.717624701554337774e-02
1.721233934218494022e-02
1.725557971826888193e-02
1.730650600667682504e-02
1.736566580935697268e-02
1.743360613318689634e-02
1.751087773985585128e-02
1.759803114894198384e-02
1.769561857129392513e-02
1.780401620124955064e-02
1.792349696488865218e-02
1.805438234878689596e-02
1.819702216551627449e-02
1.835178384561081399e-02
1.851904791039599152e-02
1.869920089250368123e-02
1.889263263279877814e-02
1.909973800931921706e-02
1.932090586043833103e-02
1.955633965677863739e-02
1.980611989797748107e-02
2.007038227098276173e-02
2.034929731944185027e-02
2.064304894604343521e-02
2.095183256198146493e-02
2.127584633895748811e-02
2.161528889671218701e-02
2.197035433228292090e-02
2.234122962143300639e-02
2.272788222345376030e-02
2.313014162159451881e-02
2.354789427554038195e-02
2.398105886823587163e-02
2.442957174379112306e-02
2.489337141536285269e-02
2.537239617596162566e-02
2.586657888949314699e-02
2.637584404177545361e-02
2.690010586115901270e-02
2.743902581678769881e-02
2.799210848173638855e-02
2.855892411937396846e-02
2.913908055373340411e-02
2.973220539428578224e-02
3.033793491542305376e-02
3.095590721309482429e-02
3.158575908557245682e-02
3.222712089902987631e-02
3.287961822378965282e-02
3.354260123228069990e-02
3.421525531045693791e-02
3.489685189723140679e-02
3.558671719752895535e-02
3.628421264951978142e-02
3.698872198820185586e-02
3.769964681046431010e-02
3.841639972763599697e-02
3.913840315656255675e-02
3.986508828834597895e-02
4.059560225348099460e-02
4.132893132377341017e-02
4.206417511119700525e-02
4.280051161696446504e-02
4.353717523310673965e-02
4.427344302135111098e-02
4.500862625146875851e-02
4.574206526706733889e-02
4.647312548253529352e-02
4.720119751252660478e-02
4.792538782446650880e-02
4.864464901048581869e-02
4.935806964463379520e-02
5.006483420912527516e-02
5.076420066830858446e-02
5.145548425226950662e-02
5.213804605189598096e-02
5.281128749169822223e-02
5.347464445170638236e-02
5.412758651857474401e-02
5.476930058497547771e-02
5.539882443774030163e-02
5.601534092861412684e-02
5.661813949970204152e-02
5.720658693004285200e-02
5.778011229719565156e-02
5.833819421854360976e-02
5.888035377294786876e-02
5.940614915427924747e-02
5.991517209194779925e-02
6.040673437077387353e-02
6.087999286161593915e-02
6.133425682870052853e-02
6.176893351910484053e-02
6.218349896870870031e-02
6.257748967648085747e-02
6.295049106672165329e-02
6.330213178564381149e-02
6.363207683421429062e-02
6.394002313876656629e-02
6.422573771625525452e-02
6.448902712472556753e-02
6.472969249789273238e-02
6.494753884928680665e-02
6.514238065226557461e-02
6.531404509629232247e-02
6.546237386330508445e-02
6.558722396429522705e-02
6.568846798264801889e-02
6.576599394682153266e-02
6.582009877401839848e-02
6.585129253713298270e-02
6.585991837328630805e-02
6.584621494165285305e-02
6.581035635848175858e-02
6.575247763049071881e-02
6.567269081215498794e-02
6.557109528485804972e-02
6.544778442448467848e-02
6.530284927242627213e-02
6.513678307822121094e-02
6.495028125929697138e-02
6.474385431311657779e-02
6.451789394708234981e-02
6.427271547278973207e-02
6.400858494560568435e-02
6.372731987761554029e-02
6.342887149372961053e-02
6.311303145303356898e-02
6.277967304939158222e-02
6.242916746865465050e-02
6.206213369128668611e-02
6.167900132900536181e-02
6.128008612967641988e-02
6.086563739862946298e-02
6.043586743393791760e-02
5.999096955828528421e-02
5.953112894690906765e-02
5.905652892731430570e-02
5.856735445288177577e-02
5.806428377020603215e-02
5.754819928789589589e-02
5.701970175969128807e-02
5.647922052827805683e-02
5.592708294250428591e-02
5.536355755694630232e-02
5.478888071087120726e-02
5.420327260463977948e-02
5.360694676867788777e-02
5.300011540121465914e-02
5.238346864572998585e-02
5.175789072703146365e-02
5.112398733263401329e-02
5.048219541269027832e-02
4.983285216385766048e-02
4.917623782895003126e-02
4.851260191647063791e-02
4.784217895651740604e-02
4.716519768344601404e-02
4.648188611619744059e-02
4.579292890644226510e-02
4.509919400656575705e-02
4.440128137586996093e-02
4.369963021411982229e-02
4.299458615327378386e-02
4.228644278358853481e-02
4.157546694792083053e-02
4.086191380731984957e-02
4.014603549304479602e-02
3.942808576618481164e-02
3.870874211050331914e-02
3.798885452733349877e-02
3.726902979232213364e-02
3.654973129257099718e-02
3.583134134008864047e-02
3.511419945886978811e-02
3.439862550174188627e-02
3.368493322755145014e-02
3.297343791474244279e-02
3.226446039578678704e-02
3.155868912280468397e-02
3.085697357241440342e-02
3.015996989293623365e-02
2.946822249102962199e-02
2.878221485134460633e-02
2.810240042934070148e-02
2.742922104572817488e-02
2.676311744157697237e-02
2.610453494748898873e-02
2.545392614712874146e-02
2.481200645532677385e-02
2.417962745664353763e-02
2.355753299373677945e-02
2.294640329179400973e-02
2.234688223641181914e-02
2.175869131433269543e-02
2.118284466042116843e-02
2.062048818446343690e-02
2.007267100725387832e-02
1.954037321128815341e-02
1.902453111399945995e-02
1.852608406857664258e-02
1.804598752133840245e-02
1.758518104069298205e-02
1.714456986072149247e-02
1.708694165300442269e-02
1.713444987265103081e-02
1.722782372546488583e-02
1.734015676095460035e-02
1.745603942760048932e-02
1.756608910139090263e-02
1.766465574924588888e-02
1.774925724257228610e-02
1.781942135029859764e-02
1.787593461415043494e-02
1.792034346776313902e-02
1.795462539565337301e-02
1.798139767832346303e-02
1.801513426765372072e-02
1.805038130960887055e-02
1.790537294346228325e-02
1.743346330169995295e-02
1.698998700226425629e-02
1.699522544955045511e-02
1.700028757401789159e-02
1.700518174939769089e-02
1.700991311488025959e-02
1.701449013581171621e-02
1.701890612388662349e-02
1.702317016275650685e-02
1.702728585390522742e-02
1.703125925276668950e-02
1.703508350911947522e-02
1.703877194789696348e-02
1.704231452932800095e-02
1.704572127562642425e-02
1.704899450935906668e-02
1.705213650083858834e-02
1.705515710653468520e-02
1.705804566219171203e-02
1.706081049850388665e-02
1.706345806746792371e-02
1.706598022666963588e-02
1.706838422747183892e-02
1.707067271955567400e-02
1.707285211571976657e-02
1.707491481768802499e-02
1.707686773994016027e-02
1.707871292250401352e-02
1.708045238207148153e-02
1.708208834829499922e-02
1.708362328754284287e-02
1.708505953312233760e-02
1.708639931430644410e-02
1.708764906442655773e-02
1.708880216016286924e-02
1.708986500465825564e-02
1.709083919544354679e-02
1.709172658292085201e-02
1.709252883851591909e-02
1.709324748702298336e-02
1.709388390586807915e-02
1.709443936650936746e-02
1.709491170532151383e-02
1.709530931643660212e-02
1.709562957939017580e-02
1.709587350264049621e-02
1.709604201315642613e-02
1.709613595976530731e-02
1.709615611737602681e-02
1.709609955049062879e-02
1.709597426446610169e-02
1.709577620514735052e-02
1.709550326429309930e-02
1.709515655018964408e-02
1.709475667444212976e-02
1.709427364540608285e-02
1.709371424822717089e-02
1.709308313775792509e-02
1.709238182210459644e-02
1.709161303501943729e-02
1.709077365853925445e-02
1.708986045001292808e-02
1.708887945595852220e-02
1.708782803938280193e-02
1.708670637141840309e-02
1.708551255966034299e-02
1.708425087189427427e-02
1.708291971338091186e-02
1.708151948330377534e-02
1.708004935191112517e-02
1.707851129216339525e-02
1.707690469029926605e-02
1.707522984992149162e-02
1.707348714206663454e-02
1.707167709626364327e-02
1.706979997236307556e-02
1.706785642595240460e-02
1.706584703199842679e-02
1.706377240300294140e-02
1.706163303277810628e-02
1.705942935058504806e-02
1.705716264761147904e-02
1.705483190066420240e-02
1.705243851078366846e-02
1.704998315562356037e-02
1.704746654265004713e-02
1.704488941303478056e-02
1.704225253572536070e-02
1.703974535232866128e-02
1.703881609550692011e-02
1.703772516925017300e-02
1.703658897408480422e-02
1.703540723652133271e-02
1.703417928142339499e-02
1.703290439417021185e-02
1.703158185225675525e-02
1.703021093505446837e-02
1.702879093159911927e-02
1.702732114677271702e-02
1.702579942653947853e-02
1.702421566126116614e-02
1.702255439118655067e-02
1.702221906162321163e-02
1.702794344159644369e-02
1.709648055512638654e-02
1.717512404027449202e-02
1.726475649332340212e-02
1.736967758689569874e-02
1.749290812210158030e-02
1.763464474745998767e-02
1.779352521176158497e-02
1.796875395884969806e-02
1.815990783222667937e-02
1.836680911874460920e-02
1.858944808118595526e-02
1.882792887811562954e-02
1.908243578008372854e-02
1.935321065036552102e-02
1.964053654276151639e-02
1.994441579848008073e-02
2.026469426406690699e-02
2.060133038157699326e-02
2.095436324475977163e-02
2.132388327349496460e-02
2.171001533757616064e-02
2.211290714187230666e-02
2.253272118522492429e-02
2.296962997937124218e-02
2.342381120243186565e-02
2.389509953474380777e-02
2.438312460148761573e-02
2.488762541294706199e-02
2.540840973766200772e-02
2.594532605895358279e-02
2.649824679230863844e-02
2.706705409951465358e-02
2.765163503667097955e-02
2.825187555292638097e-02
2.886765740251620582e-02
2.949846856272306250e-02
3.014355786402794779e-02
3.080229779690679681e-02
3.147413596907075450e-02
3.215856473769151957e-02
3.285510246603290385e-02
3.356328163976066148e-02
3.428264156224622439e-02
3.501272399178245731e-02
3.575307067358793334e-02
3.650278835685788481e-02
3.726073058772250146e-02
3.802590331705271720e-02
3.879741162530850329e-02
3.957442617326303869e-02
4.035616229210747807e-02
4.114186713245915339e-02
4.193081074527313379e-02
4.272228470277117385e-02
4.351559733431242805e-02
4.430973792977305203e-02
4.510349350311290695e-02
4.589575331444512019e-02
4.668548458377957955e-02
4.747171614713355248e-02
4.825352994883727598e-02
4.903005499850957016e-02
4.980046168022883579e-02
5.056395951855019444e-02
5.131979444580961336e-02
5.206657388166716083e-02
5.280256574356234633e-02
5.352633602932505008e-02
5.423665767434882046e-02
5.493245340836133694e-02
5.561275738447349348e-02
5.627668314502504154e-02
5.692341915515775064e-02
5.755221839434818132e-02
5.816238770836146266e-02
5.875258730131482920e-02
5.932114236936353313e-02
5.986669793434196141e-02
6.038812174317237380e-02
6.088444164308967621e-02
6.135480211360666569e-02
6.179844006585061278e-02
6.221466634453767797e-02
6.260285394903963851e-02
6.296243091817210757e-02
6.329287691440366181e-02
6.359371994521559324e-02
6.386452200419659442e-02
6.410487861679145527e-02
6.431441638623175416e-02
6.449279152454936992e-02
6.463968716309811957e-02
6.475481577644714992e-02
6.483791491374404914e-02
6.488874782197456836e-02
6.490783938289698685e-02
6.489612120207954860e-02
6.485422345070243622e-02
6.478258407880194136e-02
6.468151916178738192e-02
6.455126821025342077e-02
6.439202340625355125e-02
6.420394852229729943e-02
6.398719121889995254e-02
6.374189109341973913e-02
6.346922725472925464e-02
6.317095676714892805e-02
6.284843281779128876e-02
6.250273582726173505e-02
6.213475904634685465e-02
6.174526486322248764e-02
6.133492218767522264e-02
6.090433157516489393e-02
6.045404237450408003e-02
5.998456465568674512e-02
5.949691578585888929e-02
5.899234667947886313e-02
5.847182397849357005e-02
5.793612729187175292e-02
5.738591207502716229e-02
5.682175035621028769e-02
5.624415722603412493e-02
5.565360816538056365e-02
5.505055046625248472e-02
5.443541083383424128e-02
5.380913484829033533e-02
5.317290923313222617e-02
5.252764516271499207e-02
5.187407489882561729e-02
5.121281375243225131e-02
5.054439978150243595e-02
4.986931925327725557e-02
4.918802300462560284e-02
4.850093698262211706e-02
4.780846906390251450e-02
4.711151588705730919e-02
4.641120044490726348e-02
4.570838641094551735e-02
4.500376907664138670e-02
4.429793345629978729e-02
4.359139146221521766e-02
4.288460559034376618e-02
4.217800375012992209e-02
4.147198924718506485e-02
4.076694683469897496e-02
4.006368272383797891e-02
3.936319892060363701e-02
3.866627345742917887e-02
3.797353806198991433e-02
3.728552771376619779e-02
3.660271223928840412e-02
3.592551648265604469e-02
3.525433321421714283e-02
3.458953142736184705e-02
3.393146170966582220e-02
3.328078716792157166e-02
3.263831951812157239e-02
3.200470641613345490e-02
3.138048660890219166e-02
3.076612511394916094e-02
3.016203566351302601e-02
2.956859506160067208e-02
2.898615255095293719e-02
2.841503534102410300e-02
2.785555302016801127e-02
2.730818374315355235e-02
2.677349238336704240e-02
2.625195921556400247e-02
2.574420058645657261e-02
2.525034684123905748e-02
2.477066517916615140e-02
2.430544597471731572e-02
2.385497368314570821e-02
2.341952640410827069e-02
2.299937276846633627e-02
2.259416905326058767e-02
2.220325699757605409e-02
2.182624704701069396e-02
2.146288235107537967e-02
2.111301431711470888e-02
2.077657894896303703e-02
2.045355511192481490e-02
2.014395030455901070e-02
1.984779175446113597e-02
1.956512195935755649e-02
1.921633747190115704e-02
1.874296523703497530e-02
1.815743503047936858e-02
1.747538592663208656e-02
1.701362682873377996e-02
1.701687482577204924e-02
1.702005695167993493e-02
1.702316253127678092e-02
1.702619122650506078e-02
1.702914496982890769e-02
1.703202666138348143e-02
1.703480480458732793e-02
1.703752724048776535e-02
1.704020182360352353e-02
1.704281191634524073e-02
1.704533685160458667e-02
1.704776168697302863e-02
1.705013339391248106e-02
1.705243659924177146e-02
1.705466466195273978e-02
1.705676704237685248e-02
1.705924021883731267e-02
1.706203888838686566e-02
1.706474541479222062e-02
1.706736402016284515e-02
1.706986948278954586e-02
1.707228072449054612e-02
1.707463205115272720e-02
1.707691100695002406e-02
1.707911277919310633e-02
1.708123559336569008e-02
1.708327950997740041e-02
1.708526356319450823e-02
1.708716477993413307e-02
1.708899894583157386e-02
1.709074670223814651e-02
1.709240405089199055e-02
1.709398817372204116e-02
1.709549997733764148e-02
1.709694040512618751e-02
1.709831039473297398e-02
1.709961092993986242e-02
1.710084296582886632e-02
1.710200745176385095e-02
1.710310533258546650e-02
1.710413754926984331e-02
1.710510503922982317e-02
1.710600873637607711e-02
1.710684957100849779e-02
1.710762846959379413e-02
1.710834634965052725e-02
1.710900415861776880e-02
1.710960281433429597e-02
1.711014322364173834e-02
1.711062628394768859e-02
1.711105288424380477e-02
1.711142390572359395e-02
1.711174022212894053e-02
1.711200269988155664e-02
1.711221219807818050e-02
1.711236956498801698e-02
1.711247566706433632e-02
1.711253134409421173e-02
1.711253742338345041e-02
1.711249472109357961e-02
1.711240404313862928e-02
1.711226618576505709e-02
1.711208193591759463e-02
1.711185207144427789e-02
1.711157736119561790e-02
1.711125856082673646e-02
1.711089643590846254e-02
1.711049172940390384e-02
1.711004517269912317e-02
1.710955748678341659e-02
1.710902938313133004e-02
1.710846156436565679e-02
1.710785472478623670e-02
1.710720955079356176e-02
1.710652672124218787e-02
1.710580690152674332e-02
1.710505076406770852e-02
1.710425896524575551e-02
1.710343215453152821e-02
1.710257097558628980e-02
1.710167606716458955e-02
1.710073223189545466e-02
1.709974712295339594e-02
1.709874510765904687e-02
1.709771851333566350e-02
1.709666420276245713e-02
1.709558125903593018e-02
1.709446963414787413e-02
1.709332965361162748e-02
1.709216180398864804e-02
1.709096664197606863e-02
1.708974475572502816e-02
1.708849674851933842e-02
1.708722323197783832e-02
1.708592482327392359e-02
1.708458327625358986e-02
1.708320938132371070e-02
1.708182992508341935e-02
1.708043588174160132e-02
1.707902350983542261e-02
1.707759155662050277e-02
1.707611698735447825e-02
1.707461300603224652e-02
1.707311227785740515e-02
1.707160319712025531e-02
1.707008058943837447e-02
1.706851693943312043e-02
1.706693039237466847e-02
1.706535516632268212e-02
1.706377631311298271e-02
1.706218784982299619e-02
1.706058760514247985e-02
1.705897502944161981e-02
1.705734152240065415e-02
1.705568046875372001e-02
1.705400844019333562e-02
1.705232621104554869e-02
1.705063080142260601e-02
1.704892924636203233e-02
1.704721954158491815e-02
1.704550235499757704e-02
1.704377834847198292e-02
1.704204817658286353e-02
1.704031248609091942e-02
1.703857191548521777e-02
1.703682708700426929e-02
1.703507862766312497e-02
1.703332595197953880e-02
1.703156695618834870e-02
1.702981081104448791e-02
1.702805338037166605e-02
1.702629521931808831e-02
1.702453687062518983e-02
1.702277886484582226e-02
1.702102172025371507e-02
1.701926593235103535e-02
1.701751199184864394e-02
1.701576036377006051e-02
1.701401150127157536e-02
1.701226584512921525e-02
1.701052382348725023e-02
1.700878585175538693e-02
1.700705233260541016e-02
1.700532365604193186e-02
1.700360019950244994e-02
1.700188231349405998e-02
1.700017034326173349e-02
1.699846460897616596e-02
1.699676542071951180e-02
1.699507307786110588e-02
1.699338786876400387e-02
1.699184190066110878e-02
1.699077161746984088e-02
1.698967568148682106e-02
1.698858070610745341e-02
1.698748616848341775e-02
1.698643450018835765e-02
1.698553062494626009e-02
1.698462451927004735e-02
1.698371688685598735e-02
1.698280844142036061e-02
1.698189987636875009e-02
1.698099186565227292e-02
1.698008506449660837e-02
1.697918011009855177e-02
1.697827762555526032e-02
1.697738337870732805e-02
1.697648764427905910e-02
1.697605406888796908e-02
1.697736611889988367e-02
1.697855135824152817e-02
1.697971220295940720e-02
1.698084887503506502e-02
1.698196159846634967e-02
1.698305059092114488e-02
1.698411607654609634e-02
1.698515828101307412e-02
1.698617741059840758e-02
1.698717366160534814e-02
1.698814722144376121e-02
1.698909826947486712e-02
1.699002697768933756e-02
1.699093351125255391e-02
1.699181802894705884e-02
1.699268068354034544e-02
1.699352165403925086e-02
1.699434112076389503e-02
1.699513924848269908e-02
1.699591618874371490e-02
1.699667208134744700e-02
1.699740705555122244e-02
1.699812123106156370e-02
1.699881471885275608e-02
1.699948762184846918e-02
1.700014003549313313e-02
1.700077211082906548e-02
1.700138900032688305e-02
1.700198073838923851e-02
1.700255254708799013e-02
1.700310452934064576e-02
1.700363677342239810e-02
1.700415044347480809e-02
1.700464339104451605e-02
1.700511678868490972e-02
1.700557067789865151e-02
1.700600521447179214e-02
1.700642050852049780e-02
1.700681669291403963e-02
1.700719387196031329e-02
1.700755212473728517e-02
1.700789150800136040e-02
1.700821205871488884e-02
1.700851379624665483e-02
1.700879672426522382e-02
1.700906083239317468e-02
1.700930635265812674e-02
1.701224011100585520e-02
1.701006521189052378e-02
1.701040850292023787e-02
1.701080246673900009e-02
1.701100002309627324e-02
1.701112420606956666e-02
1.701117605907828678e-02
1.701117820539002623e-02
1.701113430983380859e-02
1.701112050060557546e-02
1.701120201400316279e-02
1.701135468057576872e-02
1.701158793499801813e-02
1.701160349886057799e-02
1.701278183249479992e-02
1.703377196488223277e-02
1.705978040768996173e-02
1.708939788241814473e-02
1.712469864695637112e-02
1.716691072984313782e-02
1.721675038472603170e-02
1.727476646250003522e-02
1.734141566490107755e-02
1.741710419456612979e-02
1.750221940337925997e-02
1.759714252303304360e-02
1.770225797030441917e-02
1.781795816700970647e-02
1.794464564429545939e-02
1.808255608434589101e-02
1.823182878089091297e-02
1.839266515505305621e-02
1.856530788397162124e-02
1.875002819301890833e-02
1.894711685784494781e-02
1.915687814477814999e-02
1.937962726782976874e-02
1.961568334803898139e-02
1.986537131188803595e-02
2.012882352221445625e-02
2.040605397469077986e-02
2.069713884210611088e-02
2.100218825667296563e-02
2.132133586442733209e-02
2.165472766103332392e-02
2.200251436702543861e-02
2.236484927543899714e-02
2.274188434371812728e-02
2.313376934537442198e-02
2.354043035689229457e-02
2.396165712253353619e-02
2.439730060824218949e-02
2.484724826806769538e-02
2.531140753692165402e-02
2.578969529132019156e-02
2.628203044235633001e-02
2.678832983596454720e-02
2.730850508405843757e-02
2.784246098015730198e-02
2.838985012997896629e-02
2.895017130416452367e-02
2.952299509657271837e-02
3.010793475110914996e-02
3.070462773950302648e-02
3.131272423073477862e-02
3.193187996991547761e-02
3.256175198293406736e-02
3.320199609549132069e-02
3.385226561976784065e-02
3.451194026337564558e-02
3.518023831233990650e-02
3.585646883364554394e-02
3.653999923662040739e-02
3.723023494910410180e-02
3.792660684730067566e-02
3.862856362593511395e-02
3.933556731038681531e-02
4.004709076036075399e-02
4.076261642845033228e-02
4.148134284889426482e-02
4.220230899476157260e-02
4.292466891644244886e-02
4.364765552487992473e-02
4.437055809184381472e-02
4.509270774528459369e-02
4.581346876087458164e-02
4.653223336348311090e-02
4.724841815974067938e-02
4.796146209062387977e-02
4.867051702462904528e-02
4.937458035154990155e-02
5.007278473364590310e-02
5.076435860332675909e-02
5.144860021919342441e-02
5.212486310190161953e-02
5.279254380592640628e-02
5.345107709649116190e-02
5.409993023127204759e-02
5.473860004094344145e-02
5.536629545506951966e-02
5.598207574825445065e-02
5.658514519532784059e-02
5.717481213488084801e-02
5.775046147276469144e-02
5.831153647711848076e-02
5.885752832876139928e-02
5.938796783732028239e-02
5.990242088567310219e-02
6.040048538653750021e-02
6.088147461041032438e-02
6.134455318575177118e-02
6.178903083542372499e-02
6.221432008768881805e-02
6.261990874737616286e-02
6.300534195090656819e-02
6.337021034935438890e-02
6.371414285354190521e-02
6.403680095401925731e-02
6.433787593424081241e-02
6.461711542827133781e-02
6.487430022130674656e-02
6.510921161913302280e-02
6.532163686706282668e-02
6.551137404950252430e-02
6.567823467585590103e-02
6.582204439883967972e-02
6.594264525535659116e-02
6.603989410347865796e-02
6.611366330962420435e-02
6.616421904128141906e-02
6.619203304877591121e-02
6.619741780538157538e-02
6.618058697412854130e-02
6.614169333846500742e-02
6.608085359872911679e-02
6.599816364597682616e-02
6.589370844805797489e-02
6.576756843168585220e-02
6.561982293957668855e-02
6.545094092470876701e-02
6.526158793854439089e-02
6.505225237893669243e-02
6.482330750877968173e-02
6.457506204574134379e-02
6.430777238492069170e-02
6.402166679344498124e-02
6.371690357276177386e-02
6.339361971221774139e-02
6.305195505487729002e-02
6.269246655233970400e-02
6.231591985802042988e-02
6.192290027150226805e-02
6.151387583211034848e-02
6.108923792143594600e-02
6.064932723712745943e-02
6.019445026384498409e-02
5.972488991998087249e-02
5.924091238766807099e-02
5.874277150143558668e-02
5.823111403764630323e-02
5.770677669258048037e-02
5.717039834579262791e-02
5.662248868117600309e-02
5.606347214609933016e-02
5.549371608774525400e-02
5.491354877730580952e-02
5.432327097274369798e-02
5.372316335342786076e-02
5.311349131774892318e-02
5.249489619301533905e-02
5.186820009296586043e-02
5.123403262368081412e-02
5.059289705309030771e-02
4.994521270788501721e-02
4.929134200540921662e-02
4.863160777324526673e-02
4.796630453463879284e-02
4.729570570062119339e-02
4.662006830102122246e-02
4.594000135312839572e-02
4.525628378054932788e-02
4.456951327598951407e-02
4.388016801611951956e-02
4.318864622313786650e-02
4.249529149411129803e-02
4.180040904955822922e-02
4.110427618932277483e-02
4.040714905336348362e-02
3.970926702542834641e-02
3.901118940286771308e-02
3.831363100725831972e-02
3.761714293540868725e-02
3.692216786763402592e-02
3.622907547981882304e-02
3.553818512481979330e-02
3.484978039746983169e-02
3.416411852532111326e-02
