-1.926165900745291371e-03
-3.021709785583887031e-03
-4.534929684396449279e-03
-6.616914924877204118e-03
-9.301441611844180057e-03
-1.166303150393946386e-02
-1.166126103593928542e-02
-1.165936363350766891e-02
-1.165733693314743857e-02
-1.165518420967476265e-02
-1.165290052605560955e-02
-1.165048881438845996e-02
-1.164794706811594915e-02
-1.164527672413570580e-02
-1.164247222146130856e-02
-1.163953528862379794e-02
-1.163645982367411680e-02
-1.163324423296141497e-02
-1.162988446098645046e-02
-1.162637905607177835e-02
-1.162272877773060098e-02
-1.161893244846498585e-02
-1.161498888435791299e-02
-1.161089708218762673e-02
-1.160665622375781081e-02
-1.160226417075635452e-02
-1.159772235435427290e-02
-1.159303038465975266e-02
-1.158818818229462311e-02
-1.158319538170377028e-02
-1.157805291698010830e-02
-1.157276116807090527e-02
-1.156732065417070965e-02
-1.156173224092724161e-02
-1.155599690253902856e-02
-1.155011568122513155e-02
-1.154408976699278222e-02
-1.153792047678137145e-02
-1.153160931904501085e-02
-1.152515782000912425e-02
-1.151856764428904611e-02
-1.151184055728282640e-02
-1.150497838559214059e-02
-1.149798315021585693e-02
-1.149085684453121647e-02
-1.148360156633743134e-02
-1.147621947910662521e-02
-1.146871280518041436e-02
-1.146108381904781259e-02
-1.145333472722945278e-02
-1.144546803711335436e-02
-1.143748610402268995e-02
-1.142939134580420180e-02
-1.142118620001023044e-02
-1.141287311770317059e-02
-1.140445455736020797e-02
-1.139593297887793455e-02
-1.138731083767854924e-02
-1.137859057892826042e-02
-1.136977463187036075e-02
-1.136086540428336844e-02
-1.135186527707160442e-02
-1.134277659899862734e-02
-1.133360168157268588e-02
-1.132434279409556821e-02
-1.131500215888549266e-02
-1.130558194668614125e-02
-1.129608425326461552e-02
-1.128651111375614247e-02
-1.127686455713979019e-02
-1.126714654445974684e-02
-1.125735890751858315e-02
-1.124750340403311843e-02
-1.123758173309392927e-02
-1.122759551345119122e-02
-1.121754628104612572e-02
-1.120743548681175927e-02
-1.119726449474549301e-02
-1.118703458025517572e-02
-1.117674692877902720e-02
-1.116640263467741367e-02
-1.115600270039551756e-02
-1.114554803589347387e-02
-1.113503945833956010e-02
-1.112447769206208192e-02
-1.111386336875400116e-02
-1.110319702792333940e-02
-1.109247911758305671e-02
-1.108170999517121835e-02
-1.107088992869391386e-02
-1.106001915523936729e-02
-1.104909768989971453e-02
-1.103812557078250045e-02
-1.102710272270816805e-02
-1.101602898990158841e-02
-1.100490413824840863e-02
-1.099372785769839322e-02
-1.098249976481117940e-02
-1.097121927882840908e-02
-1.095988600423455916e-02
-1.094849937036129761e-02
-1.093705872699923809e-02
-1.092556336513188231e-02
-1.091401234423607092e-02
-1.090240486905282025e-02
-1.089074026474157186e-02
-1.087901761221714281e-02
-1.086723566411590403e-02
-1.085539344990206490e-02
-1.084348429335571518e-02
-1.083151450661677673e-02
-1.081948213576867934e-02
-1.080738592055932590e-02
-1.079522144728195521e-02
-1.078299194572199249e-02
-1.077069558834460594e-02
-1.075833119425936846e-02
-1.074589710675667720e-02
-1.073339194294357923e-02
-1.072081573879912764e-02
-1.070816829568810302e-02
-1.069544545988164452e-02
-1.068264755054337822e-02
-1.066977567252902492e-02
-1.065682788722956131e-02
-1.064380347355312062e-02
-1.063070100375280991e-02
-1.061753020682458526e-02
-1.060435896361162922e-02
-1.059111487568527299e-02
-1.057779070100157981e-02
-1.056438077620001914e-02
-1.055087859960956997e-02
-1.053728913228396680e-02
-1.052361083866515390e-02
-1.050984247255891402e-02
-1.049598283844262181e-02
-1.048203079186801889e-02
-1.046797860190631924e-02
-1.045383172827554774e-02
-1.043958310968251535e-02
-1.042523769204252437e-02
-1.041079427396013335e-02
-1.039625205183795920e-02
-1.038161028316715584e-02
-1.036686828899374690e-02
-1.035202545661231821e-02
-1.033708124250730387e-02
-1.032203517552980621e-02
-1.030688686029060386e-02
-1.029163598075034936e-02
-1.027627662496029270e-02
-1.026081435244773077e-02
-1.024524894974949973e-02
-1.022958046314480229e-02
-1.021380354007518643e-02
-1.019792422847377866e-02
-1.018194248814155434e-02
-1.016585879444120710e-02
-1.014967373855121813e-02
-1.013338803123942089e-02
-1.011700250641242582e-02
-1.010051812442980257e-02
-1.008393597514577189e-02
-1.006725728064562786e-02
-1.005048339765281240e-02
-1.003361581958052418e-02
-1.001665617818903176e-02
-9.999606244818104450e-03
-9.982467931173327758e-03
-9.965243289652578329e-03
-9.947934513199307993e-03
-9.930543934673727313e-03
-9.913074025734561201e-03
-9.895527395229392065e-03
-9.877906787090093288e-03
-9.860215077739833966e-03
-9.842455273013833716e-03
-9.824630504604178749e-03
-9.806744026040245532e-03
-9.788799208216486525e-03
-9.770799534486812599e-03
-9.752748595342794480e-03
-9.734650082697332563e-03
-9.716507783796943243e-03
-9.698325574788266290e-03
-9.680107413965119423e-03
-9.661857334724188728e-03
-9.643583861203106067e-03
-9.625286408821667750e-03
-9.606974361335451906e-03
-9.588646338018980142e-03
-9.570306996493471718e-03
-9.551960642657855716e-03
-9.533611603184347083e-03
-9.515264217281979575e-03
-9.496922828486215051e-03
-9.478596583821760624e-03
-9.460284157225065660e-03
-9.441995214601789366e-03
-9.423728189427479918e-03
-9.405487586286245816e-03
-9.387280894141661336e-03
-9.369110813592304576e-03
-9.350975821809409672e-03
-9.332880183118702488e-03
-9.314827806661873932e-03
-9.296822529908044253e-03
-9.277885262785501297e-03
-9.258664313701536752e-03
-9.239466134488158455e-03
-9.220280124586990866e-03
-9.201104528025624840e-03
-9.181938411064460848e-03
-9.162781842789124997e-03
-9.143637482612598788e-03
-9.124505774361121868e-03
-9.105389005365865929e-03
-9.086291573087088014e-03
-9.067213852877495373e-03
-9.048158784655285780e-03
-9.029129388205436868e-03
-9.010128534720412974e-03
-8.991158882524483142e-03
-8.972222793175513300e-03
-8.953322239721006603e-03
-8.934458711767345740e-03
-8.915633307076079039e-03
-8.896781603451628384e-03
-8.877824635203854231e-03
-8.858781838597784564e-03
-8.839672923248401148e-03
-8.820514269070198199e-03
-8.801321459273842018e-03
-8.782109090976417121e-03
-8.762891158934790758e-03
-8.743681120338006596e-03
-8.724491903474795862e-03
-8.701515219038905014e-03
-8.672149882902727147e-03
-8.637149293722459764e-03
-8.596989086345083186e-03
-8.551973239388235837e-03
-8.502302019748567141e-03
-8.448114962388619809e-03
-8.389518277597540763e-03
-8.326600579473958375e-03
-8.259445146843305552e-03
-8.188134317886688884e-03
-8.112755371333921217e-03
-8.033402691995358835e-03
-7.950178159054105409e-03
-7.863191836673846802e-03
-7.772562260993973182e-03
-7.678416486843919753e-03
-7.580890330365228080e-03
-7.480127189663565712e-03
-7.376277703577807654e-03
-7.269501594799429589e-03
-7.159966769745604309e-03
-7.047848407992593489e-03
-6.933329182691877479e-03
-6.816598051278002779e-03
-6.697850413870984343e-03
-6.577290159969564898e-03
-6.455127175920283289e-03
-6.331577720040559853e-03
-6.206865228809629875e-03
-6.081219946624027983e-03
-5.954879620991379574e-03
-5.828088218995053360e-03
-5.701095806739345240e-03
-5.574157802254772753e-03
-5.447534794167999128e-03
-5.321494099669435429e-03
-5.196308938449412107e-03
-5.072258826714817759e-03
-4.949627693510025295e-03
-4.828703399512246364e-03
-4.709780108271596766e-03
-4.593158223886589786e-03
-4.479139854591765446e-03
-4.368031573800570944e-03
-4.260144406028454345e-03
-4.155792330409954771e-03
-4.055291916337314118e-03
-3.958960627947927247e-03
-3.867115872245960317e-03
-3.780076482756467016e-03
-3.698161457516530026e-03
-3.621688320168944819e-03
-3.550972311678252114e-03
-3.486325889159702651e-03
-3.428056894640818530e-03
-3.376467066224991820e-03
-3.331853036139725832e-03
-3.294504998548830610e-03
-3.264704851509245276e-03
-3.242725221686892922e-03
-3.228828479693704456e-03
-3.223265765017260809e-03
-3.226276036775860279e-03
-3.238085164425516527e-03
-3.258905070910741997e-03
-3.288932939338823358e-03
-3.328350492922418913e-03
-3.377323356596503845e-03
-3.436000507334863174e-03
-3.504513818765056521e-03
-3.582977704212633729e-03
-3.671488860817251343e-03
-3.770126115874308792e-03
-3.878950375097667269e-03
-3.998004671091695550e-03
-4.127314308987689584e-03
-4.266886674811995461e-03
-4.416712994862723174e-03
-4.576766773467216831e-03
-4.747006680832305259e-03
-4.927374814170631945e-03
-5.117797507608518037e-03
-5.318186787430664864e-03
-5.528440486114935548e-03
-5.748444093476509642e-03
-5.978072138295348337e-03
-6.217186352720976972e-03
-6.465637311425964651e-03
-6.723264679890400553e-03
-6.989901939801604347e-03
-7.265371729311478899e-03
-7.549487620926706444e-03
-7.842056431911229031e-03
-8.142881118825814890e-03
-8.451756145174002532e-03
-8.768471893742135759e-03
-9.092811966456060269e-03
-9.424555822790323112e-03
-9.763479376053763037e-03
-1.010935423676385947e-02
-1.046194702888958439e-02
-1.082102256744695012e-02
-1.118634474275191637e-02
-1.155767438779596590e-02
-1.193476640870212713e-02
-1.231737386716752480e-02
-1.270524775067639889e-02
-1.309813479935015290e-02
-1.349577839544992275e-02
-1.389791821926249227e-02
-1.430429172845311403e-02
-1.471463415276040576e-02
-1.512867585592575503e-02
-1.554614301499530893e-02
-1.596675819304103905e-02
-1.639023909658444966e-02
-1.681630255457002010e-02
-1.724466011747517735e-02
-1.767501832943367546e-02
-1.810707992820476120e-02
-1.854054385059494825e-02
-1.897510478711447734e-02
-1.941045434632310274e-02
-1.984628201207058740e-02
-2.028227307077176689e-02
-2.071810911085555929e-02
-2.115346923473424012e-02
-2.158803036545611787e-02
-2.202146760279447002e-02
-2.245345462083181420e-02
-2.288366409921083200e-02
-2.331176818102910497e-02
-2.373743895111095348e-02
-2.416034892905830067e-02
-2.458017157205821812e-02
-2.499658178294032751e-02
-2.540925641945397662e-02
-2.581787388142077477e-02
-2.622211815381868261e-02
-2.662167534062223617e-02
-2.701623470773276137e-02
-2.740549008204594406e-02
-2.778914025154088918e-02
-2.816688936965069945e-02
-2.853844735594020243e-02
-2.890353028763002763e-02
-2.926186077845231714e-02
-2.961316834263295894e-02
-2.995718974268360424e-02
-3.029366932031869741e-02
-3.062235931025589220e-02
-3.094302013699397336e-02
-3.125542068896060288e-02
-3.155933856843649854e-02
-3.185456032882229283e-02
-3.214088170642229181e-02
-3.241810784499489506e-02
-3.268605351104687806e-02
-3.294454329903866163e-02
-3.319341182644780508e-02
-3.343250391915941755e-02
-3.366167478799092505e-02
-3.388079019739685671e-02
-3.408972662754547467e-02
-3.428837143107033025e-02
-3.447662298585776885e-02
-3.465439084527557889e-02
-3.482159588726481403e-02
-3.497817046372285466e-02
-3.512405855159451973e-02
-3.525921590707320474e-02
-3.538361041371558546e-02
-3.549722149014453154e-02
-3.560004004123891452e-02
-3.569207110546225581e-02
-3.577333219215075855e-02
-3.584385353042456035e-02
-3.590367832614638210e-02
-3.595286301598135670e-02
-3.599147752508001508e-02
-3.601960553302280266e-02
-3.603734475138638260e-02
-3.604480721543677768e-02
-3.604211959190646575e-02
-3.602942350446115827e-02
-3.600687587825526781e-02
-3.597464930486277135e-02
-3.593293330748675851e-02
-3.588193105761872115e-02
-3.582186402434887895e-02
-3.575297220213223548e-02
-3.567551321248867147e-02
-3.558976287833238994e-02
-3.549601583569671204e-02
-3.539458653782109887e-02
-3.528580815406087701e-02
-3.517841484885488035e-02
-3.517248279381396392e-02
-3.516518170989642311e-02
-3.515534874334567961e-02
-3.515321902765294881e-02
-3.515123744939760431e-02
-3.514937770896729707e-02
-3.514763047264511664e-02
-3.514598792444698083e-02
-3.514444339797412331e-02
-3.514299116097016618e-02
-3.514162622072619646e-02
-3.514034414183253574e-02
-3.513914087813078957e-02
-3.513801261841326129e-02
-3.513695564460365961e-02
-3.513596620095307821e-02
-3.513504037287606963e-02
-3.513434141741896000e-02
-3.513398345367726994e-02
-3.513393033033934687e-02
-3.513414588315073861e-02
-3.513459803295736206e-02
-3.513525796058054873e-02
-3.513610127959423957e-02
-3.513710539553971390e-02
-3.513825066337393499e-02
-3.513951970304868277e-02
-3.514089712171687696e-02
-3.514236927348099448e-02
-3.514393686277650364e-02
-3.514560308246665599e-02
-3.514736273874610739e-02
-3.514921127086882702e-02
-3.515114471919777994e-02
-3.515315983460925997e-02
-3.515525342161533728e-02
-3.515742295322962785e-02
-3.515966673527566588e-02
-3.516198210793884671e-02
-3.516436785094938233e-02
-3.516682268055995597e-02
-3.516934555518783090e-02
-3.517193730199687229e-02
-3.517459539891784615e-02
-3.517731958147138349e-02
-3.518011053404529465e-02
-3.518296847311032371e-02
-3.518589139071696958e-02
-3.518888010914282549e-02
-3.519193488726768404e-02
-3.519505609700579463e-02
-3.519824421257618241e-02
-3.520149774783448704e-02
-3.520481908181402608e-02
-3.520820884011438556e-02
-3.521166810697806682e-02
-3.521519793155937494e-02
-3.521880065990742881e-02
-3.522247712416816390e-02
-3.522622678471588886e-02
-3.523005115571566093e-02
-3.523395160787651248e-02
-3.523792947078466242e-02
-3.524198869898630126e-02
-3.524612706452012745e-02
-3.525034652362345200e-02
-3.525464874372605251e-02
-3.525903528019305733e-02
-3.526350765080295269e-02
-3.526806736461753078e-02
-3.527271593089299773e-02
-3.527745485910638301e-02
-3.528228794449525529e-02
-3.528721345440662127e-02
-3.529223339992480779e-02
-3.529734946415689911e-02
-3.530256316604732381e-02
-3.530787592510617467e-02
-3.531328908393911725e-02
-3.531880391233244154e-02
-3.532442160320951874e-02
-3.533014326496823621e-02
-3.533596991219260797e-02
-3.534190245564748645e-02
-3.534794169200056180e-02
-3.535408829351135984e-02
-3.536034279784856793e-02
-3.536670559815606463e-02
-3.537317693347476200e-02
-3.537975687962023608e-02
-3.538644534061059777e-02
-3.539324204073504565e-02
-3.540014651734801898e-02
-3.540715811446794314e-02
-3.541427597725251009e-02
-3.542149904741233313e-02
-3.542882605961869547e-02
-3.543625553894762248e-02
-3.544378579939343188e-02
-3.545141494347396616e-02
-3.545914086293718015e-02
-3.546696124056911148e-02
-3.547487355308988344e-02
-3.548287507511611871e-02
-3.549096191179107462e-02
-3.549913142007274369e-02
-3.550738153074550763e-02
-3.551573840329085019e-02
-3.552417647019287528e-02
-3.553267001499398059e-02
-3.554121989268663184e-02
-3.554983770027374257e-02
-3.555852303399052727e-02
-3.556725490454203109e-02
-3.557602735475769162e-02
-3.558483457057293187e-02
-3.559367076381614314e-02
-3.560253012894379343e-02
-3.561140561954471984e-02
-3.562029231431551590e-02
-3.562918461547256999e-02
-3.563807590422451987e-02
-3.564696152503166182e-02
-3.565583512241286834e-02
-3.566469049161961891e-02
-3.567352166956751225e-02
-3.568232380830510531e-02
-3.569109085641755663e-02
-3.569981722480425335e-02
-3.570849740995461763e-02
-3.571712600345286481e-02
-3.572569739757922025e-02
-3.573420613384079014e-02
-3.574264810035850115e-02
-3.575101793310281328e-02
-3.575931081979374926e-02
-3.576752208643543818e-02
-3.577564720222195516e-02
-3.578368178376424569e-02
-3.579162159868333470e-02
-3.579946256859198317e-02
-3.580720077148659419e-02
-3.581483244358493745e-02
-3.582235398064030629e-02
-3.582976170326576670e-02
-3.583705261310313195e-02
-3.584422293836728168e-02
-3.585127073543013798e-02
-3.585819277471903599e-02
-3.586498641403218501e-02
-3.587164916892630895e-02
-3.587817871155057903e-02
-3.588457286937687951e-02
-3.589082962388673304e-02
-3.589694710925668553e-02
-3.590292361107377817e-02
-3.590875756510901462e-02
-3.591444755616821083e-02
-3.591999231703564555e-02
-3.592539072751685381e-02
-3.593064181358192333e-02
-3.593574474660210516e-02
-3.594066754203673053e-02
-3.594540123285515365e-02
-3.594993217436490140e-02
-3.595424931922984457e-02
-3.595834378114674823e-02
-3.596220847320109881e-02
-3.596583780646943340e-02
-3.596922743878418205e-02
-3.597237406518856428e-02
-3.597527524296870172e-02
-3.597792924531388603e-02
-3.598033493863807275e-02
-3.598249167942409177e-02
-3.598439922715439276e-02
-3.598605767047816095e-02
-3.598746736425764703e-02
-3.598862887555391576e-02
-3.598954293695437456e-02
-3.599021040593072818e-02
-3.599063222915409310e-02
-3.599080941088826646e-02
-3.599074298474989886e-02
-3.599043398825749196e-02
-3.598988343970287163e-02
-3.598909231696785505e-02
-3.598806154480052588e-02
-3.598679195512737017e-02
-3.598528429281790120e-02
-3.598353919183812366e-02
-3.598155716029236006e-02
-3.597933856629362270e-02
-3.597688362458731359e-02
-3.597419238386265206e-02
-3.597126471470378506e-02
-3.596810029813983511e-02
-3.596469861476266072e-02
-3.596105893438310275e-02
-3.595718030620681516e-02
-3.595306154950597688e-02
-3.594870124477390905e-02
-3.594409772534480629e-02
-3.593924909249733568e-02
-3.593415347156364570e-02
-3.592880775021421724e-02
-3.592320949688314335e-02
-3.591735573330674669e-02
-3.591124315879215545e-02
-3.590486817840927991e-02
-3.589822689777903697e-02
-3.589131512733000073e-02
-3.588412835171478354e-02
-3.587666174984845135e-02
-3.586891018315306601e-02
-3.586086864630765036e-02
-3.585253067871269073e-02
-3.584389032903428918e-02
-3.583494120924453352e-02
-3.582522035210282396e-02
-3.581477617989567430e-02
-3.580395739282941914e-02
-3.579274990915776167e-02
-3.578114377958012404e-02
-3.576913022169410372e-02
-3.575669992394651941e-02
-3.574384409454543776e-02
-3.573055397982383141e-02
-3.571682116371417692e-02
-3.570263649300001174e-02
-3.568798985920068612e-02
-3.567300294874210798e-02
-3.565767457597039669e-02
-3.564200404966023916e-02
-3.562599059331150730e-02
-3.560963325885652120e-02
-3.559294821724005853e-02
-3.557628577180171892e-02
-3.555933184381442069e-02
-3.554201551211699783e-02
-3.552434613635503668e-02
-3.550631851185361010e-02
-3.548793746816046590e-02
-3.546921940224660730e-02
-3.545057065103641991e-02
-3.543256771395177085e-02
-3.541019243346923973e-02
-3.537638597734654722e-02
-3.532542729015475391e-02
-3.525263319793144057e-02
-3.515412375740163686e-02
-3.502666858971247021e-02
-3.486758456454834565e-02
-3.467466433371504952e-02
-3.444612702005604710e-02
-3.418058320324104948e-02
-3.387701219996785973e-02
-3.353473884322928644e-02
-3.315341778102734449e-02
-3.273302441271469521e-02
-3.227384690877946327e-02
-3.177648008029598792e-02
-3.124182212341239384e-02
-3.067107177275671392e-02
-3.006572625112650943e-02
-2.942758062050188084e-02
-2.875872647953073291e-02
-2.806155017697878340e-02
-2.733872786550653466e-02
-2.659321692427128736e-02
-2.582824909002431890e-02
-2.504731064641617377e-02
-2.425412487856347388e-02
-2.345262565389898135e-02
-2.264691959512311892e-02
-2.184124861802844153e-02
-2.103994557125586640e-02
-2.024738678355926524e-02
-1.946794003598618927e-02
-1.870590895373711038e-02
-1.796548006191298064e-02
-1.725066914832293352e-02
-1.656527127269584454e-02
-1.591281523438491108e-02
-1.529652164455681806e-02
-1.471926765321440733e-02
-1.418355812404815952e-02
-1.369150361802505544e-02
-1.324480525538397624e-02
-1.284474626909611061e-02
-1.249218983858610410e-02
-1.218758240887395095e-02
-1.193096260100975914e-02
-1.172197416950047921e-02
-1.155988076886967086e-02
-1.144358580726256847e-02
-1.137165170358002408e-02
-1.134232578694317761e-02
-1.135356023731645680e-02
-1.140303490806547637e-02
-1.148818480360774830e-02
-1.160622528446772495e-02
-1.175416980124957544e-02
-1.192886274508438149e-02
-1.212701455187627231e-02
-1.234521927263736163e-02
-1.257998223789291714e-02
-1.282774560193199187e-02
-1.308491405026969423e-02
-1.334787818737082077e-02
-1.361303913691351564e-02
-1.387683203157630274e-02
-1.413574777361495394e-02
-1.438635258763323876e-02
-1.462530841071350840e-02
-1.484938989365669482e-02
-1.505550190882705419e-02
-1.524069475774027238e-02
-1.540217925763576190e-02
-1.553734224896775873e-02
-1.564375984673699316e-02
-1.571921113934708625e-02
-1.576169168356017503e-02
-1.576942753748335202e-02
-1.574090315763855552e-02
-1.567482702630802749e-02
-1.557035550233835941e-02
-1.542734712053299428e-02
-1.524581463421255390e-02
-1.502592137508894365e-02
-1.476807193648260741e-02
-1.447298032249413891e-02
-1.414172502976863977e-02
-1.377579737283139705e-02
-1.337714723140751016e-02
-1.294822900727536641e-02
-1.249204965913475185e-02
-1.201222005955196459e-02
-1.151301083587759344e-02
-1.099941127157612331e-02
-1.047719533447451223e-02
-9.952990436860820189e-03
-9.683251581142041098e-03
-9.680686800425122862e-03
-9.677234369481230170e-03
-9.672934093401489020e-03
-9.667774884478161357e-03
-9.661734410146796681e-03
-9.654781193386877125e-03
-9.646880033368138152e-03
-9.637992608314993603e-03
-9.628079689392693430e-03
-9.617102619404641062e-03
-9.605024480377505336e-03
-9.591811129923313861e-03
-9.577432537149530023e-03
-9.561860162707630506e-03
-9.545071586825992771e-03
-9.527049735718245982e-03
-9.507779883237671426e-03
-9.487251472893892812e-03
-9.465461290461496535e-03
-9.442412686225781782e-03
-9.418113016835524820e-03
-9.392573295820244583e-03
-9.365812094564662793e-03
-9.337447785514707554e-03
-9.307514737489405721e-03
-9.274204984470138524e-03
-9.237744926683000291e-03
-9.198234835395460718e-03
-9.155791394100623593e-03
-9.110543344456698001e-03
-9.062863925346970051e-03
-9.013572272122044593e-03
-8.961798015462943412e-03
-8.907709573372807332e-03
-8.851451027981710462e-03
-8.793167891214440091e-03
-8.733006323036057728e-03
-8.671116704337816783e-03
-8.607644508526079985e-03
-8.542740018349870290e-03
-8.476554509970923856e-03
-8.409240608877918688e-03
-8.340952249064378932e-03
-8.271844623665869367e-03
-8.202074148704927015e-03
-8.131798459773784127e-03
-8.061177567206687100e-03
-7.990373693275334976e-03
-7.919545411877781937e-03
-7.848856579839441627e-03
-7.778472675417286153e-03
-7.708561396139831934e-03
-7.639292890439144945e-03
-7.570839939307488775e-03
-7.503378055182308159e-03
-7.437085466312193249e-03
-7.372142958150154635e-03
-7.308733548678794656e-03
-7.247187560585358068e-03
-7.188101464033438970e-03
-7.131052833892356779e-03
-7.076266611009351948e-03
-7.023929990022187431e-03
-6.974219309245632825e-03
-6.927315004456549574e-03
-6.883385356443554037e-03
-6.842590803332174176e-03
-6.805082025572353754e-03
-6.770998345240634986e-03
-6.740991818568811689e-03
-6.714724732989327260e-03
-6.691010254775905941e-03
-6.669454337823725598e-03
-6.649702821417233234e-03
-6.631432687508598267e-03
-6.614346031522451430e-03
-6.598148778623851018e-03
-6.582568840950188405e-03
-6.567358579826786114e-03
-6.552273038798489546e-03
-6.537094411457750054e-03
-6.521609036863031117e-03
-6.505613917237258736e-03
-6.488925411855479830e-03
-6.471366345558421385e-03
-6.452762910758851056e-03
-6.432965554954914178e-03
-6.411828150484161215e-03
-6.389214656603081632e-03
-6.364998653985744215e-03
-6.339057599701262979e-03
-6.311285782829800795e-03
-6.281585090727549725e-03
-6.249863016695174356e-03
-6.216033836619561104e-03
-6.180017629773257304e-03
-6.141822099490629183e-03
-6.101359139153328393e-03
-6.019260065259851578e-03
-5.855468177394865248e-03
-5.808180281189796734e-03
-5.788520204201390296e-03
-5.679704364933320371e-03
-5.708026388117411198e-03
-5.812656579164368620e-03
-5.953293410225511673e-03
-6.103484184723007022e-03
-6.245835207164374125e-03
-6.368341410635927624e-03
-6.462765074320739322e-03
-6.523981830414665728e-03
-6.548975250063655829e-03
-6.536105811339162908e-03
-6.484640822791438997e-03
-6.394441411786438989e-03
-6.265762845320071994e-03
-6.099125237204461314e-03
-5.895224600024451256e-03
-5.654875211756213438e-03
-5.378973852803371758e-03
-5.068478811164144060e-03
-4.724401729946273165e-03
-4.347808653474366514e-03
-4.504784726917572535e-03
-4.695008678496898069e-03
-4.579023318892955219e-03
-4.260649164404321787e-03
-3.807013725545940752e-03
-3.261808103256873259e-03
-2.653830482769785337e-03
-2.002490989516762798e-03
-1.321356913210301742e-03
-6.204431133218085703e-04
9.230158145318717589e-05
8.100236777614094885e-04
1.526329959858796492e-03
2.234855322622082696e-03
2.928354092226574668e-03
3.600698177619716944e-03
4.246208124692008035e-03
4.857946963075766844e-03
5.428058979869587741e-03
5.948072108584917528e-03
6.409178348977848105e-03
6.802508966413600699e-03
7.119409707045623592e-03
7.351713569912030066e-03
7.492002723401960940e-03
7.533850551529719386e-03
7.472032705888642656e-03
7.302698329301623992e-03
7.023494853410833239e-03
6.633642949737089678e-03
6.133961498608342389e-03
5.526845387896148210e-03
4.816201233997563502e-03
4.007347565195010231e-03
3.106886624607549385e-03
2.122555113053051223e-03
1.063058936690189360e-03
-6.209863432492246371e-05
-1.242795055971593343e-03
-2.468466161169219353e-03
-3.728280276986337127e-03
-5.011305066294269306e-03
-6.306666836588717406e-03
-7.603698245645607035e-03
-8.892070265175494592e-03
-1.016191369881978834e-02
-1.140392103631464316e-02
-1.260943191813961028e-02
-1.377050164719936798e-02
-1.487995095726783734e-02
-1.593139965980816530e-02
-1.691928485537688709e-02
-1.783886381387668474e-02
-1.868620545631921592e-02
-1.945817098335327067e-02
-2.015225512654919560e-02
-2.076658820545912443e-02
-2.130010241554186612e-02
-2.175251500804059601e-02
-2.212422183684470411e-02
-2.241621733279705597e-02
-2.263003368054386510e-02
-2.276769410417016359e-02
-2.283167713267095222e-02
-2.282488997947784704e-02
-2.275064999098388996e-02
-2.261267365961380782e-02
-2.241507305753291657e-02
-2.216235978762733788e-02
-2.185945670181704825e-02
-2.151178444237398374e-02
-2.112839346898240378e-02
-2.070857651211815281e-02
-2.025384476194905942e-02
-1.977484367913066865e-02
-1.943772966724047202e-02
-1.946255171230343306e-02
-1.948647279382421937e-02
-1.950229431277009096e-02
-1.952464090351345438e-02
-1.954317288013516368e-02
-1.956402437698806507e-02
-1.957899981490168750e-02
-1.959859725946371672e-02
-1.961382186782040932e-02
-1.962900893326405966e-02
-1.964687196627948329e-02
-1.966408647280639549e-02
-1.968063758400113994e-02
-1.969656278272068073e-02
-1.971182888471304656e-02
-1.972646607128417801e-02
-1.974050538668571664e-02
-1.975397646163569443e-02
-1.976690719498510468e-02
-1.977932391767710241e-02
-1.979125135764044779e-02
-1.980271306718466712e-02
-1.981373123619905446e-02
-1.982432716817245782e-02
-1.983452093419579843e-02
-1.984433186237256203e-02
-1.985377857151691267e-02
-1.986287907434916566e-02
-1.987165086803832637e-02
-1.988011091845340306e-02
-1.988827584640057849e-02
-1.989616214317577181e-02
-1.990378609114998310e-02
-1.991116353572010972e-02
-1.991831023315399768e-02
-1.992524181042618775e-02
-1.993197379914329187e-02
-1.993852166639038803e-02
-1.994490082366150163e-02
-1.995112659786327236e-02
-1.995721459324030500e-02
-1.996318022274350124e-02
-1.996903900577871177e-02
-1.997480652599365608e-02
-1.998049844689529786e-02
-1.998613052084387276e-02
-1.999171859339765600e-02
-1.999727860370768828e-02
-2.000282658166183808e-02
-2.000837864195870869e-02
-2.001395097524860667e-02
-2.001955983646067083e-02
-2.002522153043276992e-02
-2.003095239497179603e-02
-2.003676878149015378e-02
-2.004268703339052299e-02
-2.004872346240321040e-02
-2.005489432311789028e-02
-2.006121578598874661e-02
-2.006770390913324015e-02
-2.007437460927832124e-02
-2.008124363223261905e-02
-2.008832648939944121e-02
-2.009563842843666015e-02
-2.010319461762955645e-02
-2.011100982734527476e-02
-2.011909851637732477e-02
-2.012747480766084729e-02
-2.013615246600500286e-02
-2.014514487798706177e-02
-2.015446491531103224e-02
-2.016412520810349773e-02
-2.017413799514210238e-02
-2.018451499074394584e-02
-2.019526746207428447e-02
-2.020640606247793569e-02
-2.021794123927593556e-02
-2.022988294982973334e-02
-2.024224046301364988e-02
-2.025502265725274975e-02
-2.026823807650739162e-02
-2.028189433999044722e-02
-2.029599889059492679e-02
-2.031055845696669304e-02
-2.032557885393199149e-02
-2.034106543235611464e-02
-2.035702261512790934e-02
-2.037345388243735900e-02
-2.039036192984498841e-02
-2.040774771729922388e-02
-2.042561201588830033e-02
-2.044395234732654387e-02
-2.046276550636792757e-02
-2.048204603937041346e-02
-2.050178742760681849e-02
-2.052198164881408049e-02
-2.054261654526287617e-02
-2.056367958897212245e-02
-2.058515601304969356e-02
-2.060702770247645199e-02
-2.062927542182281526e-02
-2.065187714696077592e-02
-2.067480870868841636e-02
-2.069804384387874396e-02
-2.072155430131128462e-02
-2.074530992518586192e-02
-2.076927871204978238e-02
-2.079346349492547374e-02
-2.081783715233899434e-02
-2.084232091736103187e-02
-2.086687922164258413e-02
-2.089147432060663168e-02
-2.091606802697620893e-02
-2.094062165952713384e-02
-2.096509644869885836e-02
-2.098945359646822717e-02
-2.101365477315990382e-02
-2.103766219639499613e-02
-2.106143884292679958e-02
-2.108504824164393610e-02
-2.110838713623829077e-02
-2.113130580414884774e-02
-2.115363986998630708e-02
-2.117536775345944811e-02
-2.119647159687879090e-02
-2.121693467984900328e-02
-2.123674171285873380e-02
-2.125587906911108327e-02
-2.127433496149218339e-02
-2.129209957076286241e-02
-2.130916513045033600e-02
-2.132552597324090249e-02
-2.134117854232908673e-02
-2.135612136888687118e-02
-2.137035502009007604e-02
-2.138388198553671515e-02
-2.139670650509718774e-02
-2.140883495889922550e-02
-2.142027386569853031e-02
-2.143103279748241607e-02
-2.144112244885668095e-02
-2.145055486343988571e-02
-2.145934321652546994e-02
-2.146750159753278708e-02
-2.147504479218376172e-02
-2.148198806470322242e-02
-2.148834694068794959e-02
-2.149413699642667430e-02
-2.149937365554234481e-02
-2.150407197820557170e-02
-2.150824644510256067e-02
-2.151191075734801283e-02
-2.151507919042816575e-02
-2.151776141947303600e-02
-2.151996051205969096e-02
-2.152166715859415991e-02
-2.152287347598030864e-02
-2.152358025142421527e-02
-2.152379481531280225e-02
-2.152353002756822453e-02
-2.152280069560348619e-02
-2.152162109719711613e-02
-2.152000763662195726e-02
-2.151797780926852088e-02
-2.151554080677460512e-02
-2.151271261537818225e-02
-2.150950177067426083e-02
-2.150591654137400111e-02
-2.150195637360481637e-02
-2.149761330973341822e-02
-2.149284401962724134e-02
-2.148761109687535864e-02
-2.148192089176309549e-02
-2.147567328135470410e-02
-2.146897913843276440e-02
-2.146193194540801930e-02
-2.146127685327002543e-02
-2.146923881135651135e-02
-2.148905567041964337e-02
-2.152073516329952585e-02
-2.155594205333430380e-02
-2.159758897173659487e-02
-2.164960701478785277e-02
-2.170871240455952977e-02
-2.176959366695252474e-02
-2.182865210510037679e-02
-2.188339671146626031e-02
-2.193206120907451040e-02
-2.197336279376793655e-02
-2.200635085913123234e-02
-2.203031277471810545e-02
-2.204471576505374897e-02
-2.204917157446611986e-02
-2.204341548282263974e-02
-2.202729436450982792e-02
-2.200076048744963042e-02
-2.196386803433299229e-02
-2.191675662843950434e-02
-2.185961423189854147e-02
-2.179263580752782703e-02
-2.171598178133486712e-02
-2.162972468813009752e-02
-2.153377145336721199e-02
-2.142774452428113097e-02
-2.131079454504526682e-02
-2.118129011722515165e-02
-2.103642780272738100e-02
-2.087209501289501168e-02
-2.068312463016193370e-02
-2.046364345999449053e-02
-2.020734570712942602e-02
-1.990771977118756253e-02
-1.955824628012388378e-02
-1.915257821803496852e-02
-1.868470913141372092e-02
-1.814913202291153216e-02
-1.754098921532347422e-02
-1.685622240062535637e-02
-1.609172102722086772e-02
-1.524544471971112092e-02
-1.431651000464384538e-02
-1.330524686110319543e-02
-1.221322801637685085e-02
-1.104327191433800148e-02
-9.799419407369822088e-03
-8.486883927534688565e-03
-7.111974854061509088e-03
-5.681993668664023223e-03
-4.205102085246173460e-03
-2.690160702867566700e-03
-1.146536228364886112e-03
4.161243550902110622e-04
1.988152298318390798e-03
3.560144548797938846e-03
5.123270536182250590e-03
6.741144922961753161e-03
8.328113244868623477e-03
9.845269182415336551e-03
1.130612319313420433e-02
1.271999747871159492e-02
1.409397641300647042e-02
1.543413859460698867e-02
1.674621200667754384e-02
1.803587218466354281e-02
1.930882475099111872e-02
2.057076369520374759e-02
2.182726459384906614e-02
2.308365098034484419e-02
2.434485820463151706e-02
2.561530982227067099e-02
2.689881523527373752e-02
2.819849298643598012e-02
2.951672115928846707e-02
3.085511432082102545e-02
3.221452509603381364e-02
3.359506766807340838e-02
3.499616017688315928e-02
3.641658306090772568e-02
3.785455077051980144e-02
3.930779489639089908e-02
4.077365748439758242e-02
4.224919391463796692e-02
4.373128478905699557e-02
4.521675520042875429e-02
4.670217779767549260e-02
4.818396853950407399e-02
4.965885676639597568e-02
5.112401563831081575e-02
5.257695576525278636e-02
5.401540301875827621e-02
5.543717732658967612e-02
5.684009418827890014e-02
5.822190410202805755e-02
5.958027328854012539e-02
6.091279939499202878e-02
6.221705167817506710e-02
6.349094166149724106e-02
6.458848802374261844e-02
6.540229101862470029e-02
6.589603115442410619e-02
6.581535213678979535e-02
6.573403984720661841e-02
6.565175478575348278e-02
6.556892920637441557e-02
6.548572373143210501e-02
6.540227653661868923e-02
6.531870985875856683e-02
6.523175864894549536e-02
6.514370121973801775e-02
6.505554679087140191e-02
6.496748307707507497e-02
6.487972093746093016e-02
6.479247003954052841e-02
6.470593673062463580e-02
6.462002333168806456e-02
6.453503001932997529e-02
6.445133061480518011e-02
6.436909965457916771e-02
6.428850098733136786e-02
6.420970324655964068e-02
6.413282514629863040e-02
6.405798990674517468e-02
6.398530474285711589e-02
6.391486118579835229e-02
6.384673517572875268e-02
6.378098739277254792e-02
6.371766377348388188e-02
6.365681249238844264e-02
6.359843462601699748e-02
6.354253677190771499e-02
6.348911333073405105e-02
6.343814788409021799e-02
6.338961410512099215e-02
6.334470983861986704e-02
6.330196028798018570e-02
6.326130859779327542e-02
6.322273194231775584e-02
6.318619753618823220e-02
6.315166350344007806e-02
6.311908009249243834e-02
6.308838983135747758e-02
6.305952840917480873e-02
6.303242492441951672e-02
6.300700213270989114e-02
6.298317755982267563e-02
6.296086302030756698e-02
6.293996432690743270e-02
6.292038148832748701e-02
6.290200849183660847e-02
6.288473505458543056e-02
6.286844477245683016e-02
6.285301549165102364e-02
6.287236581379550271e-02
6.320098255870190695e-02
6.362079760852450139e-02
6.516585504049807187e-02
6.828734869003270924e-02
7.146088214594822907e-02
7.471819080416440551e-02
7.806500845774785868e-02
8.150638235229601403e-02
8.503696738432686697e-02
8.866273054918884233e-02
9.236909100726566069e-02
9.615847430746374269e-02
1.000060582317396918e-01
1.039020590010582279e-01
1.078382473650252582e-01
1.117712700631283695e-01
1.156791511998641886e-01
1.195116615349949563e-01
1.251293083481881396e-01
1.347874892854983853e-01
1.439543140346801198e-01
1.526579220163706008e-01
1.609681924120596463e-01
1.689276157898497444e-01
1.765578719831701338e-01
1.838507197819231331e-01
1.907517799680945869e-01
1.971662018965759933e-01
2.029511742597623625e-01
2.079060204822041069e-01
2.119302438129142818e-01
2.157976819841864180e-01
2.196547283119407723e-01
2.234369011933177163e-01
2.270423437029212010e-01
2.303692295689207803e-01
2.332832608497855120e-01
2.356373929678027834e-01
2.372816562230878890e-01
2.382530750361214200e-01
2.387625321493659636e-01
2.390389939244930151e-01
2.393044968262830197e-01
2.397563274678590206e-01
2.405574029307359085e-01
2.405167397956544384e-01
2.390275281215873127e-01
2.367205758320718167e-01
2.340119125477644335e-01
2.311851368155482533e-01
2.284253892475423542e-01
2.258410333811636528e-01
2.234822903721123688e-01
2.213489125290317994e-01
2.194481838768289617e-01
2.177795799206443117e-01
2.163332502460102724e-01
2.150939642826925902e-01
2.140438391535368634e-01
2.131641419624243083e-01
2.124364517897287807e-01
2.118433379619055201e-01
2.113687127204822991e-01
2.109979692824303088e-01
2.107179773716629789e-01
2.105169909427077879e-01
2.103845052287210415e-01
2.103110943058425775e-01
2.102882438363164463e-01
2.103081943823480460e-01
2.103638000411545694e-01
2.104484187079209145e-01
2.105557542396721549e-01
2.106798388813453382e-01
2.108149453831130171e-01
2.109555127351018244e-01
2.110960907702266465e-01
2.112312933159668504e-01
2.113557586551587375e-01
2.114641124485686086e-01
2.115509292645741390e-01
2.116106927561060558e-01
2.116369735258525064e-01
2.116224805738229076e-01
2.115630897061389071e-01
2.114541122524198347e-01
2.112897651846311342e-01
2.110634017105746385e-01
2.107674398944608951e-01
