-5.680384870838643685e-02
-5.411986782770582954e-02
-5.057220335198627653e-02
-4.585119212853031034e-02
-4.115466987012316585e-02
-3.583476671690950105e-02
-3.551885679368123327e-02
-3.520652872450609483e-02
-3.490295542496205800e-02
-3.460830743366419271e-02
-3.432728897528275480e-02
-3.405944693545100155e-02
-3.380572131814056636e-02
-3.356673154568445838e-02
-3.334424145439988940e-02
-3.313630795023510267e-02
-3.294452250088716894e-02
-3.276908078672844532e-02
-3.260978719496604450e-02
-3.246778837954474028e-02
-3.234248655513895926e-02
-3.223387012758849313e-02
-3.214188064964586949e-02
-3.206641752500255516e-02
-3.200756998056122904e-02
-3.196480484456366844e-02
-3.193804554489264313e-02
-3.192706024789525310e-02
-3.193201454060602684e-02
-3.195183450206027370e-02
-3.198658413481127172e-02
-3.203633049257870180e-02
-3.210003386438679829e-02
-3.217760703666808220e-02
-3.226872492384543628e-02
-3.237300567591298861e-02
-3.249052040287674081e-02
-3.261994798416235908e-02
-3.276132422970580438e-02
-3.291422649744648460e-02
-3.307822419358671939e-02
-3.325331223858717100e-02
-3.343818496435817245e-02
-3.363282192633454404e-02
-3.383676986980585499e-02
-3.404957153819311577e-02
-3.427076647253562286e-02
-3.449989165517455825e-02
-3.473687197954185291e-02
-3.498045700660497304e-02
-3.523057325647135224e-02
-3.548675365971334233e-02
-3.574853139884372893e-02
-3.601544055612528050e-02
-3.628701663905755520e-02
-3.656279709308511705e-02
-3.684232180260194056e-02
-3.712513358148561426e-02
-3.741077865257221025e-02
-3.769880711741865897e-02
-3.798877341599890545e-02
-3.828023677649205342e-02
-3.857276165602104012e-02
-3.886591817122687920e-02
-3.915928251977517094e-02
-3.945243739209009642e-02
-3.974497249675806865e-02
-4.003648484333700852e-02
-4.032657873027620937e-02
-4.061486645493111308e-02
-4.090096910515080703e-02
-4.118451657546897543e-02
-4.146514772126050352e-02
-4.174251078752962141e-02
-4.201626374092885807e-02
-4.228607456188404612e-02
-4.255162152000994263e-02
-4.281259342999817891e-02
-4.306868988760163136e-02
-4.331962148341129276e-02
-4.356510999384782118e-02
-4.380488854783946145e-02
-4.403870176765286443e-02
-4.426630588405164324e-02
-4.448746882434944511e-02
-4.470197027269334072e-02
-4.490960170354942049e-02
-4.511016638713867544e-02
-4.530347936807949116e-02
-4.548904873935660093e-02
-4.566737023274096419e-02
-4.583795492748609507e-02
-4.600066410589208343e-02
-4.615537043294722780e-02
-4.630195769680647833e-02
-4.644032062160754343e-02
-4.657036466246484985e-02
-4.669167263051461625e-02
-4.680486214343408669e-02
-4.690951074411731092e-02
-4.700556434132512756e-02
-4.709297845660696813e-02
-4.717171285335348963e-02
-4.724141085614550623e-02
-4.730276152233549997e-02
-4.735538350878227415e-02
-4.739927384796892990e-02
-4.743407039894694671e-02
-4.745767212340272490e-02
-4.747577316349886611e-02
-4.748520294468852598e-02
-4.748590112031357557e-02
-4.747705986296237718e-02
-4.746087707450567100e-02
-4.743606176407152292e-02
-4.740294693099443568e-02
-4.736130469315846109e-02
-4.731155882791572564e-02
-4.725422682922340856e-02
-4.718777832392544863e-02
-4.711304383980420563e-02
-4.703086128122777737e-02
-4.694090354885901983e-02
-4.684329397024569741e-02
-4.673791298448163462e-02
-4.662499185436573546e-02
-4.651212003636142484e-02
-4.640158529616155575e-02
-4.628267720740567026e-02
-4.615274291784494248e-02
-4.601190055181502564e-02
-4.586344831649406123e-02
-4.570886682808526086e-02
-4.554773739378100567e-02
-4.538020715999344784e-02
-4.520642600574353159e-02
-4.502654670712965407e-02
-4.484117025600328765e-02
-4.464959771156470220e-02
-4.445170839335255836e-02
-4.424902673033832140e-02
-4.404106102839624309e-02
-4.382798521175347572e-02
-4.360997704770283590e-02
-4.338721842239565141e-02
-4.315989544267506695e-02
-4.292819852319437052e-02
-4.269232245655248115e-02
-4.245246646484896608e-02
-4.220883423180840643e-02
-4.196212859046367927e-02
-4.171158863274549572e-02
-4.145790951359600712e-02
-4.120131268437043220e-02
-4.094132919329145082e-02
-4.067956779587757199e-02
-4.041557884372930926e-02
-4.014960026560820960e-02
-3.988187350702841749e-02
-3.961264349922727357e-02
-3.934215842877129832e-02
-3.907066948505956427e-02
-3.879843058695472968e-02
-3.852569809162189468e-02
-3.825273048501112022e-02
-3.797978805688468490e-02
-3.770713256291152726e-02
-3.743502687412830765e-02
-3.716373461594107280e-02
-3.689351979571388329e-02
-3.662464642308356499e-02
-3.635737812074506942e-02
-3.609197772984967106e-02
-3.582870691003706143e-02
-3.556782573515131218e-02
-3.530959228707716835e-02
-3.505426224721194806e-02
-3.480208848861796045e-02
-3.455332066850654027e-02
-3.430820482235215352e-02
-3.406698296099543860e-02
-3.382989267090679569e-02
-3.359716671857969350e-02
-3.336903265966388588e-02
-3.314571245290858642e-02
-3.292742208034504792e-02
-3.271437117178550846e-02
-3.250634376561303135e-02
-3.230438842376185532e-02
-3.210874410914293930e-02
-3.191860059744176109e-02
-3.173463674323365180e-02
-3.155701649098464900e-02
-3.138589501667252840e-02
-3.122141835352986589e-02
-3.106372306475689224e-02
-3.091338525126213765e-02
-3.076957806854332608e-02
-3.063263537367853090e-02
-3.050321695535745600e-02
-3.038110946168808349e-02
-3.026612733609735165e-02
-3.015917574228204126e-02
-3.005935545235302944e-02
-2.996706963770070370e-02
-2.988234042191755327e-02
-2.980517925093708817e-02
-3.459927219441020357e-02
-3.448118740182219699e-02
-3.440416156952993965e-02
-3.433180377797070276e-02
-3.426317782520255095e-02
-3.419814445380199575e-02
-3.413658365020803137e-02
-3.407888684571168392e-02
-3.402382148528381584e-02
-3.397122246460043682e-02
-3.392255979878435607e-02
-3.387589015686774674e-02
-3.383167449776817992e-02
-3.378968742235687051e-02
-3.374970263980393848e-02
-3.371148706235803372e-02
-3.367479796390113883e-02
-3.363938146355173464e-02
-3.360497155193831187e-02
-1.100141311839958336e-02
-1.108259440815704405e-02
-1.116185218479422148e-02
-1.124432125543509825e-02
-1.132978414171104120e-02
-1.141837285156270532e-02
-1.150852407287131923e-02
-1.160076407394627224e-02
-1.169494426287955025e-02
-1.179093677462046685e-02
-1.188863130218549558e-02
-1.189666637811471334e-02
-1.190625550988447245e-02
-1.191812454525335158e-02
-1.193296576690995592e-02
-1.195139177825265547e-02
-1.197395769635863083e-02
-1.200117498915739822e-02
-1.203329195548810682e-02
-1.207120851133894335e-02
-1.211612677173145441e-02
-1.216637103428466760e-02
-1.222337539100186443e-02
-1.228748748960040854e-02
-1.235903192282047924e-02
-1.243831034304364314e-02
-1.252560152807657978e-02
-1.262116140923667806e-02
-1.272494814716332301e-02
-1.283875728826148338e-02
-1.296034778382493952e-02
-1.309100485472041581e-02
-1.323087079817532319e-02
-1.338006544921345464e-02
-1.353842819122503399e-02
-1.370747229623508687e-02
-1.388503406814750596e-02
-1.407197396672884779e-02
-1.426845108455396943e-02
-1.447560128854570929e-02
-1.469209000504468829e-02
-1.491699157034977880e-02
-1.515135169211019595e-02
-1.539516679231532625e-02
-1.564843760798770647e-02
-1.591085595651421311e-02
-1.618211145420420105e-02
-1.646212755585668708e-02
-1.675067506342950430e-02
-1.704771074700047948e-02
-1.735379127255914922e-02
-1.766678140439734840e-02
-1.798741045289305868e-02
-1.831629038704816678e-02
-1.865128826039826743e-02
-1.899305243509186517e-02
-1.934120246392984077e-02
-1.969539448156346073e-02
-2.005514967666292142e-02
-2.042117660555251707e-02
-2.079129436230729017e-02
-2.116593757164994191e-02
-2.154469644180625684e-02
-2.192715005741539477e-02
-2.231286715852182773e-02
-2.270131320998531807e-02
-2.309289720133254550e-02
-2.348571594608439908e-02
-2.387998598506327341e-02
-2.427523811485277766e-02
-2.467099854131793793e-02
-2.506679000252101663e-02
-2.546213293535165567e-02
-2.585654667197553533e-02
-2.624955066574119478e-02
-2.664066573777043589e-02
-2.702941534222427084e-02
-2.741532683990610675e-02
-2.779793277639607332e-02
-2.817677215313696068e-02
-2.855139168611072614e-02
-2.892134704220615526e-02
-2.928620404465245505e-02
-2.964553984016080057e-02
-2.999894401858722859e-02
-3.034601967782104420e-02
-3.068638442616099943e-02
-3.101967131646315295e-02
-3.134562148775661000e-02
-3.166371694746248494e-02
-3.197319152455000563e-02
-3.227487302846306083e-02
-3.256790054887058472e-02
-3.285201470083091296e-02
-3.312697584581935500e-02
-3.339263267953507253e-02
-3.364804421490290298e-02
-3.389438603594848581e-02
-3.413080479482858559e-02
-3.435751134326739398e-02
-3.457304783200203235e-02
-3.477912591174426443e-02
-3.497481537556183795e-02
-3.516011038954183765e-02
-3.533423943822810304e-02
-3.549873014871388066e-02
-3.565211972568387705e-02
-3.579599814627693055e-02
-3.592883159149006661e-02
-3.605153993508564136e-02
-3.616377250701081902e-02
-3.626527811173443916e-02
-3.635614539982966187e-02
-3.643842168735093867e-02
-3.650915388355813196e-02
-3.657048928096257728e-02
-3.662213754327200976e-02
-3.666333232835568279e-02
-3.669560879239476547e-02
-3.671850109014934693e-02
-3.673216427675594226e-02
-3.673690041724476246e-02
-3.673192330537870809e-02
-3.671887459709231860e-02
-3.669727529890927376e-02
-3.666730579864373868e-02
-3.662914987584637433e-02
-3.658251749078565013e-02
-3.652855862024158295e-02
-3.646697659812780934e-02
-3.639796736693402118e-02
-3.632172675713439547e-02
-3.623845103760445219e-02
-3.614835565480496726e-02
-3.605119531889959539e-02
-3.594801062133207853e-02
-3.583857708106372858e-02
-3.572309592046464533e-02
-3.560176704260225450e-02
-3.547478982859977870e-02
-3.534236348205799932e-02
-3.520468717684666765e-02
-3.506196012925560934e-02
-3.491438164483262607e-02
-3.476215116034837155e-02
-3.460546828782017775e-02
-3.444453286246569601e-02
-3.427954499379116948e-02
-3.411070511847457548e-02
-3.393792047045692678e-02
-3.376198758502226699e-02
-3.358280686771382417e-02
-3.340058038002752250e-02
-3.321551083860153908e-02
-3.302780159029975598e-02
-3.283765661347837900e-02
-3.264528052066818786e-02
-3.245087855686330791e-02
-3.225465659054449485e-02
-3.205682109583460337e-02
-3.185757912512869605e-02
-3.165713827153700255e-02
-3.145570662116405070e-02
-3.125349269484424541e-02
-3.105070537854006177e-02
-3.084755384353823210e-02
-3.064424745842195263e-02
-3.044099569218135237e-02
-3.023800800769372438e-02
-3.003549374545361889e-02
-2.983366199750392758e-02
-2.963272147184531011e-02
-2.943288034744698939e-02
-2.923434612037333069e-02
-2.903732544121861991e-02
-2.884202394435404770e-02
-2.864864606930255658e-02
-2.845739487464413534e-02
-2.826847184480464972e-02
-2.808207669007858898e-02
-2.789840714023477178e-02
-2.771765873190548332e-02
-2.754002459022268992e-02
-2.736594977701554271e-02
-2.719509134161921665e-02
-2.702791665074591107e-02
-2.686460072660044884e-02
-2.670532093089788769e-02
-2.655025093843588202e-02
-2.639956039643934910e-02
-2.625341463032140540e-02
-2.611197436638611549e-02
-2.597539545896612734e-02
-2.584382861684732247e-02
-2.571741912670343078e-02
-2.559630657272484247e-02
-2.548062455213103566e-02
-2.537050038641514016e-02
-2.526605482822670556e-02
-2.516767592279513244e-02
-2.507488837139894636e-02
-2.498810748326742853e-02
-2.490742039702032937e-02
-2.483290577296865323e-02
-2.476464386169626580e-02
-2.470269695385186870e-02
-2.464750466603710111e-02
-2.459822539574722106e-02
-2.714317631149166382e-02
-2.980953957963271977e-02
-3.018727668653127874e-02
-3.045103859340346150e-02
-3.067763427115690125e-02
-3.069675515507865049e-02
-3.071364297053377768e-02
-3.072879569906139183e-02
-3.074239650743564728e-02
-3.075462602479665797e-02
-3.076564966178775215e-02
-3.077562133096781519e-02
-3.078468669216009174e-02
-3.079298580529467311e-02
-3.080065536202004212e-02
-3.080783059569788124e-02
-3.081464693138681599e-02
-2.030792031493031113e-02
-2.031876289772914165e-02
-2.035337418462504142e-02
-2.037707144712798055e-02
-2.039267995311710990e-02
-2.040091045067826681e-02
-2.040085500515421979e-02
-2.039539429806722440e-02
-2.038492139005345510e-02
-2.037018800681188527e-02
-2.035183312367201680e-02
-2.033039269089011863e-02
-2.030631973582720101e-02
-2.019671876663829344e-02
-2.008866752802643957e-02
-1.998302491893283114e-02
-1.988071116566011293e-02
-1.978247732918526902e-02
-1.968834374046298658e-02
-1.960010943404550537e-02
-1.951764649970325408e-02
-1.944228256825588155e-02
-1.937262961023942381e-02
-1.930999884987869702e-02
-1.925474805448647991e-02
-1.920721033591704305e-02
-1.916639572253878848e-02
-1.913528590500209944e-02
-1.911275600827948978e-02
-1.910060631085646818e-02
-1.909559209439456659e-02
-1.909986472427406198e-02
-1.911353018975105872e-02
-1.913674795168739465e-02
-1.916964635895053795e-02
-1.921233118030433312e-02
-1.926524057401523063e-02
-1.932778443420476305e-02
-1.940024565190087008e-02
-1.948273336146019719e-02
-1.957521277325789677e-02
-1.967760586215090007e-02
-1.979070319144548423e-02
-1.991279225048182833e-02
-2.004464288509793385e-02
-2.018610722077924385e-02
-2.033703115385147864e-02
-2.049794744564634522e-02
-2.066715007973701779e-02
-2.084531734879250739e-02
-2.103217883755336207e-02
-2.122746678848161719e-02
-2.143090290064686432e-02
-2.164219283815087269e-02
-2.186102411452231845e-02
-2.208706545471741597e-02
-2.232058920245866274e-02
-2.255986518507807972e-02
-2.280530964941763356e-02
-2.305648237954894403e-02
-2.331294744841464622e-02
-2.357426214677142001e-02
-2.383997273006507184e-02
-2.410961316288168232e-02
-2.438270519628860100e-02
-2.465875906217385172e-02
-2.493727447623270838e-02
-2.521774181568130907e-02
-2.549964341287318595e-02
-2.578245493687877574e-02
-2.606564684813474780e-02
-2.634868591606361402e-02
-2.663103679062197443e-02
-2.691216361934684401e-02
-2.719153169998093922e-02
-2.746860915874351286e-02
-2.774286864312134129e-02
-2.801378901747561545e-02
-2.828085704937629424e-02
-2.854356907413348188e-02
-2.880143262494859122e-02
-2.905396801623940164e-02
-2.930070986798048380e-02
-2.954120855938341741e-02
-2.977503160106843849e-02
-3.000176491559914532e-02
-3.022101401744591714e-02
-3.043240508440579056e-02
-3.063568240152769392e-02
-3.082977428937572553e-02
-3.101567223605419810e-02
-3.119443262035452233e-02
-3.134290334452465021e-02
-3.148324541728549086e-02
-3.161951566186303048e-02
-3.175064701741570072e-02
-3.186310252954305949e-02
-3.196399607779526475e-02
-3.205334303595574336e-02
-3.213114084309787177e-02
-3.219739781703060549e-02
-3.225213990191780344e-02
-3.229521949708705209e-02
-3.232708827415153169e-02
-3.234797428294948485e-02
-3.235698174745740147e-02
-3.235523410648261794e-02
-3.234253835174401986e-02
-3.231952669341301571e-02
-3.228494028542507055e-02
-3.224039731042874918e-02
-3.218561708937411892e-02
-3.212080967752048433e-02
-3.204619547594541457e-02
-3.196200448843102698e-02
-3.186901708717973514e-02
-3.176585225740263113e-02
-3.165439188423377348e-02
-3.153435051488983482e-02
-3.140599178472527203e-02
-3.126958301387637584e-02
-3.112539473116962205e-02
-3.097369994037280777e-02
-3.081477343831898891e-02
-3.064889118644481894e-02
-3.047632973555181035e-02
-3.029736570659747122e-02
-3.011227532606675084e-02
-2.992186469446034280e-02
-2.972536305211546936e-02
-2.952299705463634280e-02
-2.931614235559617740e-02
-2.910452379559146097e-02
-2.888840867157548009e-02
-2.866806177926384952e-02
-2.844374556952865632e-02
-2.821572007718864405e-02
-2.798424287131227178e-02
-2.774956902971214071e-02
-2.751195113476570184e-02
-2.727163928606008217e-02
-2.702888113001258863e-02
-2.678392189983621469e-02
-2.653700446502175667e-02
-2.628836938745873070e-02
-2.603825497807617240e-02
-2.577940722605344404e-02
-2.551898638335137540e-02
-2.525743717595996599e-02
-2.499514819552339784e-02
-2.473246249305787597e-02
-2.446968832134175514e-02
-2.420710721851185993e-02
-2.394498013550266230e-02
-2.368355210392192323e-02
-2.342305580059554637e-02
-2.316371426712680176e-02
-2.290574297682609201e-02
-2.264935139346749976e-02
-2.239474413298498529e-02
-2.214212181217943554e-02
-2.189168165189216836e-02
-2.164361788712781259e-02
-2.139812202383296891e-02
-2.115538297829360620e-02
-2.091558712510022122e-02
-2.067891827370035851e-02
-2.044555759120014055e-02
-2.021568348281476205e-02
-1.998947144175569277e-02
-1.976709387625920009e-02
-1.954871991999398290e-02
-1.933451523220206317e-02
-1.912464179671914330e-02
-1.891925770652977401e-02
-1.871851695600816254e-02
-1.852256923148132631e-02
-1.833155970506094440e-02
-1.814562882968964730e-02
-1.796491213962544964e-02
-1.778954005254578669e-02
-1.761963767618637128e-02
-1.745532461770595359e-02
-1.729671479635627729e-02
-1.714391625668282293e-02
-1.699703098513135821e-02
-1.685615472573944590e-02
-1.672099199939777736e-02
-1.659314612256376081e-02
-1.647044002902545851e-02
-1.635442600941073438e-02
-1.624479960678883173e-02
-1.614161517567808124e-02
-1.604491949285652072e-02
-1.595475154158727468e-02
-1.587114229915750907e-02
-1.579411449317122407e-02
-1.572368239247683847e-02
-1.565985154826786407e-02
-1.560292804997703842e-02
-1.555197427961196519e-02
-1.550788937818423086e-02
-1.547033550816269767e-02
-1.976622057978689312e-02
-1.983442163394027319e-02
-1.992664881449980607e-02
-2.000944518894531149e-02
-2.008151678531963635e-02
-2.014328205754245191e-02
-2.019817465725586014e-02
-2.024441267914690867e-02
-2.028293995435914363e-02
-2.031416427870917640e-02
-2.034527497510797700e-02
-2.036232779326700021e-02
-2.038520823818231603e-02
-2.040334988135119459e-02
-2.041707101845329983e-02
-2.042665589271656229e-02
-2.043236661401242465e-02
-2.043907916381292045e-02
-2.052022881420489941e-02
-2.051928687981632859e-02
-2.051795838614448031e-02
-2.051370431610517395e-02
-3.019118466595218514e-03
-2.946434077034869314e-03
-2.874446903735439901e-03
-2.811501443798762601e-03
-2.769497717139534493e-03
-2.720394439681708687e-03
-2.666090842274763256e-03
-2.606170056189512779e-03
-2.540788791642028394e-03
-2.470419856260119840e-03
-2.396480330852133328e-03
-2.318455863617376045e-03
-2.238082993241217317e-03
-2.155891636804702777e-03
-2.073936337877491792e-03
-1.993696544184360431e-03
-1.915949074028987925e-03
-1.841923416007296838e-03
-1.772819650935338748e-03
-1.709745157305490176e-03
-1.653909286392505479e-03
-1.606198485538661014e-03
-1.567566387049135201e-03
-1.538825875600103449e-03
-1.520678566443865037e-03
-1.513706080236990742e-03
-1.518936640995446202e-03
-1.535542083395759899e-03
-1.564331671404753377e-03
-1.605861427477567327e-03
-1.658878894494571210e-03
-1.723667680515371392e-03
-1.799751954624354000e-03
-1.887281763366274040e-03
-1.985167365523565763e-03
-2.091624036792218838e-03
-2.205910289163271615e-03
-2.327473654990374480e-03
-2.454509574189717158e-03
-2.586122358307109403e-03
-2.720401497138955765e-03
-2.856005294697119140e-03
-2.991319174223957406e-03
-3.124678298101493668e-03
-3.254390898971021989e-03
-3.378756857517074830e-03
-3.496085886147543703e-03
-3.604714900971923985e-03
-3.703024206164421545e-03
-3.789452173751303721e-03
-3.862507068965549684e-03
-3.920607095458480962e-03
-3.962813635250955063e-03
-3.987508800823484634e-03
-3.993781717478286919e-03
-3.980837449970194009e-03
-3.946397779377892878e-03
-3.891946575005706538e-03
-3.815775424730438736e-03
-3.717533012656763086e-03
-3.598338625303960925e-03
-3.454650875450059749e-03
-3.285786485513069594e-03
-3.093663371443445415e-03
-2.877928941799529072e-03
-2.636703978141852894e-03
-2.373516838028420090e-03
-2.086869664473196828e-03
-1.777160983588006032e-03
-1.444798998197438511e-03
-1.090281150720642800e-03
-7.143223361966016816e-04
-3.173126781171493882e-04
9.970904691774737372e-05
5.361672967240140031e-04
9.908775349695975176e-04
1.462968911308239195e-03
1.951492174253832701e-03
2.455057375057148605e-03
2.972591500059490466e-03
3.502842683732083906e-03
4.044630924417827456e-03
4.596386626472694081e-03
5.160817386459140566e-03
5.959391798373118998e-03
6.801671623033626879e-03
7.623909795034453096e-03
8.424735817897766044e-03
9.202839308182809985e-03
9.956978028340369991e-03
1.068599088235996225e-02
1.138881286366160567e-02
1.206449117726207665e-02
1.271220207419541948e-02
1.333126814308090158e-02
1.392117593876081305e-02
1.448159391481076974e-02
1.501229168961161486e-02
1.551355637907689267e-02
1.598561323213515406e-02
8.493688712589000933e-03
-6.250355136977223808e-03
-8.155597448154746493e-03
-7.801880275520291230e-03
-7.461927759725844878e-03
-7.131764907810402010e-03
-6.810528718997309328e-03
-6.495121406652031026e-03
-6.185303930901657476e-03
-5.880823448297524403e-03
-5.581883995866687015e-03
-5.289065816800192499e-03
-5.003258973953279148e-03
-4.725113465684521730e-03
-4.457507945723710591e-03
-4.200370080857912525e-03
-3.955884973027588847e-03
-3.725815179101386876e-03
-3.511897499564934494e-03
-3.315924725721099142e-03
-3.139785258513525662e-03
-2.985355522591350702e-03
-2.854820487075072216e-03
-2.748670592352276537e-03
-2.669878367669291375e-03
-4.230176576238704744e-03
-4.134718522393814738e-03
-3.989504661012527320e-03
-3.829509502450281072e-03
-3.678165203812540363e-03
-3.550373885495242132e-03
-3.455562703914769052e-03
-3.555087028232779139e-03
-3.544588462032351173e-03
-3.578977225590109640e-03
-3.661223226746272708e-03
-3.788876566771886417e-03
-3.961259161032702758e-03
-4.177076581002549943e-03
-4.434518102786829535e-03
-4.731183317135814054e-03
-5.064257017302356556e-03
-5.430436540047905991e-03
-5.825989655163350822e-03
-6.246800113981092195e-03
-6.688426610600872735e-03
-7.146174523609001572e-03
-7.615178379809496578e-03
-8.090104971598559291e-03
-8.567214493190328933e-03
-9.040451260952247353e-03
-9.505596047993131875e-03
-9.958279458424295488e-03
-1.039446570156667832e-02
-1.081050229280531086e-02
-1.120315371719581357e-02
-1.156961877202500669e-02
-1.190753239296081512e-02
-1.221495360688991047e-02
-1.249034190613483239e-02
-1.281384460676323819e-02
-1.303402440485479721e-02
-1.322033496669082833e-02
-1.337482146127847923e-02
-1.349410245218880117e-02
-1.357817552548150342e-02
-1.362732044834294790e-02
-1.364178343002796917e-02
-1.362194846550034144e-02
-1.356827375394839552e-02
-1.348127798755837173e-02
-1.264126531736165654e-02
-1.245708144697748460e-02
-1.223815560836643765e-02
-1.198668992898001620e-02
-1.170522459668679738e-02
-1.139628672081607549e-02
-1.106231117932509472e-02
-1.070556594425322444e-02
-1.032887033488434983e-02
-9.935165059755012712e-03
-9.527014617076147440e-03
-9.107693683827026293e-03
-8.679871349123114560e-03
-8.246939364108824694e-03
-7.811781079781535825e-03
-7.377425910261706243e-03
-6.946638371224594238e-03
-6.522681081320570728e-03
-6.108100785276539962e-03
-5.705455125214069917e-03
-5.317083723079030905e-03
-4.944838764530282843e-03
-4.590952480940279495e-03
-4.256643487072525600e-03
-3.942972383194243147e-03
-3.650579269533660298e-03
-3.379644096890250388e-03
-3.137392076162745513e-03
-2.907981298617079435e-03
-1.130519420993693694e-02
-1.104715240418133182e-02
-1.062070625087426119e-02
-1.030904703378725078e-02
-1.020837568027302758e-02
-9.864776602907484801e-03
-9.557042635446818396e-03
-9.276967960582667774e-03
-9.021607032231815371e-03
-8.789209381457215725e-03
-8.545930289121100518e-03
-8.292668382841133362e-03
-8.030680429585546065e-03
-7.763802901699031617e-03
-7.495073601132527102e-03
-7.226594087217978746e-03
-6.962144159325845891e-03
-6.702995400242108340e-03
-6.451658546497526792e-03
-6.210179812874123614e-03
-5.980484333740480885e-03
-5.764925763579422519e-03
-5.564156985995848126e-03
-5.379804413709613625e-03
-5.214493706075871982e-03
-7.004128901461443776e-03
-7.113589489406602073e-03
-7.105331546066271514e-03
-7.015980383698825970e-03
-6.877967122108634423e-03
-6.714288330473517155e-03
-6.542657506876017187e-03
-6.375538992866053301e-03
-6.224864522413945528e-03
-6.097895828892774608e-03
-6.000569761017550061e-03
-5.937307670269868429e-03
-5.911361687660808897e-03
-6.049906392809445421e-03
-6.115514247900171590e-03
-6.218240874927042153e-03
-6.357319329152247289e-03
-6.529874220334026813e-03
-6.733755448357331419e-03
-6.966455108256008194e-03
-7.225144924630418422e-03
-7.506679412789011782e-03
-7.807601263187868151e-03
-8.124210926041855810e-03
-8.452531910891101369e-03
-8.788394559632463354e-03
-9.127474105113450933e-03
-9.465345709972091542e-03
-9.797544919074436393e-03
-1.011963123875093441e-02
-1.042725247915182209e-02
-1.071620747687213049e-02
-1.098250502734318679e-02
-1.122241724236554446e-02
-1.143252605265039634e-02
-1.160969189216050877e-02
-1.175147182577134831e-02
-1.185526774087294899e-02
-1.191937502013465378e-02
-1.194233772716595497e-02
-1.192312725062200443e-02
-1.186118931878803531e-02
-1.175641328341002143e-02
-1.160889847381521567e-02
-1.141908134573866446e-02
-1.118872597944647711e-02
-1.091933179785990055e-02
-1.061178175924636091e-02
-1.026856306932286134e-02
-9.892051877001935278e-03
-9.484889473904930743e-03
-9.049935150843483808e-03
-8.590271569846950894e-03
-8.109148789307815339e-03
-7.609957351914763482e-03
-7.090989812568452427e-03
-6.553655275154087259e-03
-6.002714426949197490e-03
-5.442931965882139705e-03
-4.879020064220918051e-03
-4.315605499813883125e-03
-3.757197327711868373e-03
-3.208157217180984677e-03
-2.672671800244372231e-03
-2.154726640149741412e-03
-1.658081631161024971e-03
-1.186247769545168557e-03
-7.424653084758502108e-04
-3.296833442834185002e-04
4.945910318741517098e-05
3.526367932302383601e-04
3.580197327036800659e-04
-1.369325970988766183e-04
1.643363701977346159e-04
4.654098377611173842e-04
-1.892140759232766034e-02
-1.975696997944927785e-02
-2.003699200068583680e-02
-2.026011390545173763e-02
-2.044210178856972066e-02
-2.069774566338853511e-02
-2.072800884501834612e-02
-2.101320039397548689e-02
-2.102542910593305225e-02
-2.102450599272241011e-02
-2.134472148102688205e-02
-2.133280876321955871e-02
-2.113138651844848059e-02
-2.111227280032704212e-02
-2.096904447036946478e-02
-2.096441869219452941e-02
-2.095751112422353235e-02
-2.095026900742640724e-02
-2.094404527535483063e-02
-2.094016740024241124e-02
-2.093982213965052408e-02
-2.094408217494737184e-02
-2.095391058273549795e-02
-2.097029919982031088e-02
-2.099380629803793835e-02
-2.102527204759938040e-02
-2.106534748339104757e-02
-2.111461834503618878e-02
-2.117360837746026098e-02
-2.124278181105553748e-02
-2.132254588192949302e-02
-2.141326758027241317e-02
-2.151536313343635487e-02
-2.162878851765489413e-02
-2.175387995687115550e-02
-2.189077230017142522e-02
-2.203954756175283136e-02
-2.220023547287839488e-02
-2.237281389372506105e-02
-2.255720961358853929e-02
-2.275345558618253536e-02
-2.296107743143904756e-02
-2.317997557108710666e-02
-2.340989143158745886e-02
-2.365050229555323846e-02
-2.390143795098295665e-02
-2.416228216540895410e-02
-2.443257391384611246e-02
-2.471180808841141538e-02
-2.499943636793524812e-02
-2.529486827779267588e-02
-2.559747247026100334e-02
-2.590657825584672877e-02
-2.622147741241888722e-02
-2.654142629239214859e-02
-2.686564824143570368e-02
-2.719333633221215213e-02
-2.752365640530507473e-02
-2.785575040079920142e-02
-2.818873995188739615e-02
-2.852173020431707576e-02
-2.885381381714393484e-02
-2.918407509324331961e-02
-2.951141658502579382e-02
-2.983528525352683800e-02
-3.015457665492298975e-02
-3.046838345801654302e-02
-3.077581069634757055e-02
-3.107597928064567347e-02
-3.136802936796681540e-02
-3.165112366505375141e-02
-3.192427594485260089e-02
-3.218706868229156276e-02
-3.243855761144223693e-02
-3.267802227539697013e-02
-3.290477621704640532e-02
-3.311799333846538601e-02
-3.331742887012070081e-02
-3.350230584057167782e-02
-3.367189062469931604e-02
-3.382608207403989264e-02
-3.396418749209623167e-02
-3.408557974940701341e-02
-3.419026461248415860e-02
-3.427764129961403949e-02
-3.434721621105595035e-02
-3.439902316562071238e-02
-3.443246368176763883e-02
-3.444756967707636452e-02
-3.444391250449771458e-02
-3.442140871820172088e-02
-3.437995456186646037e-02
-3.431914203853332623e-02
-3.423906777458926576e-02
-3.413856959650829470e-02
-3.401857169815837578e-02
-3.387931138039493306e-02
-3.371988604380915522e-02
-3.354080120417393673e-02
-3.334234096327438890e-02
-3.312394620293122871e-02
-3.288624125192596281e-02
-3.262907100356092494e-02
-3.235258553165305806e-02
-3.205697621943148778e-02
-3.174247910174857190e-02
-3.140937777985768065e-02
-3.105800586481948650e-02
-3.069555097042748343e-02
-3.030809498308587729e-02
-2.990462698141430065e-02
-2.948479821941408716e-02
-2.904943582040551975e-02
-2.859885110500663338e-02
-2.813397788418054921e-02
-2.765566465979477431e-02
-2.716480562232515689e-02
-2.666235999752993718e-02
-2.614934818532210076e-02
-2.562684823390026095e-02
-2.511021725264488483e-02
-2.456164049364343432e-02
-2.391330410355936575e-02
-2.326180971781609264e-02
-2.261361735023251912e-02
-2.196993371462938743e-02
-2.133192292304848803e-02
-2.070071003176209012e-02
-2.007737952900528339e-02
-1.946297118761425304e-02
-1.885847456606784545e-02
-1.826482300249108320e-02
-1.768288767134426620e-02
-1.711347200596671780e-02
-1.655730662767031236e-02
-1.601504549520486181e-02
-1.548725902882557015e-02
-1.497443186863561815e-02
-1.447696962782019092e-02
-1.399520905490626854e-02
-1.352942319943307992e-02
-1.307980498923020513e-02
-1.264647174759895437e-02
-1.222946989542190305e-02
-1.182878087518658694e-02
-1.144432801620128698e-02
-1.107598416131751196e-02
-1.072357987701810095e-02
-1.038691255695350230e-02
-1.006575531150424169e-02
-9.759864683423088993e-03
-9.468989277823670891e-03
-9.192879072000469109e-03
-8.931304511316955075e-03
-8.684020216415830329e-03
-8.450121012389656683e-03
-8.229059341639657910e-03
-8.021272376876449617e-03
-7.827031199587448917e-03
-7.646507681412284541e-03
-7.479447909940074857e-03
-7.326737718958836743e-03
-7.187359066450363376e-03
-7.061528094481725470e-03
-6.949150667221661026e-03
-6.850079866414955643e-03
-6.764515757646992478e-03
-6.692459726997945779e-03
-6.633742439141686320e-03
-6.588316060869639501e-03
-6.556241629330675225e-03
-6.535118602098849427e-03
-6.528878367350443579e-03
-6.536901127779257137e-03
-6.660858100219352318e-03
-6.698916739038440760e-03
6.594347326202242010e-02
6.509373140738280994e-02
6.366342564931565251e-02
6.122871651902727502e-02
5.821051428866885757e-02
5.428301511497364562e-02
4.974330067210337714e-02
4.448610769776364937e-02
3.860505279439723630e-02
3.211869164994096693e-02
2.504106442190417309e-02
1.738389565679905255e-02
9.158860502106055956e-03
3.801433850557948621e-04
-8.932829745503715821e-03
-1.875259706541032231e-02
-2.904091751559548240e-02
-3.974620154513656967e-02
-5.080125624663918427e-02
-6.212150892533829794e-02
-7.253768961050739705e-02
-6.457425262085068896e-02
-5.639883564574886543e-02
-4.806416520921912017e-02
-3.962880596402862388e-02
-3.115610932372610276e-02
-2.271270006577448541e-02
-1.436654598965227125e-02
-6.184721033865858697e-03
1.768971353886136799e-03
9.436315848199219869e-03
1.676674655408195991e-02
2.371898249844825446e-02
3.026210801885062529e-02
3.637603105876180409e-02
4.205132069381971316e-02
4.728846682450690841e-02
5.209663515344707674e-02
5.649201376743312464e-02
6.049585639666632542e-02
6.413232914352108571e-02
6.742626719645138100e-02
7.040094801509166889e-02
7.307598822853182685e-02
7.546547199594218214e-02
7.757641788071580058e-02
7.940769416902554445e-02
8.094948771249949049e-02
8.218338138988223740e-02
8.308309228321514306e-02
8.361593108028805843e-02
8.374500923365425786e-02
8.343217930591037557e-02
8.264163568911853108e-02
8.134401377362039665e-02
7.952070117801765536e-02
7.716792841731490160e-02
7.430008040863826657e-02
7.095163355841854758e-02
6.717724578919866130e-02
6.297670690373140256e-02
6.181399647605037573e-02
6.210759713497723822e-02
6.235883739659008052e-02
6.260560575699364305e-02
6.288998390426273066e-02
6.325373029878568476e-02
6.373777929758756011e-02
6.438176993632735434e-02
6.522363100078271136e-02
6.629923913081205156e-02
6.764215212492769025e-02
6.928340890052098189e-02
7.125137983549277576e-02
7.357164534563596925e-02
7.626687531892237248e-02
7.935667623114679714e-02
8.285736541054536386e-02
8.678162252131579879e-02
9.113795710980916731e-02
9.592991888175039783e-02
1.011549661133211986e-01
1.068029009386003564e-01
1.128537847060287619e-01
1.192752732990104425e-01
1.260193799271361881e-01
1.330188084190476183e-01
1.401832358335187712e-01
1.473962838007795428e-01
1.545143735325463230e-01
1.613499730733941040e-01
1.676830119651967488e-01
1.733054366460125006e-01
1.780541583569311970e-01
1.818311041182626153e-01
1.846145317347416270e-01
1.864586087038301865e-01
1.874817337634864245e-01
1.878469259572798089e-01
1.877386202130680859e-01
1.873395069498784704e-01
-8.361118073247075788e-02
-8.480009237851579562e-02
-8.589311879994590559e-02
-1.050187422225406092e-01
-9.889587641281341601e-02
-9.772730956424052762e-02
-9.667030673893502180e-02
-9.565725011370328212e-02
-9.468877416824003634e-02
-9.378109214958793571e-02
-9.295690292580040259e-02
-9.215244919890980269e-02
-9.147268694528305766e-02
-9.086491115710935984e-02
-9.032236069240899556e-02
-8.984012530413724995e-02
-8.941339953597464418e-02
-8.903773331882006148e-02
-8.868537191475756032e-02
-8.840114756153458209e-02
-8.823115578740908793e-02
-8.831261478571356127e-02
-8.840496820389216748e-02
-8.850863762603621010e-02
-8.862376395400900497e-02
-8.875063836565123820e-02
-8.888935718307051925e-02
-8.903989930975199363e-02
-8.920211446540797506e-02
-8.937571519742432136e-02
-8.956027235106581164e-02
-8.975527399657075300e-02
-8.995986368907968322e-02
-9.017328022476128746e-02
-9.039454905005153695e-02
-9.062257988437490142e-02
-9.085617849977523086e-02
-9.092486994850339233e-02
-9.122349538703380945e-02
-9.151617231016306864e-02
-9.180217224986644831e-02
-9.208062974390882061e-02
-9.235060869375952275e-02
-9.261115358421946608e-02
-9.286131507781279770e-02
-9.310017370217565924e-02
-9.332683497160457198e-02
-9.354056744644190236e-02
-9.374058170480224772e-02
-9.392627433912913160e-02
-9.409712819928589544e-02
-9.425272122579106404e-02
-9.439285526825835770e-02
-9.451733126915051741e-02
-9.462618463989024009e-02
-9.471955808456365700e-02
-8.483907763381458300e-02
-8.489169703650460697e-02
-8.284531336889899844e-02
-8.253840196401061868e-02
-8.044081074303038870e-02
-7.679215061787524055e-02
-7.343177064277719990e-02
-6.987652553615932016e-02
-6.713874954747670043e-02
-6.399899835409880722e-02
-6.097887377533042774e-02
-5.798695823631531965e-02
-5.490568271866395900e-02
-5.192275065869889072e-02
-4.896832844604226409e-02
-4.616319569915697252e-02
-4.334546756471904794e-02
-4.072745315050219084e-02
-3.827674528555677358e-02
-3.631835236802324895e-02
-3.207684846777952847e-02
-2.355335404355787809e-02
-1.551129770083833903e-02
-9.270224180749797593e-03
-2.099976768925121418e-03
4.778633858118913613e-03
9.641373205936609736e-03
1.548621742234687626e-02
2.086836591005378216e-02
2.563553006167212933e-02
2.940815859190598625e-02
3.033836344916604477e-02
2.961773768444078692e-02
3.287179806489906597e-02
3.689319500563820187e-02
4.084156154586210397e-02
4.464143998276215441e-02
4.819085261292335720e-02
5.136358494181608725e-02
5.400937470489328152e-02
5.597495933094800979e-02
5.729378631955231449e-02
5.817437943667705391e-02
5.884365707032257475e-02
5.952081764180650048e-02
8.313728231650416300e-02
9.200024329418703128e-02
1.005252916355749704e-01
1.081897666315196765e-01
1.346765709068689088e-01
1.505931745458057025e-01
1.595137759905246588e-01
1.491408826677906307e-01
1.360666700829640807e-01
1.234407301313993621e-01
1.104443459279817463e-01
9.737280550035262716e-02
8.437139000388879650e-02
7.151268536148319699e-02
5.884261384328972472e-02
4.635811851421899055e-02
3.408321508328111815e-02
2.201761214607966116e-02
1.015665753018837013e-02
-1.505919490482808543e-03
-1.297834650660731337e-02
-2.427000136416530840e-02
-3.538977686028776937e-02
-4.634674705743925538e-02
-5.714950697633644494e-02
-6.780575073147872278e-02
-7.832292395323152412e-02
-8.870931366927159445e-02
-9.494185027627788376e-02
-9.498766633024355310e-02
-9.496495948750284521e-02
-9.488236497715712980e-02
-9.474770899343870623e-02
-9.456786385578014320e-02
-9.434933521914130872e-02
-9.409787446278430889e-02
-9.381842159982864415e-02
-9.351558808258281230e-02
-9.285690565176901723e-02
-9.196911316728424712e-02
-9.105292149710705885e-02
-9.015225627169913547e-02
-8.926665434161093482e-02
-8.839613400222283424e-02
-8.754120597810932658e-02
-8.670285478186867678e-02
