-5.680384870838643685e-02
-5.680384870838643685e-02
-5.680384870838643685e-02
-5.680384870838643685e-02
-5.680384870838643685e-02
-5.680384870838643685e-02
-5.680384870838643685e-02
-5.680384870838643685e-02
-5.680384870838643685e-02
-5.680384870838643685e-02
-3.454715821244518092e-02
-3.454715821244518092e-02
-3.454715821244518092e-02
-3.454715821244518092e-02
-3.454715821244518092e-02
-3.454715821244518092e-02
-3.454715821244518092e-02
-3.454715821244518092e-02
-3.454715821244518092e-02
-3.454715821244518092e-02
-3.348840839126640545e-02
-3.348840839126640545e-02
-3.348840839126640545e-02
-3.348840839126640545e-02
-3.348840839126640545e-02
-3.348840839126640545e-02
-3.348840839126640545e-02
-3.348840839126640545e-02
-3.348840839126640545e-02
-3.348840839126640545e-02
-3.457841724619845070e-02
-3.457841724619845070e-02
-3.457841724619845070e-02
-3.457841724619845070e-02
-3.457841724619845070e-02
-3.457841724619845070e-02
-3.457841724619845070e-02
-3.457841724619845070e-02
-3.457841724619845070e-02
-3.457841724619845070e-02
-3.713314942803214169e-02
-3.713314942803214169e-02
-3.713314942803214169e-02
-3.713314942803214169e-02
-3.713314942803214169e-02
-3.713314942803214169e-02
-3.713314942803214169e-02
-3.713314942803214169e-02
-3.713314942803214169e-02
-3.713314942803214169e-02
-4.033799937004842184e-02
-4.033799937004842184e-02
-4.033799937004842184e-02
-4.033799937004842184e-02
-4.033799937004842184e-02
-4.033799937004842184e-02
-4.033799937004842184e-02
-4.033799937004842184e-02
-4.033799937004842184e-02
-4.033799937004842184e-02
-4.351357410297070072e-02
-4.351357410297070072e-02
-4.351357410297070072e-02
-4.351357410297070072e-02
-4.351357410297070072e-02
-4.351357410297070072e-02
-4.351357410297070072e-02
-4.351357410297070072e-02
-4.351357410297070072e-02
-4.351357410297070072e-02
-4.619469399325164954e-02
-4.619469399325164954e-02
-4.619469399325164954e-02
-4.619469399325164954e-02
-4.619469399325164954e-02
-4.619469399325164954e-02
-4.619469399325164954e-02
-4.619469399325164954e-02
-4.619469399325164954e-02
-4.619469399325164954e-02
-4.812020992834514094e-02
-4.812020992834514094e-02
-4.812020992834514094e-02
-4.812020992834514094e-02
-4.812020992834514094e-02
-4.812020992834514094e-02
-4.812020992834514094e-02
-4.812020992834514094e-02
-4.812020992834514094e-02
-4.812020992834514094e-02
-4.918604301876213641e-02
-4.918604301876213641e-02
-4.918604301876213641e-02
-4.918604301876213641e-02
-4.918604301876213641e-02
-4.918604301876213641e-02
-4.918604301876213641e-02
-4.918604301876213641e-02
-4.918604301876213641e-02
-4.918604301876213641e-02
-4.938881799712234455e-02
-4.938881799712234455e-02
-4.938881799712234455e-02
-4.938881799712234455e-02
-4.938881799712234455e-02
-4.938881799712234455e-02
-4.938881799712234455e-02
-4.938881799712234455e-02
-4.938881799712234455e-02
-4.938881799712234455e-02
-4.878804043755016751e-02
-4.878804043755016751e-02
-4.878804043755016751e-02
-4.878804043755016751e-02
-4.878804043755016751e-02
-4.878804043755016751e-02
-4.878804043755016751e-02
-4.878804043755016751e-02
-4.878804043755016751e-02
-4.878804043755016751e-02
-4.745414021083639577e-02
-4.745414021083639577e-02
-4.745414021083639577e-02
-4.745414021083639577e-02
-4.745414021083639577e-02
-4.745414021083639577e-02
-4.745414021083639577e-02
-4.745414021083639577e-02
-4.745414021083639577e-02
-4.745414021083639577e-02
-4.555022735988210891e-02
-4.555022735988210891e-02
-4.555022735988210891e-02
-4.555022735988210891e-02
-4.555022735988210891e-02
-4.555022735988210891e-02
-4.555022735988210891e-02
-4.555022735988210891e-02
-4.555022735988210891e-02
-4.555022735988210891e-02
-4.325558506170967821e-02
-4.325558506170967821e-02
-4.325558506170967821e-02
-4.325558506170967821e-02
-4.325558506170967821e-02
-4.325558506170967821e-02
-4.325558506170967821e-02
-4.325558506170967821e-02
-4.325558506170967821e-02
-4.325558506170967821e-02
-4.081739800285170972e-02
-4.081739800285170972e-02
-4.081739800285170972e-02
-4.081739800285170972e-02
-4.081739800285170972e-02
-4.081739800285170972e-02
-4.081739800285170972e-02
-4.081739800285170972e-02
-4.081739800285170972e-02
-4.081739800285170972e-02
-3.843419076263429601e-02
-3.843419076263429601e-02
-3.843419076263429601e-02
-3.843419076263429601e-02
-3.843419076263429601e-02
-3.843419076263429601e-02
-3.843419076263429601e-02
-3.843419076263429601e-02
-3.843419076263429601e-02
-3.843419076263429601e-02
-3.622560282394109155e-02
-3.622560282394109155e-02
-3.622560282394109155e-02
-3.622560282394109155e-02
-3.622560282394109155e-02
-3.622560282394109155e-02
-3.622560282394109155e-02
-3.622560282394109155e-02
-3.622560282394109155e-02
-3.622560282394109155e-02
-3.426575512533476531e-02
-3.426575512533476531e-02
-3.426575512533476531e-02
-3.426575512533476531e-02
-3.426575512533476531e-02
-3.426575512533476531e-02
-3.426575512533476531e-02
-3.426575512533476531e-02
-3.426575512533476531e-02
-3.426575512533476531e-02
-3.259529844604523025e-02
-3.259529844604523025e-02
-3.259529844604523025e-02
-3.259529844604523025e-02
-3.259529844604523025e-02
-3.259529844604523025e-02
-3.259529844604523025e-02
-3.259529844604523025e-02
-3.259529844604523025e-02
-3.259529844604523025e-02
-3.123315830563739084e-02
-3.123315830563739084e-02
-3.123315830563739084e-02
-3.123315830563739084e-02
-3.123315830563739084e-02
-3.123315830563739084e-02
-3.123315830563739084e-02
-3.123315830563739084e-02
-3.123315830563739084e-02
-3.123315830563739084e-02
-3.018602052718016154e-02
-3.018602052718016154e-02
-3.018602052718016154e-02
-3.018602052718016154e-02
-3.018602052718016154e-02
-3.018602052718016154e-02
-3.018602052718016154e-02
-3.018602052718016154e-02
-3.018602052718016154e-02
-3.018602052718016154e-02
-3.578185971601346993e-02
-3.578185971601346993e-02
-3.578185971601346993e-02
-3.578185971601346993e-02
-3.578185971601346993e-02
-3.578185971601346993e-02
-3.578185971601346993e-02
-3.578185971601346993e-02
-3.578185971601346993e-02
-3.578185971601346993e-02
-3.473713787871213904e-02
-3.473713787871213904e-02
-3.473713787871213904e-02
-3.473713787871213904e-02
-3.473713787871213904e-02
-3.473713787871213904e-02
-3.473713787871213904e-02
-3.473713787871213904e-02
-3.473713787871213904e-02
-3.473713787871213904e-02
-3.960379382894031047e-02
-3.960379382894031047e-02
-3.960379382894031047e-02
-3.960379382894031047e-02
-3.960379382894031047e-02
-3.960379382894031047e-02
-3.960379382894031047e-02
-3.960379382894031047e-02
-3.960379382894031047e-02
-3.960379382894031047e-02
-3.919270428737080258e-02
-3.919270428737080258e-02
-3.919270428737080258e-02
-3.919270428737080258e-02
-3.919270428737080258e-02
-3.919270428737080258e-02
-3.919270428737080258e-02
-3.919270428737080258e-02
-3.919270428737080258e-02
-3.919270428737080258e-02
-4.084434064187902197e-02
-4.084434064187902197e-02
-4.084434064187902197e-02
-4.084434064187902197e-02
-4.084434064187902197e-02
-4.084434064187902197e-02
-4.084434064187902197e-02
-4.084434064187902197e-02
-4.084434064187902197e-02
-4.084434064187902197e-02
-4.407668257380834009e-02
-4.407668257380834009e-02
-4.407668257380834009e-02
-4.407668257380834009e-02
-4.407668257380834009e-02
-4.407668257380834009e-02
-4.407668257380834009e-02
-4.407668257380834009e-02
-4.407668257380834009e-02
-4.407668257380834009e-02
-4.822560389792339419e-02
-4.822560389792339419e-02
-4.822560389792339419e-02
-4.822560389792339419e-02
-4.822560389792339419e-02
-4.822560389792339419e-02
-4.822560389792339419e-02
-4.822560389792339419e-02
-4.822560389792339419e-02
-4.822560389792339419e-02
-5.261541917797776108e-02
-5.261541917797776108e-02
-5.261541917797776108e-02
-5.261541917797776108e-02
-5.261541917797776108e-02
-5.261541917797776108e-02
-5.261541917797776108e-02
-5.261541917797776108e-02
-5.261541917797776108e-02
-5.261541917797776108e-02
-5.665122257511701759e-02
-5.665122257511701759e-02
-5.665122257511701759e-02
-5.665122257511701759e-02
-5.665122257511701759e-02
-5.665122257511701759e-02
-5.665122257511701759e-02
-5.665122257511701759e-02
-5.665122257511701759e-02
-5.665122257511701759e-02
-5.989065727669677652e-02
-5.989065727669677652e-02
-5.989065727669677652e-02
-5.989065727669677652e-02
-5.989065727669677652e-02
-5.989065727669677652e-02
-5.989065727669677652e-02
-5.989065727669677652e-02
-5.989065727669677652e-02
-5.989065727669677652e-02
-6.208166293681080528e-02
-6.208166293681080528e-02
-6.208166293681080528e-02
-6.208166293681080528e-02
-6.208166293681080528e-02
-6.208166293681080528e-02
-6.208166293681080528e-02
-6.208166293681080528e-02
-6.208166293681080528e-02
-6.208166293681080528e-02
-6.315605133042051511e-02
-6.315605133042051511e-02
-6.315605133042051511e-02
-6.315605133042051511e-02
-6.315605133042051511e-02
-6.315605133042051511e-02
-6.315605133042051511e-02
-6.315605133042051511e-02
-6.315605133042051511e-02
-6.315605133042051511e-02
-6.317932477154641902e-02
-6.317932477154641902e-02
-6.317932477154641902e-02
-6.317932477154641902e-02
-6.317932477154641902e-02
-6.317932477154641902e-02
-6.317932477154641902e-02
-6.317932477154641902e-02
-6.317932477154641902e-02
-6.317932477154641902e-02
-6.229463677718222181e-02
-6.229463677718222181e-02
-6.229463677718222181e-02
-6.229463677718222181e-02
-6.229463677718222181e-02
-6.229463677718222181e-02
-6.229463677718222181e-02
-6.229463677718222181e-02
-6.229463677718222181e-02
-6.229463677718222181e-02
-6.072085493557096564e-02
-6.072085493557096564e-02
-6.072085493557096564e-02
-6.072085493557096564e-02
-6.072085493557096564e-02
-6.072085493557096564e-02
-6.072085493557096564e-02
-6.072085493557096564e-02
-6.072085493557096564e-02
-6.072085493557096564e-02
-5.873133304367738478e-02
-5.873133304367738478e-02
-5.873133304367738478e-02
-5.873133304367738478e-02
-5.873133304367738478e-02
-5.873133304367738478e-02
-5.873133304367738478e-02
-5.873133304367738478e-02
-5.873133304367738478e-02
-5.873133304367738478e-02
-5.658525580359675261e-02
-5.658525580359675261e-02
-5.658525580359675261e-02
-5.658525580359675261e-02
-5.658525580359675261e-02
-5.658525580359675261e-02
-5.658525580359675261e-02
-5.658525580359675261e-02
-5.658525580359675261e-02
-5.658525580359675261e-02
-5.448071247333738376e-02
-5.448071247333738376e-02
-5.448071247333738376e-02
-5.448071247333738376e-02
-5.448071247333738376e-02
-5.448071247333738376e-02
-5.448071247333738376e-02
-5.448071247333738376e-02
-5.448071247333738376e-02
-5.448071247333738376e-02
-5.254874970362514996e-02
-5.254874970362514996e-02
-5.254874970362514996e-02
-5.254874970362514996e-02
-5.254874970362514996e-02
-5.254874970362514996e-02
-5.254874970362514996e-02
-5.254874970362514996e-02
-5.254874970362514996e-02
-5.254874970362514996e-02
-5.086508246823732288e-02
-5.086508246823732288e-02
-5.086508246823732288e-02
-5.086508246823732288e-02
-5.086508246823732288e-02
-5.086508246823732288e-02
-5.086508246823732288e-02
-5.086508246823732288e-02
-5.086508246823732288e-02
-5.086508246823732288e-02
-4.946923067387896250e-02
-4.946923067387896250e-02
-4.946923067387896250e-02
-4.946923067387896250e-02
-4.946923067387896250e-02
-4.946923067387896250e-02
-4.946923067387896250e-02
-4.946923067387896250e-02
-4.946923067387896250e-02
-4.946923067387896250e-02
-4.837749820802884904e-02
-4.837749820802884904e-02
-4.837749820802884904e-02
-4.837749820802884904e-02
-4.837749820802884904e-02
-4.837749820802884904e-02
-4.837749820802884904e-02
-4.837749820802884904e-02
-4.837749820802884904e-02
-4.837749820802884904e-02
-4.760013009636732823e-02
-4.760013009636732823e-02
-4.760013009636732823e-02
-4.760013009636732823e-02
-4.760013009636732823e-02
-4.760013009636732823e-02
-4.760013009636732823e-02
-4.760013009636732823e-02
-4.760013009636732823e-02
-4.760013009636732823e-02
-5.232678023883979845e-02
-5.232678023883979845e-02
-5.232678023883979845e-02
-5.232678023883979845e-02
-5.232678023883979845e-02
-5.232678023883979845e-02
-5.232678023883979845e-02
-5.232678023883979845e-02
-5.232678023883979845e-02
-5.232678023883979845e-02
-5.716284285850806168e-02
-5.716284285850806168e-02
-5.716284285850806168e-02
-5.716284285850806168e-02
-5.716284285850806168e-02
-5.716284285850806168e-02
-5.716284285850806168e-02
-5.716284285850806168e-02
-5.716284285850806168e-02
-5.716284285850806168e-02
-5.756278540725275061e-02
-5.756278540725275061e-02
-5.756278540725275061e-02
-5.756278540725275061e-02
-5.756278540725275061e-02
-5.756278540725275061e-02
-5.756278540725275061e-02
-5.756278540725275061e-02
-5.756278540725275061e-02
-5.756278540725275061e-02
-5.711216923623944897e-02
-5.711216923623944897e-02
-5.711216923623944897e-02
-5.711216923623944897e-02
-5.711216923623944897e-02
-5.711216923623944897e-02
-5.711216923623944897e-02
-5.711216923623944897e-02
-5.711216923623944897e-02
-5.711216923623944897e-02
-5.827710354305617318e-02
-5.827710354305617318e-02
-5.827710354305617318e-02
-5.827710354305617318e-02
-5.827710354305617318e-02
-5.827710354305617318e-02
-5.827710354305617318e-02
-5.827710354305617318e-02
-5.827710354305617318e-02
-5.827710354305617318e-02
-6.083479898146730569e-02
-6.083479898146730569e-02
-6.083479898146730569e-02
-6.083479898146730569e-02
-6.083479898146730569e-02
-6.083479898146730569e-02
-6.083479898146730569e-02
-6.083479898146730569e-02
-6.083479898146730569e-02
-6.083479898146730569e-02
-6.429209061680739301e-02
-6.429209061680739301e-02
-6.429209061680739301e-02
-6.429209061680739301e-02
-6.429209061680739301e-02
-6.429209061680739301e-02
-6.429209061680739301e-02
-6.429209061680739301e-02
-6.429209061680739301e-02
-6.429209061680739301e-02
-6.805169581012456004e-02
-6.805169581012456004e-02
-6.805169581012456004e-02
-6.805169581012456004e-02
-6.805169581012456004e-02
-6.805169581012456004e-02
-6.805169581012456004e-02
-6.805169581012456004e-02
-6.805169581012456004e-02
-6.805169581012456004e-02
-7.152682542295493717e-02
-7.152682542295493717e-02
-7.152682542295493717e-02
-7.152682542295493717e-02
-7.152682542295493717e-02
-7.152682542295493717e-02
-7.152682542295493717e-02
-7.152682542295493717e-02
-7.152682542295493717e-02
-7.152682542295493717e-02
-7.425200705011736346e-02
-7.425200705011736346e-02
-7.425200705011736346e-02
-7.425200705011736346e-02
-7.425200705011736346e-02
-7.425200705011736346e-02
-7.425200705011736346e-02
-7.425200705011736346e-02
-7.425200705011736346e-02
-7.425200705011736346e-02
-7.596010907354466823e-02
-7.596010907354466823e-02
-7.596010907354466823e-02
-7.596010907354466823e-02
-7.596010907354466823e-02
-7.596010907354466823e-02
-7.596010907354466823e-02
-7.596010907354466823e-02
-7.596010907354466823e-02
-7.596010907354466823e-02
-7.658577810470346137e-02
-7.658577810470346137e-02
-7.658577810470346137e-02
-7.658577810470346137e-02
-7.658577810470346137e-02
-7.658577810470346137e-02
-7.658577810470346137e-02
-7.658577810470346137e-02
-7.658577810470346137e-02
-7.658577810470346137e-02
-7.601314527132629895e-02
-7.601314527132629895e-02
-7.601314527132629895e-02
-7.601314527132629895e-02
-7.601314527132629895e-02
-7.601314527132629895e-02
-7.601314527132629895e-02
-7.601314527132629895e-02
-7.601314527132629895e-02
-7.601314527132629895e-02
-7.448864471261103237e-02
-7.448864471261103237e-02
-7.448864471261103237e-02
-7.448864471261103237e-02
-7.448864471261103237e-02
-7.448864471261103237e-02
-7.448864471261103237e-02
-7.448864471261103237e-02
-7.448864471261103237e-02
-7.448864471261103237e-02
-7.233566904895191718e-02
-7.233566904895191718e-02
-7.233566904895191718e-02
-7.233566904895191718e-02
-7.233566904895191718e-02
-7.233566904895191718e-02
-7.233566904895191718e-02
-7.233566904895191718e-02
-7.233566904895191718e-02
-7.233566904895191718e-02
-6.984354950352378300e-02
-6.984354950352378300e-02
-6.984354950352378300e-02
-6.984354950352378300e-02
-6.984354950352378300e-02
-6.984354950352378300e-02
-6.984354950352378300e-02
-6.984354950352378300e-02
-6.984354950352378300e-02
-6.984354950352378300e-02
-6.725226569300157831e-02
-6.725226569300157831e-02
-6.725226569300157831e-02
-6.725226569300157831e-02
-6.725226569300157831e-02
-6.725226569300157831e-02
-6.725226569300157831e-02
-6.725226569300157831e-02
-6.725226569300157831e-02
-6.725226569300157831e-02
-6.476919592909516354e-02
-6.476919592909516354e-02
-6.476919592909516354e-02
-6.476919592909516354e-02
-6.476919592909516354e-02
-6.476919592909516354e-02
-6.476919592909516354e-02
-6.476919592909516354e-02
-6.476919592909516354e-02
-6.476919592909516354e-02
-6.253195415355605746e-02
-6.253195415355605746e-02
-6.253195415355605746e-02
-6.253195415355605746e-02
-6.253195415355605746e-02
-6.253195415355605746e-02
-6.253195415355605746e-02
-6.253195415355605746e-02
-6.253195415355605746e-02
-6.253195415355605746e-02
-6.064577884949008679e-02
-6.064577884949008679e-02
-6.064577884949008679e-02
-6.064577884949008679e-02
-6.064577884949008679e-02
-6.064577884949008679e-02
-6.064577884949008679e-02
-6.064577884949008679e-02
-6.064577884949008679e-02
-6.064577884949008679e-02
-5.918488210767235830e-02
-5.918488210767235830e-02
-5.918488210767235830e-02
-5.918488210767235830e-02
-5.918488210767235830e-02
-5.918488210767235830e-02
-5.918488210767235830e-02
-5.918488210767235830e-02
-5.918488210767235830e-02
-5.918488210767235830e-02
-5.819453031538050075e-02
-5.819453031538050075e-02
-5.819453031538050075e-02
-5.819453031538050075e-02
-5.819453031538050075e-02
-5.819453031538050075e-02
-5.819453031538050075e-02
-5.819453031538050075e-02
-5.819453031538050075e-02
-5.819453031538050075e-02
-5.772181740061775590e-02
-5.772181740061775590e-02
-5.772181740061775590e-02
-5.772181740061775590e-02
-5.772181740061775590e-02
-5.772181740061775590e-02
-5.772181740061775590e-02
-5.772181740061775590e-02
-5.772181740061775590e-02
-5.772181740061775590e-02
-6.083819854184173426e-02
-6.083819854184173426e-02
-6.083819854184173426e-02
-6.083819854184173426e-02
-6.083819854184173426e-02
-6.083819854184173426e-02
-6.083819854184173426e-02
-6.083819854184173426e-02
-6.083819854184173426e-02
-6.083819854184173426e-02
-3.691914869968930535e-02
-3.691914869968930535e-02
-3.691914869968930535e-02
-3.691914869968930535e-02
-3.691914869968930535e-02
-3.691914869968930535e-02
-3.691914869968930535e-02
-3.691914869968930535e-02
-3.691914869968930535e-02
-3.691914869968930535e-02
-4.351711545713360385e-02
-4.351711545713360385e-02
-4.351711545713360385e-02
-4.351711545713360385e-02
-4.351711545713360385e-02
-4.351711545713360385e-02
-4.351711545713360385e-02
-4.351711545713360385e-02
-4.351711545713360385e-02
-4.351711545713360385e-02
-4.429126424307404386e-02
-4.429126424307404386e-02
-4.429126424307404386e-02
-4.429126424307404386e-02
-4.429126424307404386e-02
-4.429126424307404386e-02
-4.429126424307404386e-02
-4.429126424307404386e-02
-4.429126424307404386e-02
-4.429126424307404386e-02
-4.641134713138056478e-02
-4.641134713138056478e-02
-4.641134713138056478e-02
-4.641134713138056478e-02
-4.641134713138056478e-02
-4.641134713138056478e-02
-4.641134713138056478e-02
-4.641134713138056478e-02
-4.641134713138056478e-02
-4.641134713138056478e-02
-4.928110663478335596e-02
-4.928110663478335596e-02
-4.928110663478335596e-02
-4.928110663478335596e-02
-4.928110663478335596e-02
-4.928110663478335596e-02
-4.928110663478335596e-02
-4.928110663478335596e-02
-4.928110663478335596e-02
-4.928110663478335596e-02
-5.153965683994344432e-02
-5.153965683994344432e-02
-5.153965683994344432e-02
-5.153965683994344432e-02
-5.153965683994344432e-02
-5.153965683994344432e-02
-5.153965683994344432e-02
-5.153965683994344432e-02
-5.153965683994344432e-02
-5.153965683994344432e-02
-5.187545775253588759e-02
-5.187545775253588759e-02
-5.187545775253588759e-02
-5.187545775253588759e-02
-5.187545775253588759e-02
-5.187545775253588759e-02
-5.187545775253588759e-02
-5.187545775253588759e-02
-5.187545775253588759e-02
-5.187545775253588759e-02
-4.990279963149732434e-02
-4.990279963149732434e-02
-4.990279963149732434e-02
-4.990279963149732434e-02
-4.990279963149732434e-02
-4.990279963149732434e-02
-4.990279963149732434e-02
-4.990279963149732434e-02
-4.990279963149732434e-02
-4.990279963149732434e-02
-4.629049831702887474e-02
-4.629049831702887474e-02
-4.629049831702887474e-02
-4.629049831702887474e-02
-4.629049831702887474e-02
-4.629049831702887474e-02
-4.629049831702887474e-02
-4.629049831702887474e-02
-4.629049831702887474e-02
-4.629049831702887474e-02
-4.213791709257265483e-02
-4.213791709257265483e-02
-4.213791709257265483e-02
-4.213791709257265483e-02
-4.213791709257265483e-02
-4.213791709257265483e-02
-4.213791709257265483e-02
-4.213791709257265483e-02
-4.213791709257265483e-02
-4.213791709257265483e-02
-4.431311172200572829e-02
-4.431311172200572829e-02
-4.431311172200572829e-02
-4.431311172200572829e-02
-4.431311172200572829e-02
-4.431311172200572829e-02
-4.431311172200572829e-02
-4.431311172200572829e-02
-4.431311172200572829e-02
-4.431311172200572829e-02
-5.157476227359296395e-02
-5.157476227359296395e-02
-5.157476227359296395e-02
-5.157476227359296395e-02
-5.157476227359296395e-02
-5.157476227359296395e-02
-5.157476227359296395e-02
-5.157476227359296395e-02
-5.157476227359296395e-02
-5.157476227359296395e-02
-4.956055220299605824e-02
-4.956055220299605824e-02
-4.956055220299605824e-02
-4.956055220299605824e-02
-4.956055220299605824e-02
-4.956055220299605824e-02
-4.956055220299605824e-02
-4.956055220299605824e-02
-4.956055220299605824e-02
-4.956055220299605824e-02
-4.991878954297145760e-02
-4.991878954297145760e-02
-4.991878954297145760e-02
-4.991878954297145760e-02
-4.991878954297145760e-02
-4.991878954297145760e-02
-4.991878954297145760e-02
-4.991878954297145760e-02
-4.991878954297145760e-02
-4.991878954297145760e-02
-5.184889866281780502e-02
-5.184889866281780502e-02
-5.184889866281780502e-02
-5.184889866281780502e-02
-5.184889866281780502e-02
-5.184889866281780502e-02
-5.184889866281780502e-02
-5.184889866281780502e-02
-5.184889866281780502e-02
-5.184889866281780502e-02
-5.454810009581860519e-02
-5.454810009581860519e-02
-5.454810009581860519e-02
-5.454810009581860519e-02
-5.454810009581860519e-02
-5.454810009581860519e-02
-5.454810009581860519e-02
-5.454810009581860519e-02
-5.454810009581860519e-02
-5.454810009581860519e-02
-5.728106649447879672e-02
-5.728106649447879672e-02
-5.728106649447879672e-02
-5.728106649447879672e-02
-5.728106649447879672e-02
-5.728106649447879672e-02
-5.728106649447879672e-02
-5.728106649447879672e-02
-5.728106649447879672e-02
-5.728106649447879672e-02
-5.947412894775346015e-02
-5.947412894775346015e-02
-5.947412894775346015e-02
-5.947412894775346015e-02
-5.947412894775346015e-02
-5.947412894775346015e-02
-5.947412894775346015e-02
-5.947412894775346015e-02
-5.947412894775346015e-02
-5.947412894775346015e-02
-6.075339858382644564e-02
-6.075339858382644564e-02
-6.075339858382644564e-02
-6.075339858382644564e-02
-6.075339858382644564e-02
-6.075339858382644564e-02
-6.075339858382644564e-02
-6.075339858382644564e-02
-6.075339858382644564e-02
-6.075339858382644564e-02
-6.091209522549754368e-02
-6.091209522549754368e-02
-6.091209522549754368e-02
-6.091209522549754368e-02
-6.091209522549754368e-02
-6.091209522549754368e-02
-6.091209522549754368e-02
-6.091209522549754368e-02
-6.091209522549754368e-02
-6.091209522549754368e-02
-5.990479811720648279e-02
-5.990479811720648279e-02
-5.990479811720648279e-02
-5.990479811720648279e-02
-5.990479811720648279e-02
-5.990479811720648279e-02
-5.990479811720648279e-02
-5.990479811720648279e-02
-5.990479811720648279e-02
-5.990479811720648279e-02
-5.786216885896275364e-02
-5.786216885896275364e-02
-5.786216885896275364e-02
-5.786216885896275364e-02
-5.786216885896275364e-02
-5.786216885896275364e-02
-5.786216885896275364e-02
-5.786216885896275364e-02
-5.786216885896275364e-02
-5.786216885896275364e-02
-5.509652697537796573e-02
-5.509652697537796573e-02
-5.509652697537796573e-02
-5.509652697537796573e-02
-5.509652697537796573e-02
-5.509652697537796573e-02
-5.509652697537796573e-02
-5.509652697537796573e-02
-5.509652697537796573e-02
-5.509652697537796573e-02
-5.205056140917560525e-02
-5.205056140917560525e-02
-5.205056140917560525e-02
-5.205056140917560525e-02
-5.205056140917560525e-02
-5.205056140917560525e-02
-5.205056140917560525e-02
-5.205056140917560525e-02
-5.205056140917560525e-02
-5.205056140917560525e-02
-4.907572225420198803e-02
-4.907572225420198803e-02
-4.907572225420198803e-02
-4.907572225420198803e-02
-4.907572225420198803e-02
-4.907572225420198803e-02
-4.907572225420198803e-02
-4.907572225420198803e-02
-4.907572225420198803e-02
-4.907572225420198803e-02
-4.637779066520321403e-02
-4.637779066520321403e-02
-4.637779066520321403e-02
-4.637779066520321403e-02
-4.637779066520321403e-02
-4.637779066520321403e-02
-4.637779066520321403e-02
-4.637779066520321403e-02
-4.637779066520321403e-02
-4.637779066520321403e-02
-4.405166755090342279e-02
-4.405166755090342279e-02
-4.405166755090342279e-02
-4.405166755090342279e-02
-4.405166755090342279e-02
-4.405166755090342279e-02
-4.405166755090342279e-02
-4.405166755090342279e-02
-4.405166755090342279e-02
-4.405166755090342279e-02
-4.212475396335395306e-02
-4.212475396335395306e-02
-4.212475396335395306e-02
-4.212475396335395306e-02
-4.212475396335395306e-02
-4.212475396335395306e-02
-4.212475396335395306e-02
-4.212475396335395306e-02
-4.212475396335395306e-02
-4.212475396335395306e-02
-3.984689834287100801e-02
-3.984689834287100801e-02
-3.984689834287100801e-02
-3.984689834287100801e-02
-3.984689834287100801e-02
-3.984689834287100801e-02
-3.984689834287100801e-02
-3.984689834287100801e-02
-3.984689834287100801e-02
-3.984689834287100801e-02
-6.216077659112327625e-03
-6.216077659112327625e-03
-6.216077659112327625e-03
-6.216077659112327625e-03
-6.216077659112327625e-03
-6.216077659112327625e-03
-6.216077659112327625e-03
-6.216077659112327625e-03
-6.216077659112327625e-03
-6.216077659112327625e-03
-4.103386389419462488e-02
-4.103386389419462488e-02
-4.103386389419462488e-02
-4.103386389419462488e-02
-4.103386389419462488e-02
-4.103386389419462488e-02
-4.103386389419462488e-02
-4.103386389419462488e-02
-4.103386389419462488e-02
-4.103386389419462488e-02
-4.051823347891740645e-02
-4.051823347891740645e-02
-4.051823347891740645e-02
-4.051823347891740645e-02
-4.051823347891740645e-02
-4.051823347891740645e-02
-4.051823347891740645e-02
-4.051823347891740645e-02
-4.051823347891740645e-02
-4.051823347891740645e-02
-4.104331273611018516e-02
-4.104331273611018516e-02
-4.104331273611018516e-02
-4.104331273611018516e-02
-4.104331273611018516e-02
-4.104331273611018516e-02
-4.104331273611018516e-02
-4.104331273611018516e-02
-4.104331273611018516e-02
-4.104331273611018516e-02
-4.284200224640967447e-02
-4.284200224640967447e-02
-4.284200224640967447e-02
-4.284200224640967447e-02
-4.284200224640967447e-02
-4.284200224640967447e-02
-4.284200224640967447e-02
-4.284200224640967447e-02
-4.284200224640967447e-02
-4.284200224640967447e-02
-4.564614575586942169e-02
-4.564614575586942169e-02
-4.564614575586942169e-02
-4.564614575586942169e-02
-4.564614575586942169e-02
-4.564614575586942169e-02
-4.564614575586942169e-02
-4.564614575586942169e-02
-4.564614575586942169e-02
-4.564614575586942169e-02
-4.901382448120163854e-02
-4.901382448120163854e-02
-4.901382448120163854e-02
-4.901382448120163854e-02
-4.901382448120163854e-02
-4.901382448120163854e-02
-4.901382448120163854e-02
-4.901382448120163854e-02
-4.901382448120163854e-02
-4.901382448120163854e-02
-5.245369167516511499e-02
-5.245369167516511499e-02
-5.245369167516511499e-02
-5.245369167516511499e-02
-5.245369167516511499e-02
-5.245369167516511499e-02
-5.245369167516511499e-02
-5.245369167516511499e-02
-5.245369167516511499e-02
-5.245369167516511499e-02
-5.547515729027829856e-02
-5.547515729027829856e-02
-5.547515729027829856e-02
-5.547515729027829856e-02
-5.547515729027829856e-02
-5.547515729027829856e-02
-5.547515729027829856e-02
-5.547515729027829856e-02
-5.547515729027829856e-02
-5.547515729027829856e-02
-5.765677315392199465e-02
-5.765677315392199465e-02
-5.765677315392199465e-02
-5.765677315392199465e-02
-5.765677315392199465e-02
-5.765677315392199465e-02
-5.765677315392199465e-02
-5.765677315392199465e-02
-5.765677315392199465e-02
-5.765677315392199465e-02
-5.872874599195260226e-02
-5.872874599195260226e-02
-5.872874599195260226e-02
-5.872874599195260226e-02
-5.872874599195260226e-02
-5.872874599195260226e-02
-5.872874599195260226e-02
-5.872874599195260226e-02
-5.872874599195260226e-02
-5.872874599195260226e-02
-5.861455230679998851e-02
-5.861455230679998851e-02
-5.861455230679998851e-02
-5.861455230679998851e-02
-5.861455230679998851e-02
-5.861455230679998851e-02
-5.861455230679998851e-02
-5.861455230679998851e-02
-5.861455230679998851e-02
-5.861455230679998851e-02
-5.741492626974006169e-02
-5.741492626974006169e-02
-5.741492626974006169e-02
-5.741492626974006169e-02
-5.741492626974006169e-02
-5.741492626974006169e-02
-5.741492626974006169e-02
-5.741492626974006169e-02
-5.741492626974006169e-02
-5.741492626974006169e-02
-5.539156345221055155e-02
-5.539156345221055155e-02
-5.539156345221055155e-02
-5.539156345221055155e-02
-5.539156345221055155e-02
-5.539156345221055155e-02
-5.539156345221055155e-02
-5.539156345221055155e-02
-5.539156345221055155e-02
-5.539156345221055155e-02
-5.290117907063239533e-02
-5.290117907063239533e-02
-5.290117907063239533e-02
-5.290117907063239533e-02
-5.290117907063239533e-02
-5.290117907063239533e-02
-5.290117907063239533e-02
-5.290117907063239533e-02
-5.290117907063239533e-02
-5.290117907063239533e-02
-5.027709381065466332e-02
-5.027709381065466332e-02
-5.027709381065466332e-02
-5.027709381065466332e-02
-5.027709381065466332e-02
-5.027709381065466332e-02
-5.027709381065466332e-02
-5.027709381065466332e-02
-5.027709381065466332e-02
-5.027709381065466332e-02
-4.773735137874472040e-02
-4.773735137874472040e-02
-4.773735137874472040e-02
-4.773735137874472040e-02
-4.773735137874472040e-02
-4.773735137874472040e-02
-4.773735137874472040e-02
-4.773735137874472040e-02
-4.773735137874472040e-02
-4.773735137874472040e-02
-4.534826825845916787e-02
-4.534826825845916787e-02
-4.534826825845916787e-02
-4.534826825845916787e-02
-4.534826825845916787e-02
-4.534826825845916787e-02
-4.534826825845916787e-02
-4.534826825845916787e-02
-4.534826825845916787e-02
-4.534826825845916787e-02
-4.334655412007740183e-02
-4.334655412007740183e-02
-4.334655412007740183e-02
-4.334655412007740183e-02
-4.334655412007740183e-02
-4.334655412007740183e-02
-4.334655412007740183e-02
-4.334655412007740183e-02
-4.334655412007740183e-02
-4.334655412007740183e-02
-4.169106545409059783e-02
-4.169106545409059783e-02
-4.169106545409059783e-02
-4.169106545409059783e-02
-4.169106545409059783e-02
-4.169106545409059783e-02
-4.169106545409059783e-02
-4.169106545409059783e-02
-4.169106545409059783e-02
-4.169106545409059783e-02
-4.036307864463327399e-02
-4.036307864463327399e-02
-4.036307864463327399e-02
-4.036307864463327399e-02
-4.036307864463327399e-02
-4.036307864463327399e-02
-4.036307864463327399e-02
-4.036307864463327399e-02
-4.036307864463327399e-02
-4.036307864463327399e-02
-3.932309172663177310e-02
-3.932309172663177310e-02
-3.932309172663177310e-02
-3.932309172663177310e-02
-3.932309172663177310e-02
-3.932309172663177310e-02
-3.932309172663177310e-02
-3.932309172663177310e-02
-3.932309172663177310e-02
-3.932309172663177310e-02
-3.816809480392063109e-02
-3.816809480392063109e-02
-3.816809480392063109e-02
-3.816809480392063109e-02
-3.816809480392063109e-02
-3.816809480392063109e-02
-3.816809480392063109e-02
-3.816809480392063109e-02
-3.816809480392063109e-02
-3.816809480392063109e-02
-4.570240724984633157e-02
-4.570240724984633157e-02
-4.570240724984633157e-02
-4.570240724984633157e-02
-4.570240724984633157e-02
-4.570240724984633157e-02
-4.570240724984633157e-02
-4.570240724984633157e-02
-4.570240724984633157e-02
-4.570240724984633157e-02
-4.712733562067152049e-02
-4.712733562067152049e-02
-4.712733562067152049e-02
-4.712733562067152049e-02
-4.712733562067152049e-02
-4.712733562067152049e-02
-4.712733562067152049e-02
-4.712733562067152049e-02
-4.712733562067152049e-02
-4.712733562067152049e-02
-4.563778244202328777e-02
-4.563778244202328777e-02
-4.563778244202328777e-02
-4.563778244202328777e-02
-4.563778244202328777e-02
-4.563778244202328777e-02
-4.563778244202328777e-02
-4.563778244202328777e-02
-4.563778244202328777e-02
-4.563778244202328777e-02
-4.594090020502576005e-02
-4.594090020502576005e-02
-4.594090020502576005e-02
-4.594090020502576005e-02
-4.594090020502576005e-02
-4.594090020502576005e-02
-4.594090020502576005e-02
-4.594090020502576005e-02
-4.594090020502576005e-02
-4.594090020502576005e-02
-4.770324509256798629e-02
-4.770324509256798629e-02
-4.770324509256798629e-02
-4.770324509256798629e-02
-4.770324509256798629e-02
-4.770324509256798629e-02
-4.770324509256798629e-02
-4.770324509256798629e-02
-4.770324509256798629e-02
-4.770324509256798629e-02
-5.042582478732507423e-02
-5.042582478732507423e-02
-5.042582478732507423e-02
-5.042582478732507423e-02
-5.042582478732507423e-02
-5.042582478732507423e-02
-5.042582478732507423e-02
-5.042582478732507423e-02
-5.042582478732507423e-02
-5.042582478732507423e-02
-5.354713742571332730e-02
-5.354713742571332730e-02
-5.354713742571332730e-02
-5.354713742571332730e-02
-5.354713742571332730e-02
-5.354713742571332730e-02
-5.354713742571332730e-02
-5.354713742571332730e-02
-5.354713742571332730e-02
-5.354713742571332730e-02
-5.651466169185579563e-02
-5.651466169185579563e-02
-5.651466169185579563e-02
-5.651466169185579563e-02
-5.651466169185579563e-02
-5.651466169185579563e-02
-5.651466169185579563e-02
-5.651466169185579563e-02
-5.651466169185579563e-02
-5.651466169185579563e-02
-5.888219471419459117e-02
-5.888219471419459117e-02
-5.888219471419459117e-02
-5.888219471419459117e-02
-5.888219471419459117e-02
-5.888219471419459117e-02
-5.888219471419459117e-02
-5.888219471419459117e-02
-5.888219471419459117e-02
-5.888219471419459117e-02
-6.037111785551979581e-02
-6.037111785551979581e-02
-6.037111785551979581e-02
-6.037111785551979581e-02
-6.037111785551979581e-02
-6.037111785551979581e-02
-6.037111785551979581e-02
-6.037111785551979581e-02
-6.037111785551979581e-02
-6.037111785551979581e-02
-6.088615896071930544e-02
-6.088615896071930544e-02
-6.088615896071930544e-02
-6.088615896071930544e-02
-6.088615896071930544e-02
-6.088615896071930544e-02
-6.088615896071930544e-02
-6.088615896071930544e-02
-6.088615896071930544e-02
-6.088615896071930544e-02
-6.045640675566210653e-02
-6.045640675566210653e-02
-6.045640675566210653e-02
-6.045640675566210653e-02
-6.045640675566210653e-02
-6.045640675566210653e-02
-6.045640675566210653e-02
-6.045640675566210653e-02
-6.045640675566210653e-02
-6.045640675566210653e-02
-5.919116654746031658e-02
-5.919116654746031658e-02
-5.919116654746031658e-02
-5.919116654746031658e-02
-5.919116654746031658e-02
-5.919116654746031658e-02
-5.919116654746031658e-02
-5.919116654746031658e-02
-5.919116654746031658e-02
-5.919116654746031658e-02
-5.728803518450297644e-02
-5.728803518450297644e-02
-5.728803518450297644e-02
-5.728803518450297644e-02
-5.728803518450297644e-02
-5.728803518450297644e-02
-5.728803518450297644e-02
-5.728803518450297644e-02
-5.728803518450297644e-02
-5.728803518450297644e-02
-5.480421071097413971e-02
-5.480421071097413971e-02
-5.480421071097413971e-02
-5.480421071097413971e-02
-5.480421071097413971e-02
-5.480421071097413971e-02
-5.480421071097413971e-02
-5.480421071097413971e-02
-5.480421071097413971e-02
-5.480421071097413971e-02
-5.198303119533900785e-02
-5.198303119533900785e-02
-5.198303119533900785e-02
-5.198303119533900785e-02
-5.198303119533900785e-02
-5.198303119533900785e-02
-5.198303119533900785e-02
-5.198303119533900785e-02
-5.198303119533900785e-02
-5.198303119533900785e-02
-4.937898834469119785e-02
-4.937898834469119785e-02
-4.937898834469119785e-02
-4.937898834469119785e-02
-4.937898834469119785e-02
-4.937898834469119785e-02
-4.937898834469119785e-02
-4.937898834469119785e-02
-4.937898834469119785e-02
-4.937898834469119785e-02
-4.709563095168681907e-02
-4.709563095168681907e-02
-4.709563095168681907e-02
-4.709563095168681907e-02
-4.709563095168681907e-02
-4.709563095168681907e-02
-4.709563095168681907e-02
-4.709563095168681907e-02
-4.709563095168681907e-02
-4.709563095168681907e-02
-4.518138855478709415e-02
-4.518138855478709415e-02
-4.518138855478709415e-02
-4.518138855478709415e-02
-4.518138855478709415e-02
-4.518138855478709415e-02
-4.518138855478709415e-02
-4.518138855478709415e-02
-4.518138855478709415e-02
-4.518138855478709415e-02
