9.261437299887091690e-03
9.051729718039858152e-03
8.783941456750293808e-03
8.459302090352567582e-03
8.100956288117328041e-03
7.872959897409201324e-03
7.872709427861411535e-03
7.872418686400747823e-03
7.872077320510650900e-03
7.871677772463885059e-03
7.871221355044852319e-03
7.870707481779253001e-03
7.870134970158190746e-03
7.869502955475830841e-03
7.868810850602175888e-03
7.868058283522806617e-03
7.867244206631984760e-03
7.866370527337816776e-03
7.865437345010183046e-03
7.864444829341829535e-03
7.863395667938581635e-03
7.862288621916332931e-03
7.861123951877491134e-03
7.859905421535251513e-03
7.858630663880636358e-03
7.857300105781263311e-03
7.855916093181383730e-03
7.854479498565991591e-03
7.852989117006381470e-03
7.851445512192939402e-03
7.849852987059958986e-03
7.848208747280434328e-03
7.846513338283241101e-03
7.844767311616325511e-03
7.842971245432990568e-03
7.841127521600592398e-03
7.839236870915637645e-03
7.837298163398787043e-03
7.835312006042538524e-03
7.833279026320659477e-03
7.831199856678308646e-03
7.829075133452816082e-03
7.826905431917913214e-03
7.824691298614100399e-03
7.822433295699704470e-03
7.820131994468383640e-03
7.817789698857345593e-03
7.815407012154461375e-03
7.812982812220897744e-03
7.810517660544295804e-03
7.808012131258243449e-03
7.805466797879793972e-03
7.802882175931960540e-03
7.800258750081306980e-03
7.797597017968206645e-03
7.794897484088472717e-03
7.792160656118395090e-03
7.789387042734352562e-03
7.786577152379202393e-03
7.783731492626011494e-03
7.780850569915107040e-03
7.777933126737537894e-03
7.774979640785321944e-03
7.771992289270314436e-03
7.768971526860284083e-03
7.765917801107413698e-03
7.762831562519938167e-03
7.759713262418720114e-03
7.756563351782992666e-03
7.753382280713830288e-03
7.750170498279841669e-03
7.746928452590944036e-03
7.743656539722303112e-03
7.740355132021502216e-03
7.737024615087940982e-03
7.733663445300922867e-03
7.730272067217561216e-03
7.726852854384354263e-03
7.723406208801096573e-03
7.719932528138892525e-03
7.716432208910391222e-03
7.712905646601278531e-03
7.709353183856522407e-03
7.705773018596623336e-03
7.702165596239769763e-03
7.698533396244426619e-03
7.694876780140157135e-03
7.691196092669355666e-03
7.687491677376666332e-03
7.683759214626592615e-03
7.680003888110367716e-03
7.676226063042843051e-03
7.672426019490682925e-03
7.668601414269463068e-03
7.664752718123876707e-03
7.660865695885740734e-03
7.656959370692766054e-03
7.653033530959980901e-03
7.649086127489469755e-03
7.645114700735818059e-03
7.641122820198471832e-03
7.637113340170254006e-03
7.633083106240848292e-03
7.629035944323965535e-03
7.624971257716335604e-03
7.620889095235727773e-03
7.616788651008510325e-03
7.612671545957093444e-03
7.608538303223257027e-03
7.604389934893034109e-03
7.600227770658447846e-03
7.596052058130499385e-03
7.591864331172586133e-03
7.587665232389850800e-03
7.583454845924146592e-03
7.579233281565150859e-03
7.575000646818284833e-03
7.570757050572668456e-03
7.566502605080779875e-03
7.562227960098921731e-03
7.557941402750734117e-03
7.553634565874565998e-03
7.549314934655999842e-03
7.544983066915554593e-03
7.540639049564132335e-03
7.536275794272809248e-03
7.531897681104536557e-03
7.527498485765254932e-03
7.523086655530267230e-03
7.518662399375909688e-03
7.514225976470535751e-03
7.509754695802159374e-03
7.505307500261459985e-03
7.500851516978927769e-03
7.496383667459555200e-03
7.491907002005963878e-03
7.487421596017160286e-03
7.482927555047619306e-03
7.478425014211642630e-03
7.473914136372369899e-03
7.469395109881725447e-03
7.464868146103760538e-03
7.460333355814842415e-03
7.455790859178738905e-03
7.451240788554434891e-03
7.446683296270482921e-03
7.442118557912068277e-03
7.437546772874663314e-03
7.432968163293841857e-03
7.428370032919608124e-03
7.423765279828201114e-03
7.419154455173951335e-03
7.414537735691228981e-03
7.409915287409793438e-03
7.405287286533016045e-03
7.400653924936884120e-03
7.396015411948286822e-03
7.391371973985587374e-03
7.386723852976742610e-03
7.382071304133999701e-03
7.377414593442863100e-03
7.372753995083906886e-03
7.368089664236146530e-03
7.363421745515554007e-03
7.358762811959206063e-03
7.354100683942148275e-03
7.349435319089575591e-03
7.344766887668011113e-03
7.340095570481271203e-03
7.335421557403319637e-03
7.330745045503253565e-03
7.326066237016023996e-03
7.321385216405254526e-03
7.316702082234484428e-03
7.312016925574572890e-03
7.307329839027244811e-03
7.302640921158412568e-03
7.297950278162552984e-03
7.293258023902224330e-03
7.288564279040170291e-03
7.283869169709890345e-03
7.279172826000428198e-03
7.274475284901320282e-03
7.269776609022005065e-03
7.265076848684839939e-03
7.260376051722694513e-03
7.255674268664198678e-03
7.250971555113040756e-03
7.246267972456726936e-03
7.241563587617481923e-03
7.236869995760356056e-03
7.232175038736875228e-03
7.227479012735918418e-03
7.222786455923203841e-03
7.218101179596037031e-03
7.213414149468425074e-03
7.208725638702263849e-03
7.204035667509732510e-03
7.199344259828613368e-03
7.194651444670671636e-03
7.189957256570199406e-03
7.185261735441289543e-03
7.180576652889125722e-03
7.175889665680681984e-03
7.171204390700784692e-03
7.166526186422599032e-03
7.161845334745953195e-03
7.157160926698061254e-03
7.152472968844747481e-03
7.147781468970645924e-03
7.143086442710500084e-03
7.138387914365246223e-03
7.133686073927253402e-03
7.128981052228616777e-03
7.124272934999613394e-03
7.119561783350228379e-03
7.114851807795564975e-03
7.110144981385214946e-03
7.105438221907151020e-03
7.100731628287039465e-03
7.092341182898399821e-03
7.087316580716367109e-03
7.082318759312714040e-03
7.077320900930474112e-03
7.072314905456282552e-03
7.067309228652007835e-03
7.062288288530060854e-03
7.057252094210930693e-03
7.052209210358970082e-03
7.047159203880992706e-03
7.042101584061960518e-03
7.037035934566518436e-03
7.035974931493403639e-03
7.032812142643118936e-03
7.027800021826360877e-03
7.024524787938551951e-03
7.024416231035501834e-03
7.027459123274529262e-03
7.033600884777099771e-03
7.042772489138669767e-03
7.054900064664373915e-03
7.069912289886660928e-03
7.087709965095154163e-03
7.108194168019429937e-03
7.131302800162074573e-03
7.156999186557544412e-03
7.185264562824277002e-03
7.216093089220436407e-03
7.249488350825616934e-03
7.285461441591818688e-03
7.324028993979173063e-03
7.365212116936803444e-03
7.409011340061673334e-03
7.455425950027801119e-03
7.504478522911514626e-03
7.556205504270788187e-03
7.610651608726266837e-03
7.667865183927202732e-03
7.727895980400772968e-03
7.790793561626381536e-03
7.856607085306860361e-03
7.925384290383190311e-03
7.997144516709721318e-03
8.071899542961835650e-03
8.149681471565223267e-03
8.230534041128598211e-03
8.314505934985047531e-03
8.401647076414775483e-03
8.492006755158321152e-03
8.585630995869598936e-03
8.682563732765706532e-03
8.782845511826557761e-03
8.886484130535755865e-03
8.993477538343785938e-03
9.103844906994562614e-03
9.217616394283145720e-03
9.334826817636421303e-03
9.455511806387713325e-03
9.579705518259824804e-03
9.707439339485438023e-03
9.838741200161690847e-03
9.973635424001481287e-03
1.011211074100810264e-02
1.025414498943845454e-02
1.039973914555769596e-02
1.054890605445697738e-02
1.070166374639549417e-02
1.085803139880357066e-02
1.101802693848710074e-02
1.118166567876625883e-02
1.134895960551005750e-02
1.151991706636454338e-02
1.169450955898545391e-02
1.187269764505149289e-02
1.205446632662052903e-02
1.223981369769782529e-02
1.242874391662757844e-02
1.262126292327557520e-02
1.281737589113324943e-02
1.301708577228081337e-02
1.322039252713860802e-02
1.342729277983003427e-02
1.363774558237421802e-02
1.385169976379170553e-02
1.406912925140650639e-02
1.429002258983651241e-02
1.451437457538010817e-02
1.474218230842008759e-02
1.497344254121728974e-02
1.520815012195594201e-02
1.544629716214235282e-02
1.568787265220930593e-02
1.593282839975228293e-02
1.618110590566457924e-02
1.643267267911665414e-02
1.668751045245386172e-02
1.694560785048791068e-02
1.720695589895945149e-02
1.747154533339384530e-02
1.773936475299351528e-02
1.801040100874670008e-02
1.828463708775026481e-02
1.856201974220943185e-02
1.884248576492136146e-02
1.912599722107634348e-02
1.941252992979265041e-02
1.970206598317061908e-02
1.999459077899399390e-02
2.029008828482355836e-02
2.058854070178870593e-02
2.088992763698614002e-02
2.119422569293382547e-02
2.150137674782590796e-02
2.181131267195078605e-02
2.212398864609201737e-02
2.243937256397502550e-02
2.275743865874948341e-02
2.307816298188104798e-02
2.340152089326075213e-02
2.372748571379405813e-02
2.405602809321510938e-02
2.438711609108656225e-02
2.472070728059869160e-02
2.505674721430840163e-02
2.539517443234191874e-02
2.573592306141306296e-02
2.607892447486975795e-02
2.642410845678766496e-02
2.677140421162882422e-02
2.712074044005700901e-02
2.747204618387972391e-02
2.782525104620281464e-02
2.818029538904432557e-02
2.853710522332979921e-02
2.889557617898971115e-02
2.925558839024897800e-02
2.961701582834998236e-02
2.997973208376689819e-02
3.034361388901455486e-02
3.070854320552934835e-02
3.107440839971253865e-02
3.144110484289579233e-02
3.180853769554702754e-02
3.217659921194376133e-02
3.254515859062460936e-02
3.291407694111641441e-02
3.328321565581761343e-02
3.365244152049398640e-02
3.402162979756713501e-02
3.439066573660043424e-02
3.475944524715110506e-02
3.512787502815609836e-02
3.549586670371174257e-02
3.586331688738612911e-02
3.623010509617607261e-02
3.659610685000348751e-02
3.696120149510903619e-02
3.732527668724291980e-02
3.768823077825476237e-02
3.804997389588003764e-02
3.841042821786685990e-02
3.876952775805692780e-02
3.912720423296269651e-02
3.948337081407479743e-02
3.983792757395741846e-02
4.019077319453721875e-02
4.054181181476592538e-02
4.089095681825404005e-02
4.123813271470241903e-02
4.158327584584919218e-02
4.192633437803104657e-02
4.226726787300254945e-02
4.260602649344085585e-02
4.294253865769395717e-02
4.327672294350839305e-02
4.360849823109440304e-02
4.393778952213985012e-02
4.426453105154658924e-02
4.458866772526755284e-02
4.491015553674632121e-02
4.522896137311929743e-02
4.554506246950824205e-02
4.585842178583462991e-02
4.616897923513683943e-02
4.647666776399297928e-02
4.678142182885417638e-02
4.708318216776075787e-02
4.738189826498732243e-02
4.767752939960082093e-02
4.797004483886899845e-02
4.825942341434873162e-02
4.854565325358825567e-02
4.882870767621487473e-02
4.910853889809919243e-02
4.938509443110146446e-02
4.965832412005320717e-02
4.992818376270012626e-02
5.019463688531604351e-02
5.045765549901959357e-02
5.071722013377312488e-02
5.097331947692436416e-02
5.122594979531534809e-02
5.147509916410502456e-02
5.172074222119255049e-02
5.196285039146239515e-02
5.220139691117484798e-02
5.243635956017418664e-02
5.266772198080426487e-02
5.289547414099243783e-02
5.311961229057793332e-02
5.334013862859702387e-02
5.355706081651345762e-02
5.377039597799761206e-02
5.398016341306333815e-02
5.418637834111116741e-02
5.438905588433598504e-02
5.458821214170082869e-02
5.478386558188684530e-02
5.497603726981105388e-02
5.516475082902015659e-02
5.535003230838179966e-02
5.553190990805614846e-02
5.571045062063464948e-02
5.588574734168487435e-02
5.605788525660232446e-02
5.622694372128303475e-02
5.639299795891882655e-02
5.655611961078432087e-02
5.671637707636920794e-02
5.687383581039857222e-02
5.692427817393298090e-02
5.694029037221094020e-02
5.697405332165340897e-02
5.702334922818096813e-02
5.708639147525675084e-02
5.716169318599174931e-02
5.724798614984624723e-02
5.734416644472743740e-02
5.744925763174543731e-02
5.755127839828687308e-02
5.756741264180267881e-02
5.760504412887416936e-02
5.765086891024040483e-02
5.765659793845549774e-02
5.766228281197224859e-02
5.766792484179147915e-02
5.767352466782848380e-02
5.767908329796470057e-02
5.768460090593136025e-02
5.769008056183935057e-02
5.769551934392240511e-02
5.770091737217648842e-02
5.770627473139865182e-02
5.771159149738248201e-02
5.771686773782003926e-02
5.772210351205440265e-02
5.772729887131117232e-02
5.773245669131992636e-02
5.773757390477161910e-02
5.774265055594002272e-02
5.774768666286523439e-02
5.775268499616099949e-02
5.775764233985236640e-02
5.776256001235089560e-02
5.776743912500716116e-02
5.777227795230281682e-02
5.777707345168080211e-02
5.778182567494050126e-02
5.778653461684938458e-02
5.779120011833738940e-02
5.779582702481703138e-02
5.780041214677547612e-02
5.780495907523253846e-02
5.780946525658579166e-02
5.781393032364500612e-02
5.781835800391341845e-02
5.782274497516097511e-02
5.782709126501524299e-02
5.783139689645918485e-02
5.783566361145230789e-02
5.783989153322710575e-02
5.784407899367799422e-02
5.784822601745683718e-02
5.785233261019351314e-02
5.785639877416189070e-02
5.786042481646529873e-02
5.786441296721617222e-02
5.786836103728187908e-02
5.787226879815282610e-02
5.787613624401299894e-02
5.787996336907155065e-02
5.788375016750063606e-02
5.788749663068493839e-02
5.789120274912623598e-02
5.789486851612857948e-02
5.789849392559516528e-02
5.790207897073740284e-02
5.790562364332717954e-02
5.790912793328111680e-02
5.791259314735203168e-02
5.791601795881256426e-02
5.791940234938972032e-02
5.792274629514344852e-02
5.792604976891123358e-02
5.792931274461120272e-02
5.793253519485169756e-02
5.793571708956109234e-02
5.793885708984708449e-02
5.794195648028174772e-02
5.794501522003336208e-02
5.794803326635759866e-02
5.795101057248526477e-02
5.795394708261299155e-02
5.795684273485939703e-02
5.795969746792058175e-02
5.796251121834327530e-02
5.796528391898633781e-02
5.796801549820461419e-02
5.797070587948299769e-02
5.797335498134729981e-02
5.797596130540632470e-02
5.797852481519949475e-02
5.798104689792291100e-02
5.798352743884126886e-02
5.798596632835317094e-02
5.798836176349533855e-02
5.799071373428649895e-02
5.799302397098075185e-02
5.799529235098504348e-02
5.799751873638373662e-02
5.799970117812044967e-02
5.800183979825975639e-02
5.800393641099323844e-02
5.800599085756629608e-02
5.800800117098530578e-02
5.800996864643630235e-02
5.801189298384887283e-02
5.801377516057194123e-02
5.801561499964472124e-02
5.801741232067902238e-02
5.801916693637623051e-02
5.802087865291721130e-02
5.802254723092383631e-02
5.802417841332090098e-02
5.802576570631014230e-02
5.802730608070338914e-02
5.802880167920486387e-02
5.803025010628736630e-02
5.803165055873923256e-02
5.803300270426041407e-02
5.803430354715721773e-02
5.803555287264777068e-02
5.803675264058619221e-02
5.803790244866626619e-02
5.803900193646517602e-02
5.804005075314268985e-02
5.804104855805188035e-02
5.804199502107157405e-02
5.804288982275794540e-02
5.804373265437514501e-02
5.804452321784246693e-02
5.804526122562219531e-02
5.804594635513193185e-02
5.804657826532049619e-02
5.804715662211500093e-02
5.804768110384541518e-02
5.804815140412135366e-02
5.804856477836069922e-02
5.804892338114911454e-02
5.804922458113764144e-02
5.804947050892450555e-02
5.804966090024326481e-02
5.804979549640330166e-02
5.804987401326792973e-02
5.804989617953521669e-02
5.804986174091894546e-02
5.804977046198523533e-02
5.804962212658903303e-02
5.804884471606535506e-02
5.804743898691096249e-02
5.804540700269620462e-02
5.804275061166144778e-02
5.803947203281533546e-02
5.803557369675967081e-02
5.803105775381964260e-02
5.802592610085743202e-02
5.802018040335672061e-02
5.801382211409679412e-02
5.800685248928203613e-02
5.799927260271641599e-02
5.799108335842910467e-02
5.798228550203812781e-02
5.797288136207874587e-02
5.796287433496658675e-02
5.795226737898255542e-02
5.794106305769641807e-02
5.792926357639397589e-02
5.791687081329791043e-02
5.790388634683547864e-02
5.789031147980348846e-02
5.787614726101994456e-02
5.786139450487842728e-02
5.784605563560350078e-02
5.783013414720022255e-02
5.781363301382332065e-02
5.779655474217004762e-02
5.777890141599695273e-02
5.776067473464015223e-02
5.774187604687811004e-02
5.772250638105450027e-02
5.770256647210650347e-02
5.768205678596512870e-02
5.766097946093631799e-02
5.763933774321150505e-02
5.761713431064420521e-02
5.759437133178893498e-02
5.757105051629055059e-02
5.754717315858125237e-02
5.752274017631198166e-02
5.749775214450736360e-02
5.747220932614739708e-02
5.744611169969197906e-02
5.741946090782496653e-02
5.739225969914855952e-02
5.736451023738756150e-02
5.733621416369755891e-02
5.730737265000605818e-02
5.727798644530855687e-02
5.724805591636627361e-02
5.721758108381738706e-02
5.718656139538028094e-02
5.715499643849093064e-02
5.712288655167067908e-02
5.709023385895868608e-02
5.705703955230653768e-02
5.702330434683708371e-02
5.698902853304355087e-02
5.695421201963106472e-02
5.691885437111942475e-02
5.688295484111650924e-02
5.684651214913540029e-02
5.680952525688845456e-02
5.677199331137072064e-02
5.673391573146502331e-02
5.669529161232197273e-02
5.665611829774944846e-02
5.661639386563212945e-02
5.657670262663790084e-02
5.653704253215206116e-02
5.649741001424108539e-02
5.645780115089401446e-02
5.641820866700789777e-02
5.637863174420854745e-02
5.633906374107220533e-02
5.629949796074243396e-02
5.625992814020591704e-02
5.622034840255907967e-02
5.617598176427603118e-02
5.613144651249048211e-02
5.608755261329435859e-02
5.604423444042667957e-02
5.600142420245088348e-02
5.595906705790611863e-02
5.591710394685080188e-02
5.587547742378657506e-02
5.583413893648411785e-02
5.579304860277112948e-02
5.575216556720715561e-02
5.571152181142528803e-02
5.567135745109223766e-02
5.563137570904946178e-02
5.559147063373997416e-02
5.555156389556737545e-02
5.551153194087755233e-02
5.551626051530843264e-02
5.557266201485859536e-02
5.560135967861012940e-02
5.559719136165872100e-02
5.555586140139839174e-02
5.547366035465110812e-02
5.534738219775954537e-02
5.517425255235902659e-02
5.495277628571956091e-02
5.468235697579856835e-02
5.436241429187020635e-02
5.399240999270389640e-02
5.357187220619932799e-02
5.310039068740424889e-02
5.257761812665530388e-02
5.200326603955860577e-02
5.137709318522158675e-02
5.069891258151381502e-02
4.996894719216624092e-02
4.918766976844829442e-02
4.835544640465110067e-02
4.747257663490223045e-02
4.653932071690206063e-02
4.555592259577882774e-02
4.452262148543446874e-02
4.343965378878703737e-02
4.230725939068241681e-02
4.112568456162998126e-02
3.989466741865940747e-02
3.861351469826108940e-02
3.728154271375548612e-02
3.589811986317919396e-02
3.446268877760244598e-02
3.297477552968081094e-02
3.143399636144501852e-02
2.984005873696889827e-02
2.819274918871152169e-02
2.649193141760505799e-02
2.473822362205068195e-02
2.293271977456793481e-02
2.107636319059472130e-02
1.917000079217214686e-02
1.721442124698804171e-02
1.521038633473630573e-02
1.315864003307874036e-02
1.105991484192139947e-02
8.914934963584369640e-03
6.724417342589687416e-03
4.489579253010005794e-03
2.211968068880354465e-03
-1.069445013534807420e-04
-2.465771241628327004e-03
-4.863202491360692215e-03
-7.298031672869204761e-03
-9.769073971640288706e-03
-1.227520453944246429e-02
-1.481536961169521022e-02
-1.738857800876640949e-02
-1.999360117691138111e-02
-2.262897827424537392e-02
-2.529327847347735692e-02
-2.798517020202430372e-02
-3.070340240260709813e-02
-3.344682091350255349e-02
-3.621435757968786973e-02
-3.900506511603062110e-02
-4.181807710336025996e-02
-4.465261226154432217e-02
-4.750763665043758466e-02
-5.038194961371562919e-02
-5.327445218273981625e-02
-5.618416032306064456e-02
-5.911020291307670510e-02
-6.205180696342348090e-02
-6.500831396999939837e-02
-6.797914611874765478e-02
-7.096380455617516680e-02
-7.396186076756239292e-02
-7.697259626499598772e-02
-7.999510571021282990e-02
-8.302862193514251588e-02
-8.607249215306042589e-02
-8.912617422848366500e-02
-9.218920517522716240e-02
-9.526119422738528464e-02
-9.834181204095188145e-02
-1.014307816738602985e-01
-1.045278560096621623e-01
-1.076325553674877117e-01
-1.107437718203243410e-01
-1.138599027585747575e-01
-1.169799941847371183e-01
-1.201034745926851943e-01
-1.232298260699330184e-01
-1.263585810075063820e-01
-1.294893184573232547e-01
-1.326216604070976357e-01
-1.357552681092102365e-01
-1.388737145641752435e-01
-1.419656282456387419e-01
-1.450321920924891317e-01
-1.480716675723067755e-01
-1.510795988867943140e-01
-1.511165379196969527e-01
-1.511516383048071288e-01
-1.511865919461783392e-01
-1.512214078055983679e-01
-1.512560944363646465e-01
-1.512906578142531044e-01
-1.513251050262097719e-01
-1.513594417290045069e-01
-1.513936722304349280e-01
-1.514278020726334550e-01
-1.514618346094634971e-01
-1.514957731862304202e-01
-1.515296209692842955e-01
-1.515633806798886707e-01
-1.515970562620490014e-01
-1.516306533705186754e-01
-1.516641720843050767e-01
-1.516976183101618747e-01
-1.517309945430847518e-01
-1.517643032102340972e-01
-1.517975466425393050e-01
-1.518307270830386857e-01
-1.518638468932785313e-01
-1.518969076235354432e-01
-1.519299113436575754e-01
-1.519628601425815906e-01
-1.519957555761753121e-01
-1.520286001316505375e-01
-1.520613959131006387e-01
-1.520941448892735304e-01
-1.521268484786100494e-01
-1.521595092121210135e-01
-1.521921290281955108e-01
-1.522247098110753871e-01
-1.522572534054205673e-01
-1.522897611605669166e-01
-1.523222355582320997e-01
-1.523546786246137430e-01
-1.523870923141493472e-01
-1.524194785481202963e-01
-1.524518392175183978e-01
-1.524841761814911267e-01
-1.525164912665509243e-01
-1.525487862662902872e-01
-1.525810629414358355e-01
-1.526133231390646994e-01
-1.526455687820016394e-01
-1.526778017759015116e-01
-1.527100240028642641e-01
-1.527422373172301340e-01
-1.527744435428099734e-01
-1.528066444710599048e-01
-1.528388420522839852e-01
-1.528710378353130284e-01
-1.529032334543477811e-01
-1.529354303455274788e-01
-1.529676297018981446e-01
-1.529998326405299647e-01
-1.530320402167973104e-01
-1.530642534469706384e-01
-1.530964732507232584e-01
-1.531287005627195164e-01
-1.531609362927914830e-01
-1.531931813328892278e-01
-1.532254364542746661e-01
-1.532577026844258172e-01
-1.532899813282083967e-01
-1.533222735972258888e-01
-1.533545804728697892e-01
-1.533869031390800164e-01
-1.534192429905161248e-01
-1.534515945784204194e-01
-1.534839626600164597e-01
-1.535163521629986927e-01
-1.535487645413623758e-01
-1.535812011176590219e-01
-1.536136633576441202e-01
-1.536461527015563766e-01
-1.536786706371459088e-01
-1.537112192943128619e-01
-1.537437988038160008e-01
-1.537764100197876460e-01
-1.538090544653247793e-01
-1.538417327843629445e-01
-1.538744467738513699e-01
-1.539071958953594499e-01
-1.539399831563271204e-01
-1.539728099670369943e-01
-1.540056776371121483e-01
-1.540385874190174365e-01
-1.540715405063145804e-01
-1.541045354668340028e-01
-1.541375756734716107e-01
-1.541706621620969886e-01
-1.542037958823399835e-01
-1.542369779588650680e-01
-1.542702096620925112e-01
-1.543034921967382789e-01
-1.543368266994636917e-01
-1.543702142384531240e-01
-1.544036558143919713e-01
-1.544371523624874232e-01
-1.544707047552666135e-01
-1.545043138059518650e-01
-1.545379802722575691e-01
-1.545717065158960790e-01
-1.546054962040655789e-01
-1.546393528027473763e-01
-1.546732795737302824e-01
-1.547072795759711628e-01
-1.547413556700449055e-01
-1.547755105248566632e-01
-1.548097466259766852e-01
-1.548440662851015837e-01
-1.548784716502534520e-01
-1.549129647372852470e-01
-1.549475474402602360e-01
-1.549822215208070120e-01
-1.550169886178509870e-01
-1.550518502577368229e-01
-1.550868078643928838e-01
-1.551218627693062846e-01
-1.551570162211550474e-01
-1.551922693949989995e-01
-1.552276234009674072e-01
-1.552630793031308798e-01
-1.552986381282458195e-01
-1.553343008616306364e-01
-1.553700684529923937e-01
-1.554059418222122901e-01
-1.554419218648867285e-01
-1.554780094575162475e-01
-1.555142054622879744e-01
-1.555505107314302804e-01
-1.555869261111387236e-01
-1.556234524423851517e-01
-1.556600905691001846e-01
-1.556968413426780551e-01
-1.557337056236307582e-01
-1.557706842832841665e-01
-1.558077816783982605e-01
-1.558449987009449533e-01
-1.558823327620907639e-01
-1.559197847409487248e-01
-1.559573555806946787e-01
-1.559950462253623937e-01
-1.560328576301922843e-01
-1.560707907760846835e-01
-1.561088466690626064e-01
-1.561470263396941838e-01
-1.561853308424386300e-01
-1.562237612549135235e-01
-1.562623186770942529e-01
-1.563010042304586178e-01
-1.563398190570911561e-01
-1.563787642907710773e-01
-1.564178410649127715e-01
-1.564570505439050740e-01
-1.564963939204842558e-01
-1.565358724131854784e-01
-1.565754872638877027e-01
-1.566152397354627357e-01
-1.566551335907439557e-01
-1.566951718874264876e-01
-1.567353531207785200e-01
-1.567756768489147190e-01
-1.568161443306327896e-01
-1.568567568514345201e-01
-1.568974762124956956e-01
-1.569383638804665582e-01
-1.569794219156349091e-01
-1.570206515841181261e-01
-1.570620546505054060e-01
-1.571036328669430104e-01
-1.571453879721768920e-01
-1.571873219755799689e-01
-1.572294418890085588e-01
-1.572716754904969205e-01
-1.573140263336844091e-01
-1.573565787255720716e-01
-1.573993135703596336e-01
-1.574422386835188092e-01
-1.574853559899285216e-01
-1.575286614451816003e-01
-1.575721570974200070e-01
-1.576156047579054531e-01
-1.576588186755938370e-01
-1.577018112231943214e-01
-1.577446015386370359e-01
-1.578010850676246912e-01
-1.578946584365863159e-01
-1.580024775742398802e-01
-1.581260184549633241e-01
-1.582662302147069544e-01
-1.584237125578922822e-01
-1.585981755329199938e-01
-1.587887184374880689e-01
-1.589940114651368641e-01
-1.592122751290038218e-01
-1.594418448634347674e-01
-1.596813547895603036e-01
-1.599297074491427550e-01
-1.601860400025745812e-01
-1.604496807372764178e-01
-1.607201289075815276e-01
-1.609969813849903564e-01
-1.612800252041522442e-01
-1.615690603671496028e-01
-1.618639016071466430e-01
-1.621645179736949383e-01
-1.624709358236346157e-01
-1.627832344426953237e-01
-1.631015276202125996e-01
-1.634259537920988992e-01
-1.637566749689890744e-01
-1.640938919620577030e-01
-1.644378371938780836e-01
-1.647887520579050247e-01
-1.651468807294794172e-01
-1.655124688367194397e-01
-1.658857582668814001e-01
-1.662669874494331068e-01
-1.666563919322407439e-01
-1.670541983188985058e-01
-1.674606266793537690e-01
-1.678759285920427002e-01
-1.683003798762764958e-01
-1.687342474165161588e-01
-1.691777866398372632e-01
-1.696312403833321603e-01
-1.700948385991524481e-01
-1.705687985481517122e-01
-1.710533252625291989e-01
-1.715486121403182185e-01
-1.720548415869831704e-01
-1.725722244235813330e-01
-1.731009932570134191e-01
-1.736413691002098025e-01
-1.741935586959455495e-01
-1.747577533237033298e-01
-1.753341284798700939e-01
-1.759228440517925096e-01
-1.765240447519722811e-01
-1.771378606708186865e-01
-1.777644078644130821e-01
-1.784038216764790019e-01
-1.790562522336381635e-01
-1.797218364106479560e-01
-1.804006944899054221e-01
-1.810929285752777562e-01
-1.817986220645242679e-01
-1.825178397468800451e-01
-1.832506282584459023e-01
-1.839970167327774353e-01
-1.847570175498008394e-01
-1.855306510880834203e-01
-1.863179446414180429e-01
-1.871189126700824601e-01
-1.879335531467982157e-01
-1.887618459473202059e-01
-1.896037524950124342e-01
-1.904592161622913615e-01
-1.913281631183585407e-01
-1.922105034304634752e-01
-1.931061323000323182e-01
-1.940149469148345629e-01
-1.949368489465033716e-01
-1.958717329890858894e-01
-1.968194828633798854e-01
-1.977799701391271536e-01
-1.987530540085296615e-01
-1.997385837556230892e-01
-2.007363969160079198e-01
-2.017463199443302602e-01
-2.027681718110758702e-01
-2.038017762977208103e-01
-2.048469661014681586e-01
-2.059035759549927569e-01
-2.069714387117356502e-01
-2.080503836937194484e-01
-2.091402363944418197e-01
-2.102408189659497328e-01
-2.113519511332729861e-01
-2.124734513147100989e-01
-2.136051378119652733e-01
-2.147468412062549237e-01
-2.158984067657745975e-01
-2.170596864304638607e-01
-2.182305361440839975e-01
-2.194108147562415234e-01
-2.206003829595951926e-01
-2.217991037578705693e-01
-2.230068426322705799e-01
-2.242234669160816096e-01
-2.254488464962537131e-01
-2.266828753512423189e-01
-2.279254605255179034e-01
-2.291765093619795024e-01
-2.304359304194859293e-01
-2.317036309432924102e-01
-2.329795223116915559e-01
-2.342635206611034526e-01
-2.355555474235530855e-01
-2.368555290971326166e-01
-2.381633984349831867e-01
-2.394791323066430555e-01
-2.408027253527611211e-01
-2.421341608509763876e-01
-2.434734027279887025e-01
-2.448204190036835093e-01
-2.461751804323363269e-01
-2.475376622163051044e-01
-2.489078450793955066e-01
-2.502857157234758545e-01
-2.516712669035474637e-01
-2.530645428293909482e-01
-2.544656119359026691e-01
-2.558745240188430303e-01
-2.572913160919504394e-01
-2.587160199959504525e-01
-2.601486675360233369e-01
-2.615892919615505630e-01
-2.630379286277525486e-01
-2.644946154059322763e-01
-2.659593927341317166e-01
-2.674323513558506393e-01
-2.689136050406332190e-01
-2.704032441919797525e-01
-2.719013454191303580e-01
-2.734079773576931216e-01
-2.749232041325964659e-01
-2.764470873495560865e-01
-2.779796871751325504e-01
-2.795210628586384249e-01
-2.810712729181002456e-01
-2.826304183861617636e-01
-2.841986185463150627e-01
-2.857759694847886722e-01
-2.873625526462583735e-01
-2.889584400634242489e-01
-2.905636975051664739e-01
-2.921783919668699547e-01
-2.938026075193594377e-01
-2.954363383803648158e-01
-2.970796442296488316e-01
-2.987326141765621057e-01
-3.003948149476189378e-01
-3.020662320258433176e-01
-3.037470131967083820e-01
-3.054372910328500001e-01
-3.071371865060334994e-01
-3.088468102300032658e-01
-3.105662633691679830e-01
-3.122956383243809531e-01
-3.140350192769156279e-01
-3.157844972089615121e-01
-3.175441601316120743e-01
-3.193140794542050909e-01
-3.210943194597336570e-01
-3.228849939256250856e-01
-3.246861556427675932e-01
-3.264978330532778417e-01
-3.283200504133742537e-01
-3.301528282537161130e-01
-3.319961835918319171e-01
-3.338501135108856710e-01
-3.357145963935477817e-01
-3.375896068416350260e-01
-3.394751178058053043e-01
-3.413711017020937266e-01
-3.432775309366983274e-01
-3.451943780934856876e-01
-3.471216159358266884e-01
-3.490592173120548036e-01
-3.510071550162635612e-01
-3.529653467447784743e-01
-3.549336691948994371e-01
-3.569120074760735450e-01
-3.589002548629992573e-01
-3.608983122502618657e-01
-3.629060874787024549e-01
-3.649234946275852209e-01
-3.669504533217448072e-01
-3.689868880774186399e-01
-3.710327276963232834e-01
-3.730878018151198017e-01
-3.751518697173515382e-01
-3.772247119520368286e-01
-3.793061282840158310e-01
-3.813959355463740764e-01
-3.834939658236427573e-01
-3.856000649486537313e-01
-3.877140907195667507e-01
-3.898359119779788995e-01
-3.919654073524679316e-01
-3.941023046153524501e-01
-3.962462247869744103e-01
-3.983968234042332135e-01
-4.005537869083601321e-01
-4.027168295406280962e-01
-4.048856906339483031e-01
-4.070601322214192908e-01
-4.092399369028961731e-01
-4.114249059252184093e-01
-4.136148574423086921e-01
-4.158093682623993370e-01
-4.175697650394870064e-01
-4.176975690486862125e-01
-4.180385443026662373e-01
-4.185787798561406148e-01
-4.193042917146556081e-01
-4.202013575396051359e-01
-4.212567504882787084e-01
-4.224578623249953813e-01
-4.237927614468028348e-01
-4.250981872034242937e-01
-4.262574185189715870e-01
-4.272904040978791618e-01
-4.282135171253098616e-01
-4.290397878579358393e-01
-4.297104645715607574e-01
-4.297166019316246421e-01
-4.297226451218449927e-01
-4.297285894228697334e-01
-4.297344432806957104e-01
-4.297402142043126316e-01
-4.297459078689420675e-01
-4.297515315281686399e-01
-4.297570841245955675e-01
-4.297625764374698454e-01
-4.297680102524272794e-01
-4.297733894857364012e-01
-4.297787164371427160e-01
-4.297839973704626892e-01
-4.297892331490983930e-01
-4.297944299333669171e-01
-4.297995898665740722e-01
-4.298047140899826646e-01
-4.298098042360934956e-01
-4.298148617361607915e-01
-4.298198879069141665e-01
-4.298248839592949677e-01
-4.298298452656388324e-01
-4.298347753391776327e-01
-4.298396740081958378e-01
-4.298445421531862931e-01
-4.298493832708649709e-01
-4.298541902666987435e-01
-4.298589703229600545e-01
-4.298637249696027895e-01
-4.298684523817768444e-01
-4.298731549944062591e-01
-4.298778339685246364e-01
-4.298824898615443701e-01
-4.298871180022833527e-01
-4.298917227597387480e-01
-4.298963057629729967e-01
-4.299008675324816897e-01
-4.299054085670075409e-01
-4.299099293460257321e-01
-4.299144289969251131e-01
-4.299189092528357126e-01
-4.299233705394450711e-01
-4.299278132556910714e-01
-4.299322377805501194e-01
-4.299366444807961596e-01
-4.299410337193247944e-01
-4.299454058581012594e-01
-4.299497612528958568e-01
-4.299541002501504061e-01
-4.299584231852429661e-01
-4.299627303816496715e-01
-4.299670221506871615e-01
-4.299712987916286533e-01
-4.299755605920591583e-01
-4.299798078375621779e-01
-4.299840408202572628e-01
-4.299882598394910160e-01
-4.299924651963004107e-01
-4.299966571900363799e-01
-4.300008361163888404e-01
-4.300050022663078342e-01
-4.300091559254947682e-01
-4.300132973742559206e-01
-4.300174268875823769e-01
-4.300215447482311770e-01
-4.300256512546988819e-01
-4.300297467181194988e-01
-4.300338320915351176e-01
-4.300379076694907376e-01
-4.300419731368174681e-01
-4.300460288066960679e-01
-4.300500749978260484e-01
-4.300541120270423012e-01
-4.300581409140865063e-01
-4.300621619508134819e-01
-4.300661747731802653e-01
-4.300701797412294636e-01
-4.300741780252703150e-01
-4.300781730538408842e-01
-4.300821610643241755e-01
-4.300861444855696991e-01
-4.300901217873228100e-01
-4.300940935174271118e-01
-4.300980619950018902e-01
-4.301020290380093147e-01
-4.301059905792912752e-01
-4.301099495870542300e-01
-4.301139065116552640e-01
-4.301178585741494698e-01
-4.301218091996711346e-01
-4.301257583261135498e-01
-4.301297067733752533e-01
-4.301336539099338552e-01
-4.301375957622430302e-01
-4.301415323768956189e-01
-4.301454644913550451e-01
-4.301493927017712160e-01
-4.301533175515986906e-01
-4.301572418137773468e-01
-4.301611663032802735e-01
-4.301650939633243631e-01
-4.301690253257750007e-01
-4.301729609784265551e-01
-4.301769012640633272e-01
-4.301808472773147041e-01
-4.301847998747867496e-01
-4.301887581586038567e-01
-4.301927235354571222e-01
-4.301966947849774070e-01
-4.302006723623725826e-01
-4.302046610438586272e-01
-4.302086580074128697e-01
-4.302126628408639575e-01
-4.302166766924622743e-01
-4.302207000042266860e-01
-4.302247324278729024e-01
-4.302287743093365924e-01
-4.302328259770410446e-01
-4.302368883924853060e-01
-4.302409618868193730e-01
-4.302450461048849539e-01
-4.302491413054509994e-01
-4.302532477384607423e-01
-4.302573656426141868e-01
-4.302614952573123874e-01
-4.302656368117452335e-01
-4.302697905146841140e-01
-4.302739531029644571e-01
-4.302781139919374387e-01
-4.302822903869970572e-01
-4.302864818526371815e-01
-4.302906934560148389e-01
-4.302949294708466876e-01
-4.302991898659902503e-01
-4.303034746122371135e-01
-4.303077836713303794e-01
-4.303121200519953171e-01
-4.303164806686846644e-01
-4.303208655195897570e-01
-4.303252745789080680e-01
-4.303297078188141334e-01
-4.303341652083884639e-01
-4.303386467129035053e-01
-4.303431522933944264e-01
-4.303476818962930772e-01
-4.303522354488674706e-01
-4.303568128798838655e-01
-4.303614141173823793e-01
-4.303660390873524366e-01
-4.303706877129346853e-01
-4.303753599140082153e-01
-4.303800556070583316e-01
-4.303847747052448880e-01
-4.303895171186162827e-01
-4.303942827387874925e-01
-4.303990714372962212e-01
-4.304038830908127333e-01
-4.304087149067928331e-01
-4.304135695068364020e-01
-4.304184467413736392e-01
-4.304233464930637965e-01
-4.304282686446248563e-01
-4.304332130788592337e-01
-4.304381769469525776e-01
-4.304431629665567693e-01
-4.304481708944678520e-01
-4.304532005798910599e-01
-4.304582518792889889e-01
-4.304633246544680159e-01
-4.304684187714213905e-01
-4.304735340996792003e-01
-4.304786705119963419e-01
-4.304838278842574306e-01
-4.304890060955264830e-01
-4.304942049982087293e-01
-4.304994244189163100e-01
-4.305046641975585064e-01
-4.305099241840112390e-01
-4.305152042362288545e-01
-4.305205042191215803e-01
-4.305258240039306350e-01
-4.305311634679232502e-01
