9.261437299887091690e-03
9.051729718039858152e-03
8.783951675731691000e-03
8.459305433886225856e-03
8.100838481090479049e-03
7.870972684641833195e-03
7.870713478787247364e-03
7.870416084470407969e-03
7.870058495058354642e-03
7.869642819820936441e-03
7.869160573082109589e-03
7.868615797881853280e-03
7.868007290071796223e-03
7.867338979595621395e-03
7.866604836341599405e-03
7.865808993625815482e-03
7.864946293935477784e-03
7.864016454016811708e-03
7.863017132058766623e-03
7.861949492931369354e-03
7.860816043456335389e-03
7.859617641592042681e-03
7.858354814312490388e-03
7.857028168242102817e-03
7.855638380908108731e-03
7.854188013818173830e-03
7.852676935415831005e-03
7.851105936908180094e-03
7.849475903572974977e-03
7.847791259917226425e-03
7.846050082648915736e-03
7.844253297431325045e-03
7.842403378404430581e-03
7.840502478142170883e-03
7.838549400524918997e-03
7.836545161161515005e-03
7.834490788831721675e-03
7.832391369533439618e-03
7.830244179619860745e-03
7.828050216930886041e-03
7.825810499475747972e-03
7.823526038379831349e-03
7.821201724812217038e-03
7.818834860874528114e-03
7.816426402321455247e-03
7.813977311389011526e-03
7.811488536108704417e-03
7.808961009325293690e-03
7.806395647840427832e-03
7.803797007214882675e-03
7.801162433672820251e-03
7.798492770660733764e-03
7.795788859689338490e-03
7.793051523405890302e-03
7.790281565303168454e-03
7.787479769503058424e-03
7.784646900606810582e-03
7.781783703607103586e-03
7.778890903856937322e-03
7.775969207090477342e-03
7.773019299493158507e-03
7.770041847815156721e-03
7.767037499526140143e-03
7.764006883007310011e-03
7.760950607776602450e-03
7.757869264745108351e-03
7.754763426500381474e-03
7.751633995021330048e-03
7.748481855829610077e-03
7.745306833832184268e-03
7.742108734328352615e-03
7.738888390497696002e-03
7.735646620726947809e-03
7.732383878914048103e-03
7.729100603510223599e-03
7.725797217908628167e-03
7.722474130829770633e-03
7.719131736700080015e-03
7.715770416020666100e-03
7.712390535723749607e-03
7.708992449514485978e-03
7.705576498194831314e-03
7.702143009968125120e-03
7.698692300721801662e-03
7.695224674286522959e-03
7.691740422670401145e-03
7.688239826266429766e-03
7.684723154032888082e-03
7.681190663645545702e-03
7.677642601620904284e-03
7.674075392716507571e-03
7.670493143001035075e-03
7.666896085144835060e-03
7.663284424710835319e-03
7.659658356155160663e-03
7.656018062793250312e-03
7.652363716740100130e-03
7.648695478829820038e-03
7.645009322021618925e-03
7.641309689854117182e-03
7.637596729786103045e-03
7.633870559125080502e-03
7.630131283102269124e-03
7.626376666472561849e-03
7.622606955635921611e-03
7.618824581073373181e-03
7.615029622876690052e-03
7.611219522005614746e-03
7.607394534726308333e-03
7.603540264382868674e-03
7.599675443739246916e-03
7.595799577978491757e-03
7.591909861903056722e-03
7.588002375772014141e-03
7.584084609980647207e-03
7.580153223391297712e-03
7.576211860979079060e-03
7.572256922302247895e-03
7.568289040170782245e-03
7.564308811485384587e-03
7.560315014930638067e-03
7.556313428203571825e-03
7.552303906648266674e-03
7.548286814501967146e-03
7.544263421897332011e-03
7.540234744844699633e-03
7.536201086882514388e-03
7.532159487458424396e-03
7.528100284263490594e-03
7.524049297968939121e-03
7.519992711693443410e-03
7.515927504465259867e-03
7.511839714825337133e-03
7.507741284954745631e-03
7.503632275032909305e-03
7.499512408875669278e-03
7.495381414525416341e-03
7.491239026145082858e-03
7.487069078008876111e-03
7.482886488545684167e-03
7.478677458126033184e-03
7.474454171436953342e-03
7.470216645903034192e-03
7.465964720513799946e-03
7.461698253008602899e-03
7.457417121159486129e-03
7.453121223900405212e-03
7.448810482307728631e-03
7.444484840423905292e-03
7.440144265916721900e-03
7.435788750570070105e-03
7.431404758707522984e-03
7.427005690158271223e-03
7.422591462914518434e-03
7.418162181543452860e-03
7.413705681778882950e-03
7.409234066214402670e-03
7.404747623234828047e-03
7.400246566800314230e-03
7.395731133113980782e-03
7.391201579579231851e-03
7.386658183644784215e-03
7.382101241553341853e-03
7.377531067010362209e-03
7.372947989784377210e-03
7.368352354255723602e-03
7.363744517926582023e-03
7.359124849907069943e-03
7.354493729390544632e-03
7.349851544132174341e-03
7.345198688943122001e-03
7.340535564213657160e-03
7.335862574476229025e-03
7.331180127019255865e-03
7.326488630562198734e-03
7.321788493999892289e-03
7.317080125225111642e-03
7.312363930036099025e-03
7.307640311134594446e-03
7.302909667219768808e-03
7.298172392182375456e-03
7.293428874400854911e-03
7.288679496142522196e-03
7.283924633070017196e-03
7.279164653853413547e-03
7.274399919886598287e-03
7.269630785106527548e-03
7.264857595912735388e-03
7.260091545075675334e-03
7.255321491754104790e-03
7.250559403113920887e-03
7.245793755836948957e-03
7.241024613643010088e-03
7.236252235832282831e-03
7.231476877162169858e-03
7.226698788483899849e-03
7.221918217451203659e-03
7.217146445783188813e-03
7.212371699673945924e-03
7.207606122747470256e-03
7.202836057101355549e-03
7.198061986100852405e-03
7.193295692438692046e-03
7.188535565660958415e-03
7.183766337741356867e-03
7.178987433053327094e-03
7.174198983053700629e-03
7.169401137019477954e-03
7.167690452026753700e-03
7.162727135696531078e-03
7.157758129589165963e-03
7.152770306805021627e-03
7.147765499468661243e-03
7.142744728147611133e-03
7.137708948882770521e-03
7.132662292355387845e-03
7.127604730104937503e-03
7.122537237291455547e-03
7.117463744152292826e-03
7.112381381108048850e-03
7.107290464683065079e-03
7.102191492687759400e-03
7.097084902694603126e-03
7.091971077581596394e-03
7.086850345792171380e-03
7.081722978945194369e-03
7.076589187994634933e-03
7.071449124013216847e-03
7.066362754698012061e-03
7.061329260606187541e-03
7.056346884216246895e-03
7.051416295508136645e-03
7.046536093123167976e-03
7.041706916338826006e-03
7.036928521306044793e-03
7.032200744415982585e-03
7.027523502813839973e-03
7.022896542978503132e-03
7.021257881657000377e-03
7.024878128965218738e-03
7.033577328361240166e-03
7.047262679661804585e-03
7.065903774410478566e-03
7.089516170541494688e-03
7.118150243480600436e-03
7.151879537603496317e-03
7.190807175830059295e-03
7.235045791662009229e-03
7.284730056703873913e-03
7.340002613290631805e-03
7.401015109162231709e-03
7.467927029970101993e-03
7.540904133728189296e-03
7.620117066192345912e-03
7.705740120044095309e-03
7.797946249577837607e-03
7.896914322412455778e-03
8.002827482885242760e-03
8.115864791151644608e-03
8.236203613511260124e-03
8.364019588097737490e-03
8.499482427133712992e-03
8.642763167147425596e-03
8.794032403830011335e-03
8.953449706379679185e-03
9.121174534697275293e-03
9.297360615779161341e-03
9.482156974771609181e-03
9.675710643430583680e-03
9.878158713581060291e-03
1.008963029081402785e-02
1.031024761784935656e-02
1.054012339697837919e-02
1.077937036883247490e-02
1.102809245888639045e-02
1.128638548029824162e-02
1.155433325422160207e-02
1.183201743483140028e-02
1.211951598775769245e-02
1.241689615893372400e-02
1.272420996769108026e-02
1.304151249458667533e-02
1.336884953927408581e-02
1.370625640002458290e-02
1.405376025126303663e-02
1.441137576155556571e-02
1.477911453744293335e-02
1.515698407650922092e-02
1.554498008491165401e-02
1.594308968364888113e-02
1.635129203041220392e-02
1.676955833716971267e-02
1.719784798199905373e-02
1.763611658326107862e-02
1.808431578091648090e-02
1.854238589202767545e-02
1.901025909207649384e-02
1.948786004757917245e-02
1.997510601793855284e-02
2.047190697252802838e-02
2.097816572108320010e-02
2.149377805580761358e-02
2.201863290380686594e-02
2.255261248856353651e-02
2.309559249918199247e-02
2.364744226612110894e-02
2.420802494209291916e-02
2.477719768677062728e-02
2.535481185390661696e-02
2.594071317944190297e-02
2.653474196916998443e-02
2.713673328452478883e-02
2.774651712508333784e-02
2.836391860641145415e-02
2.898875813194312645e-02
2.962085581727091216e-02
3.026001865565486684e-02
3.090605792539493496e-02
3.155877214416766968e-02
3.221796001553069166e-02
3.288341693319064840e-02
3.355493449233920566e-02
3.423230554104171597e-02
3.491531371223065977e-02
3.560373451499700831e-02
3.629734455184238651e-02
3.699592086786278322e-02
3.769924993865193114e-02
3.840708647539683301e-02
3.911919217364664969e-02
3.983532977065163544e-02
4.055525946489830363e-02
4.127872514940172238e-02
4.200548026734758633e-02
4.273526151944834900e-02
4.346781257344007471e-02
4.420287217584491224e-02
4.494017454304365111e-02
4.567945047561669525e-02
4.642043427733405503e-02
4.716285455675377214e-02
4.790642966792368895e-02
4.865087028785976958e-02
4.939589388749451859e-02
5.014120783445042556e-02
5.088651163113707548e-02
5.163150489216820210e-02
5.237588418801550350e-02
5.311934888065617671e-02
5.386158775252885417e-02
5.460228102062725936e-02
5.534111067739662382e-02
5.607775645565461070e-02
5.681189529982830222e-02
5.754321161071233176e-02
5.827136888319344593e-02
5.899603581382541206e-02
5.971688152834087049e-02
6.043357421247700506e-02
6.114578158469703706e-02
6.185317599410895123e-02
6.255542605415977120e-02
6.325219632046724660e-02
6.394315758953827977e-02
6.462798366949719375e-02
6.530635145731696067e-02
6.597794159524798807e-02
6.664243914293696558e-02
6.729953425517276600e-02
6.794892285807782595e-02
6.859030731774944101e-02
6.922339709592954804e-02
6.984790938765614299e-02
7.046356973618983499e-02
7.107011262087928327e-02
7.166728201404148901e-02
7.225484027073478255e-02
7.283254302943846514e-02
7.340016533574525437e-02
7.395749406303181450e-02
7.450432777181179023e-02
7.504047703257729629e-02
7.556576470098316789e-02
7.608002614638220695e-02
7.658310943474105903e-02
7.707487546708402526e-02
7.755519807480101835e-02
7.802396407336779915e-02
7.848107327623798923e-02
7.892643847085747955e-02
7.935998535892126171e-02
7.978165246343373040e-02
8.019139100497103823e-02
8.058916474895508331e-02
8.097494982617138570e-02
8.134873452928312321e-02
8.171051908804202735e-02
8.206031542575135951e-02
8.239814689941583892e-02
8.272404802589741757e-02
8.303806419628177726e-02
8.334025138054168558e-02
8.363067582446101489e-02
8.390941374065419289e-02
8.417655099538520758e-02
8.443218279275489790e-02
8.467641335768988364e-02
8.490935561903183160e-02
8.513113089389347243e-02
8.534186857431870499e-02
8.554170437684857631e-02
8.573077920120292239e-02
8.590925096121433679e-02
8.607727819157379168e-02
8.623502600999101431e-02
8.638266583126687215e-02
8.652037508808113619e-02
8.664833695887058651e-02
8.676674010322756037e-02
8.687577840503879489e-02
8.697565072352457516e-02
8.706656065234111286e-02
8.714871628693372785e-02
8.722233000036813677e-02
8.728761822791129832e-02
8.734480126067635519e-02
8.739409688056094805e-02
8.743573860878132986e-02
8.746995828640155568e-02
8.749698969084163114e-02
8.751706954481976164e-02
8.753043740355398450e-02
8.753733556397644278e-02
8.753800584560439413e-02
8.753269453189196914e-02
8.752360694665949070e-02
8.752546630871380073e-02
8.752192961227292511e-02
8.752531489912897256e-02
8.753242556831698773e-02
8.753957031152428958e-02
8.754675592690425168e-02
8.755398415894613540e-02
8.756125661133587479e-02
8.756857474916100725e-02
8.757593991000724165e-02
8.758335331152301839e-02
8.759081605647303648e-02
8.759832913568675605e-02
8.760589342916944022e-02
8.761350970557779672e-02
8.762117862022354708e-02
8.762890071174313233e-02
8.763659790315604659e-02
8.764419905946416178e-02
8.765170991836505887e-02
8.765913256985383151e-02
8.766646761330412763e-02
8.767371751334653018e-02
8.768088569254796349e-02
8.768797390214731757e-02
8.769498366947101053e-02
8.770191632777415980e-02
8.770877303884939968e-02
8.771555481226575579e-02
8.772226316175946170e-02
8.772890102053289285e-02
8.773546883633594196e-02
8.774196702701761441e-02
8.774839597497535726e-02
8.775475753799073797e-02
8.776105043055379418e-02
8.776727496030614639e-02
8.777343296521894489e-02
8.777952299202400333e-02
8.778554519137950207e-02
8.779149970848051932e-02
8.779738666361742994e-02
8.780320847425138187e-02
8.780896238220944894e-02
8.781464859769867737e-02
8.782026784669370867e-02
8.782582196685197184e-02
8.783130735623585761e-02
8.783672405518147541e-02
8.784207197752334773e-02
8.784735102743897184e-02
8.785256109762641652e-02
8.785770526408806513e-02
8.786278156446503118e-02
8.786778956672225416e-02
8.787272914527750889e-02
8.787760017494399001e-02
8.788240483854636853e-02
8.788714315252824094e-02
8.789181305838476843e-02
8.789641437346862318e-02
8.790094693426908634e-02
8.790541056444753365e-02
8.790980936406456170e-02
8.791413916189558253e-02
8.791839976743755225e-02
8.792259098687894847e-02
8.792671261356337087e-02
8.793076443298006306e-02
8.793474622532222729e-02
8.793865776699802406e-02
8.794249883169749649e-02
8.794627335985948091e-02
8.794997708317513208e-02
8.795360978622490666e-02
8.795717124531811371e-02
8.796066123058703112e-02
8.796407951071402720e-02
8.796742585543859683e-02
8.797070003709747676e-02
8.797390183174105815e-02
8.797703102005804965e-02
8.798008738820756180e-02
8.798307072859780364e-02
8.798598084062475566e-02
8.798881753137363648e-02
8.799158061628049865e-02
8.799426991974926282e-02
8.799688527571897234e-02
8.799942652817556443e-02
8.800189353160242645e-02
8.800428615136482446e-02
8.800660426402326375e-02
8.800884775757181200e-02
8.801101653159736082e-02
8.801311049735713321e-02
8.801512957777279933e-02
8.801707370733902192e-02
8.801894283194661162e-02
8.802073690862033395e-02
8.802245590517245033e-02
8.802409979977410259e-02
8.802566858044719167e-02
8.802716224448024762e-02
8.802857865501319268e-02
8.802991797004233732e-02
8.803118244284331706e-02
8.803237996821867972e-02
8.803350671504789338e-02
8.803455141451001220e-02
8.803551845594820291e-02
8.803640726543734973e-02
8.803722304139993682e-02
8.803796446237327489e-02
8.803863144861488743e-02
8.803922393558942516e-02
8.803974186464121054e-02
8.804018517860311144e-02
8.804055553489267827e-02
8.804085273473336026e-02
8.804107479039154083e-02
8.804121895622590843e-02
8.804128817577702715e-02
8.804128238853831112e-02
8.804119867626246376e-02
8.804103697136068940e-02
8.804079929573502272e-02
8.804048556455593144e-02
8.804009567537567083e-02
8.803962951780894275e-02
8.803908697291182306e-02
8.803846534165273019e-02
8.803776458111418901e-02
8.803698671962642552e-02
8.803613160143156091e-02
8.803519906429338460e-02
8.803418893525047362e-02
8.803310103043808510e-02
8.803193515499445343e-02
8.803069110305893064e-02
8.802936865786378795e-02
8.802796759192094145e-02
8.802648766730300500e-02
8.802492863601658890e-02
8.802328800055274349e-02
8.802156769303288997e-02
8.801976527680854812e-02
8.801788258991868896e-02
8.801591933371175069e-02
8.801387521744999387e-02
8.801174994511065663e-02
8.800954321625156784e-02
8.800725472688614159e-02
8.800488417035676192e-02
8.800243123819109781e-02
8.799989562092858097e-02
8.799727700890420945e-02
8.799457509297980984e-02
8.799178956521268302e-02
8.798892011945390335e-02
8.798596645187030385e-02
8.798292826138442990e-02
8.797922323207629791e-02
8.797485294190310334e-02
8.796982017922053143e-02
8.796412734743784545e-02
8.795777651562149135e-02
8.795076946083123237e-02
8.794310770343710670e-02
8.793479253653697925e-02
8.792582505044443941e-02
8.791620615308086417e-02
8.790593658698174495e-02
8.789501694351906091e-02
8.788344767484750075e-02
8.787122910399863818e-02
8.785836143347852678e-02
8.784484475266161885e-02
8.783067904422382777e-02
8.781586418981288111e-02
8.780039997511770999e-02
8.778428609446681241e-02
8.776752215506096466e-02
8.775010768092356139e-02
8.773204211663439278e-02
8.771332483089816501e-02
8.769395511998641368e-02
8.767393242848997570e-02
8.765325568733040029e-02
8.763192399506010422e-02
8.760993639083276829e-02
8.758729185753350022e-02
8.756398932487602371e-02
8.754002767247225092e-02
8.751540573287645841e-02
8.749012229460781387e-02
8.746417610515337671e-02
8.743756587395494495e-02
8.741029027538327334e-02
8.738234795170372882e-02
8.735373751603933701e-02
8.732445755533632670e-02
8.729450663334001326e-02
8.726388330594017639e-02
8.723258603849966264e-02
8.720061319215635653e-02
8.716796334698920234e-02
8.713463500807325235e-02
8.710062667443065065e-02
8.706593684456551130e-02
8.703056401989105184e-02
8.699450659210333781e-02
8.695776318579570563e-02
8.692033233472150344e-02
8.688221259065975755e-02
8.684340164084378144e-02
8.680389811583684445e-02
8.676370155739646095e-02
8.672281065877419926e-02
8.668124920765885033e-02
8.663901775397783722e-02
8.659612422020707134e-02
8.655256203753997069e-02
8.650833154212830833e-02
8.646343498198134914e-02
8.641786965470817095e-02
8.637163807482838018e-02
8.632473841994128816e-02
8.627717390929239005e-02
8.622894549974174927e-02
8.618005085665166043e-02
8.613105827162061134e-02
8.608196343186029498e-02
8.603276641712430395e-02
8.598346727558200953e-02
8.593406602768349778e-02
8.588459413743339266e-02
8.583511611262692464e-02
8.578551744107411337e-02
8.573578404338315362e-02
8.568591576585915526e-02
8.563591231753481248e-02
8.558588015788765047e-02
8.553589056830450399e-02
8.548645905511181864e-02
8.544067103590266554e-02
8.539733065742495521e-02
8.535173964111146538e-02
8.529893385363340741e-02
8.523381561757507885e-02
8.515121699641924058e-02
8.504595626965333333e-02
8.491288422460945007e-02
8.474693031774696572e-02
8.454313663903983977e-02
8.429669375215945171e-02
8.400294716647431492e-02
8.365743052562926718e-02
8.325588374178231887e-02
8.279426176637673385e-02
8.226874446289667020e-02
8.167574309238283259e-02
8.101190770971845867e-02
8.027413134407404560e-02
7.945955510530355870e-02
7.856557286717072430e-02
7.758983647379248672e-02
7.653025858718910668e-02
7.538502303651167802e-02
7.415259924041450734e-02
7.283173153415276047e-02
7.142147619477945408e-02
6.992119053392617523e-02
6.833053919743069249e-02
6.664952269191641576e-02
6.487847894654512337e-02
6.301809440087755010e-02
6.106940095895870002e-02
5.903378199346978605e-02
5.691297580551793467e-02
5.470906611678287568e-02
5.242448143075354589e-02
5.006198524782596443e-02
4.762465881717821425e-02
4.511588712886654973e-02
4.253934032432008655e-02
3.989895316808501208e-02
3.719890315890373583e-02
3.444358789294579143e-02
3.163760227642638256e-02
2.878571613477436467e-02
2.589285458286198077e-02
2.296407373580496708e-02
2.000454200318217690e-02
1.701953066975482598e-02
1.401438860764198970e-02
1.099454384402892212e-02
7.965455202093770296e-03
4.932632105964104841e-03
1.901617621326533170e-03
-1.122038267444246118e-03
-4.132794372141103054e-03
-7.125078757378493222e-03
-1.009331849641648300e-02
-1.303201184852497037e-02
-1.593570079683062635e-02
-1.879901426237563788e-02
-2.161667006743443059e-02
-2.438351439087467140e-02
-2.709452520080831567e-02
-2.974484395764899480e-02
-3.232979953107815996e-02
-3.484493393688749274e-02
-3.728601655702484807e-02
-3.964907623849291823e-02
-4.193041008847832318e-02
-4.412661127474519496e-02
-4.623457684093790904e-02
-4.825152106226518467e-02
-5.017499365600745082e-02
-5.200288125097195235e-02
-5.373341651279369552e-02
-5.536518082677208824e-02
-5.689711407131783916e-02
-5.832834642955095350e-02
-5.965611392016793163e-02
-6.087851613387769423e-02
-6.199635718252668320e-02
-6.301089818009714127e-02
-6.392370598020148675e-02
-6.473665645152364145e-02
-6.545193720450981356e-02
-6.607205042624886282e-02
-6.659981633873987561e-02
-6.703837768466561209e-02
-6.739120555695943260e-02
-6.766210681575859920e-02
-6.785523327405300342e-02
-6.797509295226589199e-02
-6.802656272608220700e-02
-6.801490361487652625e-02
-6.794577816415889315e-02
-6.787207160649542936e-02
-6.792499175238782272e-02
-6.797800454054485353e-02
-6.803109542947616273e-02
-6.808425242178617331e-02
-6.813746023365374604e-02
-6.819070058986510807e-02
-6.824395654374863784e-02
-6.829721078610921647e-02
-6.835044584074739804e-02
-6.840364428531318930e-02
-6.845678894215395660e-02
-6.850986360762408023e-02
-6.856285596515913905e-02
-6.861574533108295848e-02
-6.866851658857406338e-02
-6.872116047870480138e-02
-6.877366245713682769e-02
-6.882599938725784960e-02
-6.887815832840150920e-02
-6.893013232485928343e-02
-6.898191687853058585e-02
-6.903350168334443371e-02
-6.908488158250648825e-02
-6.913844057982013180e-02
-6.919217058306731394e-02
-6.924522870946464570e-02
-6.929766687745536613e-02
-6.934952077832071127e-02
-6.940082172719871934e-02
-6.945160614737486138e-02
-6.950187942525160034e-02
-6.955164763849175369e-02
-6.960100002135373443e-02
-6.964996603261876251e-02
-6.969855927188683964e-02
-6.974680065059449263e-02
-6.979471104620638133e-02
-6.984232012284388724e-02
-6.988964174124399908e-02
-6.993669813842438854e-02
-6.998351239199190887e-02
-7.003010848777423136e-02
-7.007651134616146860e-02
-7.012274679136233646e-02
-7.016884147130977856e-02
-7.021482273920846839e-02
-7.026072119797596716e-02
-7.030656886650851756e-02
-7.035238815738317775e-02
-7.039820769259605426e-02
-7.044405610454772260e-02
-7.048996192111020576e-02
-7.053595349879418497e-02
-7.058205898342850837e-02
-7.062830629630145740e-02
-7.067472314282638446e-02
-7.072133704075152238e-02
-7.076817536559135147e-02
-7.081519423984375394e-02
-7.086220660193012777e-02
-7.090949611600999569e-02
-7.095708453498120183e-02
-7.100499324172762639e-02
-7.105324024708865871e-02
-7.110185740633029328e-02
-7.115086961750316519e-02
-7.120030274026309391e-02
-7.125018389543724684e-02
-7.130054177838071605e-02
-7.135162748947154743e-02
-7.140344664016905207e-02
-7.145580945275104012e-02
-7.150872985911543855e-02
-7.156223510618033024e-02
-7.161635987613980403e-02
-7.167112909406844756e-02
-7.172654047562312951e-02
-7.178260406118480708e-02
-7.183934092255570003e-02
-7.189674595001682711e-02
-7.195483684009779113e-02
-7.201361359273093787e-02
-7.207307034555548997e-02
-7.213321402088301859e-02
-7.219404009383303955e-02
-7.225552852576339058e-02
-7.231768094807312919e-02
-7.238048491782464455e-02
-7.244392553843975735e-02
-7.250798557232962516e-02
-7.257263702842749187e-02
-7.263786270632774378e-02
-7.270364283180552611e-02
-7.276995228323512865e-02
-7.283676431160107656e-02
-7.290405067655500448e-02
-7.297178203897868032e-02
-7.303993087644349014e-02
-7.320287400710662196e-02
-7.346187591921163329e-02
-7.370464687951754079e-02
-7.395159760002034677e-02
-7.422578871823479196e-02
-7.449674111360481132e-02
-7.478218587112162030e-02
-7.509680525329689993e-02
-7.545369793718431639e-02
-7.586493495716489788e-02
-7.634056549642731504e-02
-7.688909633762344709e-02
-7.751888552987032388e-02
-7.823830878219630025e-02
-7.905572034797511694e-02
-7.997942100247865116e-02
-8.101759558938027850e-02
-8.217827386604130424e-02
-8.346929988257466293e-02
-8.489830339728079989e-02
-8.647268152177227385e-02
-8.819958827621518505e-02
-9.008592523027628141e-02
-9.213834210156887639e-02
-9.436323699640475349e-02
-9.569641462884465044e-02
-9.635175269289091016e-02
-9.746671391516895100e-02
-9.900315124899053409e-02
-1.009321378835573713e-01
-1.032312887501598692e-01
-1.058830136471795857e-01
-1.088732804978432694e-01
-1.121907063980323305e-01
-1.158258662720615118e-01
-1.197707474846711750e-01
-1.240183064063128671e-01
-1.285620942985555015e-01
-1.333960025004610195e-01
-1.385169741969166646e-01
-1.439207907437269895e-01
-1.496007595314559624e-01
-1.555493820794996984e-01
-1.617582168839426515e-01
-1.682177674834759995e-01
-1.749173997028455607e-01
-1.818452955970021601e-01
-1.889884466398020768e-01
-1.963326845734831294e-01
-2.038627494666741813e-01
-2.115623862526603283e-01
-2.194144636808309234e-01
-2.274011064768820534e-01
-2.355038318958441179e-01
-2.437036827112772364e-01
-2.519813504032404894e-01
-2.603172845924611178e-01
-2.686917872933785589e-01
-2.770850929864104306e-01
-2.854774375381707863e-01
-2.938491200739113962e-01
-3.021805644907819000e-01
-3.104523823196162491e-01
-3.186454440035116908e-01
-3.267409594270052065e-01
-3.347205707489512294e-01
-3.425664525617166944e-01
-3.502614216120207291e-01
-3.577890513427072205e-01
-3.651337796122124946e-01
-3.722810186991823422e-01
-3.792172525091856983e-01
-3.859301197117389615e-01
-3.924084823262951049e-01
-3.986424750874852374e-01
-4.046235373760060372e-01
-4.103444291565406243e-01
-4.157992282636043813e-01
-4.209833148592023178e-01
-4.258933438364693735e-01
-4.305272522729819418e-01
-4.348842270700403745e-01
-4.389646030046033820e-01
-4.427697793524543179e-01
-4.463021643846427633e-01
-4.495651226551078961e-01
-4.525629251030034439e-01
-4.553007019501804087e-01
-4.577843982691006119e-01
-4.600207320939179167e-01
-4.620171549669715994e-01
-4.637818148544698982e-01
-4.653235214164459510e-01
-4.666517136597868043e-01
-4.677764300661694796e-01
-4.687086859709801989e-01
-4.694838759431989583e-01
-4.700990892878932348e-01
-4.705425638182578751e-01
-4.708385699299520999e-01
-4.709771008017464844e-01
-4.710194196471385042e-01
-4.710624324397358897e-01
-4.711154332879213258e-01
-4.711585962142788575e-01
-4.712040695641871446e-01
-4.712473579109106026e-01
-4.712932441806014228e-01
-4.713366100202486253e-01
-4.713802143854594617e-01
-4.714242747762280583e-01
-4.714677016904065265e-01
-4.715111476418969993e-01
-4.715546484793421977e-01
-4.715981940758069424e-01
-4.716417470174610327e-01
-4.716852889293325357e-01
-4.717288118794665808e-01
-4.717723080267459679e-01
-4.718157697911524728e-01
-4.718591899274970358e-01
-4.719025614614501540e-01
-4.719458778136554900e-01
-4.719891327274189918e-01
-4.720323201687380288e-01
-4.720754344122121693e-01
-4.721184699761948877e-01
-4.721614216350021875e-01
-4.722042844090475477e-01
-4.722470535555589599e-01
-4.722897244283168483e-01
-4.723322925883972623e-01
-4.723747541785318638e-01
-4.724171053324827119e-01
-4.724593423949744464e-01
-4.725014618865948091e-01
-4.725434605179822944e-01
-4.725853351853447348e-01
-4.726270829665609741e-01
-4.726687010189360993e-01
-4.727101865381789780e-01
-4.727515373893346196e-01
-4.727927514143502874e-01
-4.728338265642242910e-01
-4.728747609610228775e-01
-4.729155528987308843e-01
-4.729562008444367360e-01
-4.729967034402550174e-01
-4.730370595058703276e-01
-4.730772680415641918e-01
-4.731173282316350481e-01
-4.731572394481191601e-01
-4.731970012547268567e-01
-4.732366134109164957e-01
-4.732760758760357067e-01
-4.733153888134680187e-01
-4.733545525947393529e-01
-4.733935678035521288e-01
-4.734324352397295543e-01
-4.734711559230752043e-01
-4.735097310971611018e-01
-4.735481622330852125e-01
-4.735864510332430388e-01
-4.736245997263423546e-01
-4.736626102712583886e-01
-4.737004849911551352e-01
-4.737382265537286030e-01
-4.737758378796750325e-01
-4.738133221480841373e-01
-4.738506828023486550e-01
-4.738879235566258452e-01
-4.739250486850238309e-01
-4.739620621680370460e-01
-4.739989685608541059e-01
-4.740357727387582987e-01
-4.740724798894593306e-01
-4.741090957381393078e-01
-4.741456258926793343e-01
-4.741820765251703040e-01
-4.742184542994634100e-01
-4.742547660387818054e-01
-4.742910189504381813e-01
-4.743272208243643484e-01
-4.743633795750500926e-01
-4.743995036496750917e-01
-4.744356019499433308e-01
-4.744716836908007274e-01
-4.745077585144930055e-01
-4.745438365091965705e-01
-4.745799280661754938e-01
-4.746160441225520943e-01
-4.746521958390470530e-01
-4.746883949109139134e-01
-4.747246529036369123e-01
-4.747609817894392070e-01
-4.747973933518934708e-01
-4.748339002988832824e-01
-4.748705144580334103e-01
-4.749072483257557598e-01
-4.749441149025629416e-01
-4.749811260760702369e-01
-4.750182947665151367e-01
-4.750556332333479848e-01
-4.750931535299713904e-01
-4.751308674587403358e-01
-4.751687865200852623e-01
-4.752069217765482745e-01
-4.752452835742486670e-01
-4.752838759099471955e-01
-4.753227090587300863e-01
-4.753618005108947164e-01
-4.754011587943874906e-01
-4.754407922539000686e-01
-4.754807087648420527e-01
-4.755209153054520410e-01
-4.755614181811044228e-01
-4.756022225207438003e-01
-4.756433332210796006e-01
-4.756847544852867982e-01
-4.757264898239040862e-01
-4.757685281224124374e-01
-4.758108853380323966e-01
-4.758535839755521635e-01
-4.758966525095432720e-01
-4.759400889014900882e-01
-4.759838902287632512e-01
-4.760280531194282516e-01
-4.760725737875052821e-01
-4.761174480764445160e-01
-4.761626715079173566e-01
-4.762082393337597752e-01
-4.762541465893935788e-01
-4.763003881473961698e-01
-4.763469587700419061e-01
-4.763938531595799386e-01
-4.764410660054483881e-01
-4.764885920232881933e-01
-4.765364259834951599e-01
-4.765845686994252817e-01
-4.766330092592130918e-01
-4.766817427379199112e-01
-4.767307644926656041e-01
-4.767800701097429927e-01
-4.768296554140332155e-01
-4.768795164723780844e-01
-4.769296495909314260e-01
-4.769800513065462488e-01
-4.770307183723332400e-01
-4.770816477384184351e-01
-4.771328365283848960e-01
-4.771842820091660164e-01
-4.772359815544553463e-01
-4.772879326053059978e-01
-4.773401409185972777e-01
-4.773925953757711671e-01
-4.774452918726521111e-01
-4.774982239132276041e-01
-4.775513846515914151e-01
-4.776047684533051285e-01
-4.776583707721558381e-01
-4.777121927011624414e-01
-4.777662306558322358e-01
-4.778204774941116617e-01
-4.778749313463613313e-01
-4.779296005954995485e-01
-4.779844718523423852e-01
-4.780395542771404549e-01
-4.780948327891548222e-01
-4.781503071153642703e-01
-4.782059760035081708e-01
-4.782618371032761329e-01
-4.783178968831749978e-01
-4.783741332758367770e-01
-4.784305587022746886e-01
-4.784869850187586926e-01
-4.785435161207285959e-01
-4.786002851333113206e-01
-4.786549912084384628e-01
-4.787068087812461070e-01
-4.787542820068351745e-01
-4.787963643683555981e-01
-4.788365497197453191e-01
-4.788738046027035122e-01
-4.789065364378230494e-01
-4.789364881569677657e-01
-4.789661960156234577e-01
-4.789979459388329919e-01
-4.790338406325897469e-01
-4.790758424895057987e-01
-4.791258012334883576e-01
-4.791854721905453585e-01
-4.792565290897597974e-01
-4.793405740648670199e-01
-4.794391467471857404e-01
-4.795537338232020996e-01
-4.796857800687842066e-01
-4.798367015692274196e-01
-4.800079021732504558e-01
-4.802008076573062723e-01
-4.804169318275922085e-01
-4.806579688602420908e-01
-4.809259106983194698e-01
-4.812232027811014223e-01
-4.815529604053819246e-01
-4.819192842645317332e-01
-4.823277428546707823e-01
-4.827861427414205653e-01
-4.833054547530764578e-01
-4.839001577480138705e-01
-4.845876986164769917e-01
-4.853876761783467164e-01
-4.863211252212144009e-01
-4.874098879118470840e-01
-4.886760621359335088e-01
-4.901415177711017646e-01
-4.918274728439481214e-01
-4.937541223065958773e-01
-4.959403128232971469e-01
-4.984032571117412158e-01
-5.011582826267360069e-01
-5.042186113117363977e-01
-5.075951675709862165e-01
-5.112964124608233574e-01
-5.153282046103507819e-01
-5.196936902489573962e-01
-5.243932258149273107e-01
-5.294243378410051770e-01
-5.347817255062432551e-01
-5.404573111340665870e-01
-5.464403428188587819e-01
-5.527175510705321093e-01
-5.592733578090325341e-01
-5.660901314982584864e-01
-5.731484774933112147e-01
-5.804275491599220071e-01
-5.879053640796920721e-01
-5.955044600942891453e-01
-6.032533142196512266e-01
-6.111307701193964270e-01
-6.191163775055091856e-01
-6.271891611452995452e-01
-6.353280073287023155e-01
-6.435119762788310549e-01
-6.517204566121664877e-01
-6.599332196573548526e-01
-6.681304150796354424e-01
-6.762925376765169805e-01
-6.844003865948514731e-01
-6.924350315278282597e-01
-7.003777951432308413e-01
-7.082102568101628082e-01
-7.159142794953077260e-01
-7.234720593619486939e-01
-7.308661959690520016e-01
-7.380797799728544550e-01
-7.450964948650686814e-01
-7.519007293800052949e-01
-7.584776975787911324e-01
-7.648135641740814172e-01
-7.708955733358319184e-01
-7.767121799453557962e-01
-7.822531828926461150e-01
-7.875098602687664595e-01
-7.924751057556472800e-01
-7.971435635856434221e-01
-8.015121981637504112e-01
-8.055805234716938434e-01
-8.093501664201110390e-01
-8.128245780997637171e-01
-8.160088897987873846e-01
-8.189097342496335363e-01
-8.215350790735593822e-01
-8.238941146966590745e-01
-8.259972192824527326e-01
-8.278559995654825032e-01
-8.294833885748984503e-01
-8.308937729239541659e-01
-8.321022540195519568e-01
-8.333781002926207160e-01
-8.349376816824193304e-01
-8.365860988639737261e-01
-8.366060388700592432e-01
-8.366259654741418084e-01
-8.366456950385182667e-01
-8.366650517629435901e-01
-8.366840745662162959e-01
-8.367028316283577904e-01
-8.367214113502722261e-01
-8.367393472104871499e-01
-8.367571343026445341e-01
-8.367750338977015812e-01
-8.367931007518422115e-01
-8.368114105178172668e-01
-8.368300287918506442e-01
-8.368490111167350420e-01
-8.368673929621636143e-01
-8.368855719561643092e-01
-8.369042733170887205e-01
-8.369235260267866572e-01
-8.369433497290673651e-01
-8.369637829214684466e-01
-8.369847992979402296e-01
-8.370063951661131929e-01
-8.370285603357350279e-01
-8.370512792305836447e-01
-8.370745317268715180e-01
-8.370982939423804448e-01
-8.371225389617080737e-01
-8.371472648371400815e-01
-8.371724120134252933e-01
-8.371979484531116844e-01
-8.372238409871318732e-01
-8.372500559146476284e-01
-8.372765593312370136e-01
-8.373045406384947986e-01
-8.373325752122614540e-01
-8.373606452221540319e-01
-8.373887393467041029e-01
-8.374168466260765165e-01
-8.374449564951095271e-01
-8.374730590290309085e-01
-8.375011451143998809e-01
-8.375292065118817852e-01
-8.375572359423330004e-01
-8.375852273154137384e-01
-8.376131754986990696e-01
-8.376410766099294802e-01
-8.376689280987043018e-01
-8.376967287581923438e-01
-8.377244789627602550e-01
-8.377521802700785836e-01
-8.377798358725432326e-01
-8.378074505242321113e-01
-8.378237436925215498e-01
-8.376924516186508018e-01
-8.374532000813847965e-01
-8.365987376464614211e-01
-8.349415699769181520e-01
-8.331370066573199340e-01
-8.310962725306652032e-01
-8.287989234311559095e-01
-8.262202295228194826e-01
-8.233627061899446709e-01
-8.201910440856315931e-01
-8.167177886677369214e-01
-8.128981966856511088e-01
-8.087557093126318541e-01
-8.042570827509157860e-01
-7.993408756533911808e-01
-7.940328988995913884e-01
-7.882736676938079112e-01
-7.820578485762639254e-01
-7.746172437618706885e-01
-7.652619154447155569e-01
-7.557893564286134458e-01
-7.462684568545286945e-01
-7.366268038515023653e-01
-7.267885454049451965e-01
-7.166749105550304089e-01
-7.062151956360412930e-01
-6.953132043187886246e-01
-6.838618215518385002e-01
-6.717770078467610873e-01
-6.590172659347413031e-01
-6.456459402987385632e-01
-6.322111583265891399e-01
-6.189645986644994879e-01
-6.060637932381987003e-01
-5.936424850320105584e-01
-5.818093494167182467e-01
-5.706492458852684413e-01
-5.602221242179549199e-01
-5.505656777470504526e-01
-5.417481984336736112e-01
-5.338392047921918238e-01
-5.268534094118759725e-01
-5.207518430086267580e-01
-5.154504075348754766e-01
-5.108382110233226081e-01
-5.073070099119305620e-01
-5.052102651813589196e-01
-5.043972628020998439e-01
-5.046902074915524672e-01
-5.059125219561299014e-01
-5.078994211106517831e-01
-5.105085559182198640e-01
-5.136226184820453788e-01
-5.170703491681966080e-01
-5.207405315169197912e-01
-5.245398823950805367e-01
-5.283905759648559464e-01
-5.322284371755781063e-01
-5.360012077103130101e-01
-5.396669527810469269e-01
-5.431926736671502942e-01
-5.465530898125656734e-01
-5.497295817397892526e-01
-5.527092697668766208e-01
-5.554842021472424785e-01
-5.580506314509695587e-01
-5.604083657974738841e-01
-5.625601844497640780e-01
-5.645113093588011166e-01
-5.662689346388762868e-01
-5.678418066045621826e-01
-5.692398683394284120e-01
-5.704738813153846788e-01
-5.715552053678664146e-01
-5.724955508570287455e-01
-5.733067993680206476e-01
-5.740008629064956569e-01
-5.745895749893494830e-01
-5.750846107447147304e-01
-5.754974330568718432e-01
-5.758392604802609060e-01
-5.761210559921046137e-01
-5.763524903788472820e-01
-5.765404620678531433e-01
-5.766948576184280917e-01
-5.768257364188453806e-01
-5.769432351598163811e-01
-5.770576752165055279e-01
-5.771796436176486189e-01
