1.711060671238887401e-02
1.714242684955549420e-02
1.719546041149985771e-02
1.726970739822197148e-02
1.736516780972183205e-02
1.748184164599943594e-02
1.761972890705478662e-02
1.777882959288788409e-02
1.795914370349872835e-02
1.816067123888731941e-02
1.838136150279302133e-02
1.861916379895519127e-02
1.887407812737383270e-02
1.914610448804894560e-02
1.943524288098052999e-02
1.974149330616858239e-02
2.006485576361310974e-02
2.040533025331410857e-02
2.076291677527157542e-02
2.113761532948551375e-02
2.152737521969528764e-02
2.193014574964025423e-02
2.234592691932042047e-02
2.277471872873577940e-02
2.321652117788633105e-02
2.367133426677208233e-02
2.413915799539302631e-02
2.461999236374916994e-02
2.511383737184050627e-02
2.562069301966703877e-02
2.613850861096812805e-02
2.666523344948313820e-02
2.720086753521206921e-02
2.774541086815492108e-02
2.829886344831169034e-02
2.886122527568238394e-02
2.943249635026699146e-02
3.001267667206552331e-02
3.060176624107797949e-02
3.119976505730434960e-02
3.180462242448400811e-02
3.241428764635630178e-02
3.302876072292125487e-02
3.364804165417883963e-02
3.427213044012907689e-02
3.490102708077195970e-02
3.553473157610748112e-02
3.617324392613564810e-02
3.681656413085646756e-02
3.746469219026993258e-02
3.811557740811540029e-02
3.876716908813223478e-02
3.941946723032044297e-02
4.007247183468001794e-02
4.072618290121096662e-02
4.138060042991328208e-02
4.203572442078697124e-02
4.269155487383202718e-02
4.334809178904844990e-02
4.400533516643624632e-02
4.466123430973477360e-02
4.531373852268339580e-02
4.596284780528211295e-02
4.660856215753092502e-02
4.725088157942983202e-02
4.788980607097882702e-02
4.852533563217792389e-02
4.915747026302712264e-02
4.978620996352640937e-02
5.041155473367578410e-02
5.103145387721462478e-02
5.164385669788228161e-02
5.224876319567875460e-02
5.284617337060404374e-02
5.343608722265816291e-02
5.401850475184109823e-02
5.459342595815284971e-02
5.516085084159341734e-02
5.572077940216281500e-02
5.627321163986101493e-02
5.681609685842740898e-02
5.734738436160134734e-02
5.786707414938283001e-02
5.837516622177185699e-02
5.887166057876841441e-02
5.935655722037253001e-02
5.982985614658417606e-02
6.029155735740338029e-02
6.074166085283011496e-02
6.118016663286440782e-02
6.160502400124559519e-02
6.201418226171305503e-02
6.240764141426678735e-02
6.278540145890679214e-02
6.314746239563305552e-02
6.349382422444559138e-02
6.382448694534439970e-02
6.413945055832948050e-02
6.443871506340081989e-02
6.472228046055843176e-02
6.498809605354168017e-02
6.523411114608991535e-02
6.546032573820313727e-02
6.566673982988135982e-02
6.585335342112458301e-02
6.602016651193279295e-02
6.616717910230598965e-02
6.629439119224418697e-02
6.640180278174738493e-02
6.648941387081556964e-02
6.655705828827629400e-02
6.660456986295712478e-02
6.663194859485806198e-02
6.663919448397909173e-02
6.662630753032021402e-02
6.659328773388145661e-02
6.654013509466279175e-02
6.646684961266421943e-02
6.637343128788575353e-02
6.625988012032739405e-02
6.612791446390486882e-02
6.597925267253393344e-02
6.581389474621458791e-02
6.563184068494683221e-02
6.543309048873066636e-02
6.521764415756609035e-02
6.498550169145309030e-02
6.473666309039169398e-02
6.447112835438187362e-02
6.418889748342365698e-02
6.389168883143275801e-02
6.358122075232494619e-02
6.325749324610020763e-02
6.292050631275855621e-02
6.257025995229996418e-02
6.220675416472445929e-02
6.182998895003202766e-02
6.143996430822268318e-02
6.103668023929639808e-02
6.062013674325320012e-02
6.019205217400883101e-02
5.975414488547901859e-02
5.930641487766376285e-02
5.884886215056309156e-02
5.838148670417697694e-02
5.790428853850541902e-02
5.741726765354844553e-02
5.692042404930602872e-02
5.641375772577816861e-02
5.589726868296487905e-02
5.537267527478190177e-02
5.484169585514497847e-02
5.430433042405410915e-02
5.376057898150929382e-02
5.321044152751053247e-02
5.265391806205782510e-02
5.209100858515117172e-02
5.152171309679057232e-02
5.094603159697602690e-02
5.036396408570753547e-02
4.977722891690085361e-02
4.918754444447170915e-02
4.859491066842010210e-02
4.799932758874603245e-02
4.740079520544951408e-02
4.679931351853054006e-02
4.619488252798910344e-02
4.558750223382521116e-02
4.497717263603887017e-02
4.436389373463006658e-02
4.374938388351454210e-02
4.313536143660805927e-02
4.252182639391060420e-02
4.190877875542217690e-02
4.129621852114279124e-02
4.068414569107242640e-02
4.007256026521109626e-02
3.946146224355880083e-02
3.885085162611552623e-02
3.824072841288129326e-02
3.763281095777183671e-02
3.702881761470289135e-02
3.642874838367447105e-02
3.583260326468656887e-02
3.524038225773919175e-02
3.465208536283232582e-02
3.406771257996597801e-02
3.348726390914015527e-02
3.291073935035485065e-02
3.233813890361007110e-02
3.177118092282155137e-02
3.121158376190504014e-02
3.065934742086053738e-02
3.011447189968804311e-02
2.957695719838755732e-02
2.904680331695908002e-02
2.852401025540260773e-02
2.800857801371814393e-02
2.750050659190569208e-02
2.699979598996524871e-02
2.650816456181255554e-02
2.602733066136335774e-02
2.555729428861765878e-02
2.509805544357545520e-02
2.464961412623675047e-02
2.421197033660153763e-02
2.378512407466982712e-02
2.336907534044161197e-02
2.296382413391689220e-02
2.256937045509566780e-02
2.218743265789368743e-02
2.181972909622669279e-02
2.146625977009468042e-02
2.112702467949765378e-02
2.080202382443561634e-02
2.049125720490856117e-02
2.019472482091649174e-02
1.991242667245940803e-02
1.964436275953730660e-02
1.939053308215019436e-02
1.914558644767103482e-02
1.890417166347279493e-02
1.866628872955547469e-02
1.843193764591907410e-02
1.820111841256359317e-02
1.797383102948903535e-02
1.775007549669539372e-02
1.752985181418267521e-02
1.731315998195087635e-02
1.710000000000000062e-02
1.710000000000000062e-02
1.710000000000000062e-02
1.710000000000000062e-02
1.710000000000000062e-02
1.710000000000000062e-02
1.710000000000000062e-02
1.710000000000000062e-02
1.710000000000000062e-02
1.710000000000000062e-02
1.710000000000000062e-02
1.710000000000000062e-02
1.710000000000000062e-02
1.710000000000000062e-02
1.710000000000000062e-02
1.710000000000000062e-02
1.710000000000000062e-02
1.710000000000000062e-02
1.710000000000000062e-02
1.710000000000000062e-02
1.710000000000000062e-02
1.710000000000000062e-02
1.710000000000000062e-02
1.710000000000000062e-02
1.710000000000000062e-02
1.710000000000000062e-02
1.710000000000000062e-02
1.710000000000000062e-02
1.710000000000000062e-02
1.710000000000000062e-02
1.710000000000000062e-02
1.710000000000000062e-02
1.710000000000000062e-02
1.710000000000000062e-02
1.710000000000000062e-02
1.710000000000000062e-02
1.710000000000000062e-02
1.710000000000000062e-02
1.710000000000000062e-02
1.710000000000000062e-02
1.710000000000000062e-02
1.710000000000000062e-02
1.710000000000000062e-02
1.710000000000000062e-02
1.710000000000000062e-02
1.710000000000000062e-02
1.710000000000000062e-02
1.710000000000000062e-02
1.710000000000000062e-02
1.710000000000000062e-02
1.710000000000000062e-02
1.710000000000000062e-02
1.710000000000000062e-02
1.710000000000000062e-02
1.710000000000000062e-02
1.710000000000000062e-02
1.710000000000000062e-02
1.710000000000000062e-02
1.710000000000000062e-02
1.710000000000000062e-02
1.710000000000000062e-02
1.710000000000000062e-02
1.710000000000000062e-02
1.710000000000000062e-02
1.710000000000000062e-02
1.710000000000000062e-02
1.710000000000000062e-02
1.710000000000000062e-02
1.710000000000000062e-02
1.710000000000000062e-02
1.710000000000000062e-02
1.710000000000000062e-02
1.710000000000000062e-02
1.710000000000000062e-02
1.710000000000000062e-02
1.710000000000000062e-02
1.710000000000000062e-02
1.710000000000000062e-02
1.710000000000000062e-02
1.710000000000000062e-02
1.710000000000000062e-02
1.710000000000000062e-02
1.710000000000000062e-02
1.710000000000000062e-02
1.710000000000000062e-02
1.710000000000000062e-02
1.710000000000000062e-02
1.710000000000000062e-02
1.710000000000000062e-02
1.710000000000000062e-02
1.710000000000000062e-02
1.710000000000000062e-02
1.710000000000000062e-02
1.710000000000000062e-02
1.710000000000000062e-02
1.710000000000000062e-02
1.710000000000000062e-02
1.710000000000000062e-02
1.710000000000000062e-02
1.710000000000000062e-02
1.710000000000000062e-02
1.710000000000000062e-02
1.710000000000000062e-02
1.710000000000000062e-02
1.710000000000000062e-02
1.710000000000000062e-02
1.710000000000000062e-02
1.710000000000000062e-02
1.710000000000000062e-02
1.710000000000000062e-02
1.710000000000000062e-02
1.710000000000000062e-02
1.710000000000000062e-02
1.710000000000000062e-02
1.710000000000000062e-02
1.710000000000000062e-02
1.710000000000000062e-02
1.710000000000000062e-02
1.710000000000000062e-02
1.710000000000000062e-02
1.710000000000000062e-02
1.710000000000000062e-02
1.710000000000000062e-02
1.710000000000000062e-02
1.710000000000000062e-02
1.710000000000000062e-02
1.710000000000000062e-02
1.710000000000000062e-02
1.710000000000000062e-02
1.710000000000000062e-02
1.710000000000000062e-02
1.710000000000000062e-02
1.710000000000000062e-02
1.710000000000000062e-02
1.710000000000000062e-02
1.710000000000000062e-02
1.710000000000000062e-02
1.710000000000000062e-02
1.710000000000000062e-02
1.710000000000000062e-02
1.710000000000000062e-02
1.710000000000000062e-02
1.710000000000000062e-02
1.710000000000000062e-02
1.710000000000000062e-02
1.710000000000000062e-02
1.710000000000000062e-02
1.710000000000000062e-02
1.710000000000000062e-02
1.710000000000000062e-02
1.710000000000000062e-02
1.710000000000000062e-02
1.710000000000000062e-02
1.710000000000000062e-02
1.710000000000000062e-02
1.710000000000000062e-02
1.710000000000000062e-02
1.710000000000000062e-02
1.710000000000000062e-02
1.710000000000000062e-02
1.710000000000000062e-02
1.710000000000000062e-02
1.710000000000000062e-02
1.710000000000000062e-02
1.710000000000000062e-02
1.710000000000000062e-02
1.710000000000000062e-02
1.710000000000000062e-02
1.710000000000000062e-02
1.710000000000000062e-02
1.710000000000000062e-02
1.710000000000000062e-02
1.710000000000000062e-02
1.710000000000000062e-02
1.710000000000000062e-02
1.710000000000000062e-02
1.710000000000000062e-02
1.710000000000000062e-02
1.710000000000000062e-02
1.710000000000000062e-02
1.710000000000000062e-02
1.710000000000000062e-02
1.710000000000000062e-02
1.710000000000000062e-02
1.710000000000000062e-02
1.710000000000000062e-02
1.710000000000000062e-02
1.710000000000000062e-02
1.710000000000000062e-02
1.710000000000000062e-02
1.710000000000000062e-02
1.710000000000000062e-02
1.710000000000000062e-02
1.710000000000000062e-02
1.710000000000000062e-02
1.710000000000000062e-02
1.710000000000000062e-02
1.710000000000000062e-02
1.710000000000000062e-02
1.710000000000000062e-02
1.710000000000000062e-02
1.710000000000000062e-02
1.710000000000000062e-02
1.710000000000000062e-02
1.710000000000000062e-02
1.710000000000000062e-02
1.710000000000000062e-02
1.710000000000000062e-02
1.710000000000000062e-02
1.710000000000000062e-02
1.710000000000000062e-02
1.710000000000000062e-02
1.710000000000000062e-02
1.710000000000000062e-02
1.710000000000000062e-02
1.710000000000000062e-02
1.710000000000000062e-02
1.710000000000000062e-02
1.710000000000000062e-02
1.710000000000000062e-02
1.710000000000000062e-02
1.710000000000000062e-02
1.710000000000000062e-02
1.710000000000000062e-02
1.710000000000000062e-02
1.710000000000000062e-02
1.710000000000000062e-02
1.710000000000000062e-02
1.710000000000000062e-02
1.710000000000000062e-02
1.710000000000000062e-02
1.711060671238887401e-02
1.714242684955549420e-02
1.719546041149985771e-02
1.726970739822197148e-02
1.736516780972183205e-02
1.748184164599943594e-02
1.761972890705478662e-02
1.777882959288788409e-02
1.795914370349872835e-02
1.816067123888731941e-02
1.838136150279302133e-02
1.861916379895519127e-02
1.887407812737383270e-02
1.914610448804894560e-02
1.943524288098052999e-02
1.974149330616858239e-02
2.006485576361310974e-02
2.040533025331410857e-02
2.076291677527157542e-02
2.113761532948551375e-02
2.152737521969528764e-02
2.193014574964025423e-02
2.234592691932042047e-02
2.277471872873577940e-02
2.321652117788633105e-02
2.367133426677208233e-02
2.413915799539302631e-02
2.461999236374916994e-02
2.511383737184050627e-02
2.562069301966703877e-02
2.613850861096812805e-02
2.666523344948313820e-02
2.720086753521206921e-02
2.774541086815492108e-02
2.829886344831169034e-02
2.886122527568238394e-02
2.943249635026699146e-02
3.001267667206552331e-02
3.060176624107797949e-02
3.119976505730434960e-02
3.180462242448400811e-02
3.241428764635630178e-02
3.302876072292125487e-02
3.364804165417883963e-02
3.427213044012907689e-02
3.490102708077195970e-02
3.553473157610748112e-02
3.617324392613564810e-02
3.681656413085646756e-02
3.746469219026993258e-02
3.811557740811540029e-02
3.876716908813223478e-02
3.941946723032044297e-02
4.007247183468001794e-02
4.072618290121096662e-02
4.138060042991328208e-02
4.203572442078697124e-02
4.269155487383202718e-02
4.334809178904844990e-02
4.400533516643624632e-02
4.466123430973477360e-02
4.531373852268339580e-02
4.596284780528211295e-02
4.660856215753092502e-02
4.725088157942983202e-02
4.788980607097882702e-02
4.852533563217792389e-02
4.915747026302712264e-02
4.978620996352640937e-02
5.041155473367578410e-02
5.103145387721462478e-02
5.164385669788228161e-02
5.224876319567875460e-02
5.284617337060404374e-02
5.343608722265816291e-02
5.401850475184109823e-02
5.459342595815284971e-02
5.516085084159341734e-02
5.572077940216281500e-02
5.627321163986101493e-02
5.681609685842740898e-02
5.734738436160134734e-02
5.786707414938283001e-02
5.837516622177185699e-02
5.887166057876841441e-02
5.935655722037253001e-02
5.982985614658417606e-02
6.029155735740338029e-02
6.074166085283011496e-02
6.118016663286440782e-02
6.160502400124559519e-02
6.201418226171305503e-02
6.240764141426678735e-02
6.278540145890679214e-02
6.314746239563305552e-02
6.349382422444559138e-02
6.382448694534439970e-02
6.413945055832948050e-02
6.443871506340081989e-02
6.472228046055843176e-02
6.498809605354168017e-02
6.523411114608991535e-02
6.546032573820313727e-02
6.566673982988135982e-02
6.585335342112458301e-02
6.602016651193279295e-02
6.616717910230598965e-02
6.629439119224418697e-02
6.640180278174738493e-02
6.648941387081556964e-02
6.655705828827629400e-02
6.660456986295712478e-02
6.663194859485806198e-02
6.663919448397909173e-02
6.662630753032021402e-02
6.659328773388145661e-02
6.654013509466279175e-02
6.646684961266421943e-02
6.637343128788575353e-02
6.625988012032739405e-02
6.612791446390486882e-02
6.597925267253393344e-02
6.581389474621458791e-02
6.563184068494683221e-02
6.543309048873066636e-02
6.521764415756609035e-02
6.498550169145309030e-02
6.473666309039169398e-02
6.447112835438187362e-02
6.418889748342365698e-02
6.389168883143275801e-02
6.358122075232494619e-02
6.325749324610020763e-02
6.292050631275855621e-02
6.257025995229996418e-02
6.220675416472445929e-02
6.182998895003202766e-02
6.143996430822268318e-02
6.103668023929639808e-02
6.062013674325320012e-02
6.019205217400883101e-02
5.975414488547901859e-02
5.930641487766376285e-02
5.884886215056309156e-02
5.838148670417697694e-02
5.790428853850541902e-02
5.741726765354844553e-02
5.692042404930602872e-02
5.641375772577816861e-02
5.589726868296487905e-02
5.537267527478190177e-02
5.484169585514497847e-02
5.430433042405410915e-02
5.376057898150929382e-02
5.321044152751053247e-02
5.265391806205782510e-02
5.209100858515117172e-02
5.152171309679057232e-02
5.094603159697602690e-02
5.036396408570753547e-02
4.977722891690085361e-02
4.918754444447170915e-02
4.859491066842010210e-02
4.799932758874603245e-02
4.740079520544951408e-02
4.679931351853054006e-02
4.619488252798910344e-02
4.558750223382521116e-02
4.497717263603887017e-02
4.436389373463006658e-02
4.374938388351454210e-02
4.313536143660805927e-02
4.252182639391060420e-02
4.190877875542217690e-02
4.129621852114279124e-02
4.068414569107242640e-02
4.007256026521109626e-02
3.946146224355880083e-02
3.885085162611552623e-02
3.824072841288129326e-02
3.763281095777183671e-02
3.702881761470289135e-02
3.642874838367447105e-02
3.583260326468656887e-02
3.524038225773919175e-02
3.465208536283232582e-02
3.406771257996597801e-02
3.348726390914015527e-02
3.291073935035485065e-02
3.233813890361007110e-02
3.177118092282155137e-02
3.121158376190504014e-02
3.065934742086053738e-02
3.011447189968804311e-02
2.957695719838755732e-02
2.904680331695908002e-02
2.852401025540260773e-02
2.800857801371814393e-02
2.750050659190569208e-02
2.699979598996524871e-02
2.650816456181255554e-02
2.602733066136335774e-02
2.555729428861765878e-02
2.509805544357545520e-02
2.464961412623675047e-02
2.421197033660153763e-02
2.378512407466982712e-02
2.336907534044161197e-02
2.296382413391689220e-02
2.256937045509566780e-02
2.218743265789368743e-02
2.181972909622669279e-02
2.146625977009468042e-02
2.112702467949765378e-02
2.080202382443561634e-02
2.049125720490856117e-02
2.019472482091649174e-02
1.991242667245940803e-02
1.964436275953730660e-02
1.939053308215019436e-02
1.914558644767103482e-02
1.890417166347279493e-02
1.866628872955547469e-02
1.843193764591907410e-02
1.820111841256359317e-02
1.797383102948903535e-02
1.775007549669539372e-02
1.752985181418267521e-02
1.731315998195087635e-02
1.710000000000000062e-02
1.710000000000000062e-02
1.710000000000000062e-02
1.710000000000000062e-02
1.710000000000000062e-02
1.710000000000000062e-02
1.710000000000000062e-02
1.710000000000000062e-02
1.710000000000000062e-02
1.710000000000000062e-02
1.710000000000000062e-02
1.710000000000000062e-02
1.710000000000000062e-02
1.710000000000000062e-02
1.710000000000000062e-02
1.710000000000000062e-02
1.710000000000000062e-02
1.710000000000000062e-02
1.710000000000000062e-02
1.710000000000000062e-02
1.710000000000000062e-02
1.710000000000000062e-02
1.710000000000000062e-02
1.710000000000000062e-02
1.710000000000000062e-02
1.710000000000000062e-02
1.710000000000000062e-02
1.710000000000000062e-02
1.710000000000000062e-02
1.710000000000000062e-02
1.710000000000000062e-02
1.710000000000000062e-02
1.710000000000000062e-02
1.710000000000000062e-02
1.710000000000000062e-02
1.710000000000000062e-02
1.710000000000000062e-02
1.710000000000000062e-02
1.710000000000000062e-02
1.710000000000000062e-02
1.710000000000000062e-02
1.710000000000000062e-02
1.710000000000000062e-02
1.710000000000000062e-02
1.710000000000000062e-02
1.710000000000000062e-02
1.710000000000000062e-02
1.710000000000000062e-02
1.710000000000000062e-02
1.710000000000000062e-02
1.710000000000000062e-02
1.710000000000000062e-02
1.710000000000000062e-02
1.710000000000000062e-02
1.710000000000000062e-02
1.710000000000000062e-02
1.710000000000000062e-02
1.710000000000000062e-02
1.710000000000000062e-02
1.710000000000000062e-02
1.710000000000000062e-02
1.710000000000000062e-02
1.710000000000000062e-02
1.710000000000000062e-02
1.710000000000000062e-02
1.710000000000000062e-02
1.710000000000000062e-02
1.710000000000000062e-02
1.710000000000000062e-02
1.710000000000000062e-02
1.710000000000000062e-02
1.710000000000000062e-02
1.710000000000000062e-02
1.710000000000000062e-02
1.710000000000000062e-02
1.710000000000000062e-02
1.710000000000000062e-02
1.710000000000000062e-02
1.710000000000000062e-02
1.710000000000000062e-02
1.710000000000000062e-02
1.710000000000000062e-02
1.710000000000000062e-02
1.710000000000000062e-02
1.710000000000000062e-02
1.710000000000000062e-02
1.710000000000000062e-02
1.710000000000000062e-02
1.710000000000000062e-02
1.710000000000000062e-02
1.710000000000000062e-02
1.710000000000000062e-02
1.710000000000000062e-02
1.710000000000000062e-02
1.710000000000000062e-02
1.710000000000000062e-02
1.710000000000000062e-02
1.710000000000000062e-02
1.710000000000000062e-02
1.710000000000000062e-02
1.710000000000000062e-02
1.712368744342736282e-02
1.719474977370944596e-02
1.731318699084625004e-02
1.747899909483777853e-02
1.769218608568402795e-02
1.795274796338500178e-02
1.826068472794069655e-02
1.861599637935111573e-02
1.901868291761625585e-02
1.946874434273611690e-02
1.995053829295823436e-02
2.044842240653014023e-02
2.096239668345183799e-02
2.149246112372332068e-02
2.203861572734459526e-02
2.260086049431565824e-02
2.317919542463651311e-02
2.377362051830715639e-02
2.438413577532758808e-02
2.501074119569780818e-02
2.565038602409296792e-02
2.630001950518821158e-02
2.695964163898353916e-02
2.762925242547895413e-02
2.830885186467445302e-02
2.899843995657003931e-02
2.969801670116571299e-02
3.040758209846147059e-02
3.112713614845731558e-02
3.185667885115324449e-02
3.259315945122440161e-02
3.333352719334595204e-02
3.407778207751787497e-02
3.482592410374017733e-02
3.557795327201286606e-02
3.633386958233593422e-02
3.709367303470938876e-02
3.785736362913322273e-02
3.862494136560742919e-02
3.939640624413202896e-02
4.016870750938214552e-02
4.093879440603294395e-02
4.170666693408442427e-02
4.247232509353657953e-02
4.323576888438940974e-02
4.399699830664291489e-02
4.475601336029710192e-02
4.551281404535196390e-02
4.626740036180750082e-02
4.701977230966371268e-02
4.776687913359575766e-02
4.850567007827877308e-02
4.923614514371275896e-02
4.995830432989771530e-02
5.067214763683364209e-02
5.137767506452055322e-02
5.207488661295842092e-02
5.276378228214727295e-02
5.344436207208709544e-02
5.411662598277790226e-02
5.477773885493961159e-02
5.542486552929216936e-02
5.605800600583557558e-02
5.667716028456983024e-02
5.728232836549493334e-02
5.787351024861088489e-02
5.845070593391768488e-02
5.901391542141534718e-02
5.956313871110384406e-02
6.009837580298320325e-02
6.061559877832183030e-02
6.111077971838818623e-02
6.158391862318225718e-02
6.203501549270404314e-02
6.246407032695355799e-02
6.287108312593077397e-02
6.325605388963571885e-02
6.361898261806837873e-02
6.395986931122875363e-02
6.427871396911684354e-02
6.457148867300108175e-02
6.483416550414991542e-02
6.506674446256333066e-02
6.526922554824132749e-02
6.544160876118391978e-02
6.558389410139109366e-02
6.569608156886284911e-02
6.577817116359920002e-02
6.583016288560013252e-02
6.585205673486564659e-02
6.584367646940457452e-02
6.580484584722573471e-02
6.573556486832912715e-02
6.563583353271476573e-02
6.550565184038262267e-02
6.534501979133272576e-02
6.515393738556506109e-02
6.493240462307962868e-02
6.468042150387642852e-02
6.439798802795546062e-02
6.408877963006595624e-02
6.375647174495710501e-02
6.340106437262892081e-02
6.302255751308138976e-02
6.262095116631453962e-02
6.219624533232834263e-02
6.174844001112281267e-02
6.127753520269793586e-02
6.078353090705373996e-02
6.026642712419019721e-02
5.973301098286037947e-02
5.919006961181737247e-02
5.863760301106114847e-02
5.807561118059173522e-02
5.750409412040910495e-02
5.692305183051328543e-02
5.633248431090424890e-02
5.573239156158202312e-02
5.512277358254658033e-02
5.450363037379794828e-02
5.387713372847777182e-02
5.324545543972775130e-02
5.260859550754787284e-02
5.196655393193815031e-02
5.131933071289855597e-02
5.066692585042911756e-02
5.000933934452982121e-02
4.934657119520066693e-02
4.867862140244166858e-02
4.800548996625279841e-02
4.732934867977575677e-02
4.665236933615220932e-02
4.597455193538214913e-02
4.529589647746559006e-02
4.461640296240251824e-02
4.393607139019294061e-02
4.325490176083685717e-02
4.257289407433426098e-02
4.189004833068516592e-02
4.120636452988955811e-02
4.052401446508912403e-02
3.984516992942552238e-02
3.916983092289877399e-02
3.849799744550885805e-02
3.782966949725578149e-02
3.716484707813955124e-02
3.650353018816016037e-02
3.584571882731760195e-02
3.519141299561189679e-02
3.454061269304302406e-02
3.389548971275267719e-02
3.325821584788250795e-02
3.262879109843253023e-02
3.200721546440274401e-02
3.139348894579314930e-02
3.078761154260373917e-02
3.018958325483452054e-02
2.959940408248548996e-02
2.901707402555665088e-02
2.844259308404799638e-02
2.787813305110120599e-02
2.732586571985795576e-02
2.678579109031823877e-02
2.625790916248205847e-02
2.574221993634941835e-02
2.523872341192031493e-02
2.474741958919474474e-02
2.426830846817271473e-02
2.380139004885422141e-02
2.334666433123926479e-02
2.290630310846952095e-02
2.248247817368665899e-02
2.207518952689068586e-02
2.168443716808159463e-02
2.131022109725938876e-02
2.095254131442406825e-02
2.061139781957563311e-02
2.028679061271407985e-02
1.997871969383941543e-02
1.968718506295163290e-02
1.940637337411721397e-02
1.913047128140262648e-02
1.885947878480787737e-02
1.859339588433295970e-02
1.833222257997788041e-02
1.807595887174263602e-02
1.782460475962722307e-02
1.757816024363164850e-02
1.733662532375590884e-02
1.710000000000000062e-02
1.710000000000000062e-02
1.710000000000000062e-02
1.710000000000000062e-02
1.710000000000000062e-02
1.710000000000000062e-02
1.710000000000000062e-02
1.710000000000000062e-02
1.710000000000000062e-02
1.710000000000000062e-02
1.710000000000000062e-02
1.710000000000000062e-02
1.710000000000000062e-02
1.710000000000000062e-02
1.710000000000000062e-02
1.710000000000000062e-02
1.710000000000000062e-02
1.710000000000000062e-02
1.710000000000000062e-02
1.710000000000000062e-02
1.710000000000000062e-02
1.710000000000000062e-02
1.710000000000000062e-02
1.710000000000000062e-02
1.710000000000000062e-02
1.710000000000000062e-02
1.710000000000000062e-02
1.710000000000000062e-02
1.710000000000000062e-02
1.710000000000000062e-02
1.710000000000000062e-02
1.710000000000000062e-02
1.710000000000000062e-02
1.710000000000000062e-02
1.710000000000000062e-02
1.710000000000000062e-02
1.710000000000000062e-02
1.710000000000000062e-02
1.710000000000000062e-02
1.710000000000000062e-02
1.710000000000000062e-02
1.710000000000000062e-02
1.710000000000000062e-02
1.710000000000000062e-02
1.710000000000000062e-02
1.710000000000000062e-02
1.710000000000000062e-02
1.710000000000000062e-02
1.710000000000000062e-02
1.710000000000000062e-02
1.710000000000000062e-02
1.710000000000000062e-02
1.710000000000000062e-02
1.710000000000000062e-02
1.710000000000000062e-02
1.710000000000000062e-02
1.710000000000000062e-02
1.710000000000000062e-02
1.710000000000000062e-02
1.710000000000000062e-02
1.710000000000000062e-02
1.710000000000000062e-02
1.710000000000000062e-02
1.710000000000000062e-02
1.710000000000000062e-02
1.710000000000000062e-02
1.710000000000000062e-02
1.710000000000000062e-02
1.710000000000000062e-02
1.710000000000000062e-02
1.710000000000000062e-02
1.710000000000000062e-02
1.710000000000000062e-02
1.710000000000000062e-02
1.710000000000000062e-02
1.710000000000000062e-02
1.710000000000000062e-02
1.710000000000000062e-02
1.710000000000000062e-02
1.710000000000000062e-02
1.710000000000000062e-02
1.710000000000000062e-02
1.710000000000000062e-02
1.710000000000000062e-02
1.710000000000000062e-02
1.710000000000000062e-02
1.710000000000000062e-02
1.710000000000000062e-02
1.710000000000000062e-02
1.710000000000000062e-02
1.710000000000000062e-02
1.710000000000000062e-02
1.710000000000000062e-02
1.710000000000000062e-02
1.710000000000000062e-02
1.710000000000000062e-02
1.710000000000000062e-02
1.710000000000000062e-02
1.710000000000000062e-02
1.710000000000000062e-02
1.710000000000000062e-02
1.710000000000000062e-02
1.710000000000000062e-02
1.710000000000000062e-02
1.710000000000000062e-02
1.710000000000000062e-02
1.710000000000000062e-02
1.710000000000000062e-02
1.710000000000000062e-02
1.710000000000000062e-02
1.710000000000000062e-02
1.710000000000000062e-02
1.710000000000000062e-02
1.710000000000000062e-02
1.710000000000000062e-02
1.710000000000000062e-02
1.710000000000000062e-02
1.710000000000000062e-02
1.710000000000000062e-02
1.710000000000000062e-02
1.710000000000000062e-02
1.710000000000000062e-02
1.710000000000000062e-02
1.710000000000000062e-02
1.710000000000000062e-02
1.710000000000000062e-02
1.710000000000000062e-02
1.710000000000000062e-02
1.710000000000000062e-02
1.710000000000000062e-02
1.710000000000000062e-02
1.710000000000000062e-02
1.710000000000000062e-02
1.710000000000000062e-02
1.710000000000000062e-02
1.710000000000000062e-02
1.710000000000000062e-02
1.710000000000000062e-02
1.710000000000000062e-02
1.710000000000000062e-02
1.710000000000000062e-02
1.710000000000000062e-02
1.710000000000000062e-02
1.710000000000000062e-02
1.710000000000000062e-02
1.710000000000000062e-02
1.710000000000000062e-02
1.710000000000000062e-02
1.710000000000000062e-02
1.710000000000000062e-02
1.710000000000000062e-02
1.710000000000000062e-02
1.710000000000000062e-02
1.710000000000000062e-02
1.710000000000000062e-02
1.710000000000000062e-02
1.710000000000000062e-02
1.710000000000000062e-02
1.710000000000000062e-02
1.710000000000000062e-02
1.710000000000000062e-02
1.710000000000000062e-02
1.710000000000000062e-02
1.710000000000000062e-02
1.710000000000000062e-02
1.710000000000000062e-02
1.710000000000000062e-02
1.710000000000000062e-02
1.710000000000000062e-02
1.710000000000000062e-02
1.710000000000000062e-02
1.710000000000000062e-02
1.710000000000000062e-02
1.710000000000000062e-02
1.710000000000000062e-02
1.710000000000000062e-02
1.710000000000000062e-02
1.710000000000000062e-02
1.710000000000000062e-02
1.710000000000000062e-02
1.710000000000000062e-02
1.710000000000000062e-02
1.710000000000000062e-02
1.710000000000000062e-02
1.710000000000000062e-02
1.710000000000000062e-02
1.710000000000000062e-02
1.710000000000000062e-02
1.710000000000000062e-02
1.710000000000000062e-02
1.710000000000000062e-02
1.710000000000000062e-02
1.710000000000000062e-02
1.710000000000000062e-02
1.710000000000000062e-02
1.710000000000000062e-02
1.710000000000000062e-02
1.710000000000000062e-02
1.710000000000000062e-02
1.710000000000000062e-02
1.710000000000000062e-02
1.710000000000000062e-02
1.710000000000000062e-02
1.710000000000000062e-02
1.710000000000000062e-02
1.710000000000000062e-02
1.710000000000000062e-02
1.710000000000000062e-02
1.710000000000000062e-02
1.710000000000000062e-02
1.710000000000000062e-02
1.710000000000000062e-02
1.710000000000000062e-02
1.710000000000000062e-02
1.710000000000000062e-02
1.710000000000000062e-02
1.710000000000000062e-02
1.710000000000000062e-02
1.710000000000000062e-02
1.710000000000000062e-02
1.710000000000000062e-02
1.710000000000000062e-02
1.710000000000000062e-02
1.710000000000000062e-02
1.710000000000000062e-02
1.710000000000000062e-02
1.710000000000000062e-02
1.710000000000000062e-02
1.710000000000000062e-02
1.710000000000000062e-02
1.710000000000000062e-02
1.711060671238887401e-02
1.714242684955549420e-02
1.719546041149985771e-02
1.726970739822197148e-02
1.736516780972183205e-02
1.748184164599943594e-02
1.761972890705478662e-02
1.777882959288788409e-02
1.795914370349872835e-02
1.816067123888731941e-02
1.838136150279302133e-02
1.861916379895519127e-02
1.887407812737383270e-02
1.914610448804894560e-02
1.943524288098052999e-02
1.974149330616858239e-02
2.006485576361310974e-02
2.040533025331410857e-02
2.076291677527157542e-02
2.113761532948551375e-02
2.152737521969528764e-02
2.193014574964025423e-02
2.234592691932042047e-02
2.277471872873577940e-02
2.321652117788633105e-02
2.367133426677208233e-02
2.413915799539302631e-02
2.461999236374916994e-02
2.511383737184050627e-02
2.562069301966703877e-02
2.613850861096812805e-02
2.666523344948313820e-02
2.720086753521206921e-02
2.774541086815492108e-02
2.829886344831169034e-02
2.886122527568238394e-02
2.943249635026699146e-02
3.001267667206552331e-02
3.060176624107797949e-02
3.119976505730434960e-02
3.180462242448400811e-02
3.241428764635630178e-02
3.302876072292125487e-02
3.364804165417883963e-02
3.427213044012907689e-02
3.490102708077195970e-02
3.553473157610748112e-02
3.617324392613564810e-02
3.681656413085646756e-02
3.746469219026993258e-02
3.811557740811540029e-02
3.876716908813223478e-02
3.941946723032044297e-02
4.007247183468001794e-02
4.072618290121096662e-02
4.138060042991328208e-02
4.203572442078697124e-02
4.269155487383202718e-02
4.334809178904844990e-02
4.400533516643624632e-02
4.466123430973477360e-02
4.531373852268339580e-02
4.596284780528211295e-02
4.660856215753092502e-02
4.725088157942983202e-02
4.788980607097882702e-02
4.852533563217792389e-02
4.915747026302712264e-02
4.978620996352640937e-02
5.041155473367578410e-02
5.103145387721462478e-02
5.164385669788228161e-02
5.224876319567875460e-02
5.284617337060404374e-02
5.343608722265816291e-02
5.401850475184109823e-02
5.459342595815284971e-02
5.516085084159341734e-02
5.572077940216281500e-02
5.627321163986101493e-02
5.681609685842740898e-02
5.734738436160134734e-02
5.786707414938283001e-02
5.837516622177185699e-02
5.887166057876841441e-02
5.935655722037253001e-02
5.982985614658417606e-02
6.029155735740338029e-02
6.074166085283011496e-02
6.118016663286440782e-02
6.160502400124559519e-02
6.201418226171305503e-02
6.240764141426678735e-02
6.278540145890679214e-02
6.314746239563305552e-02
6.349382422444559138e-02
6.382448694534439970e-02
6.413945055832948050e-02
6.443871506340081989e-02
6.472228046055843176e-02
6.498809605354168017e-02
6.523411114608991535e-02
6.546032573820313727e-02
6.566673982988135982e-02
6.585335342112458301e-02
6.602016651193279295e-02
6.616717910230598965e-02
6.629439119224418697e-02
6.640180278174738493e-02
6.648941387081556964e-02
6.655705828827629400e-02
6.660456986295712478e-02
6.663194859485806198e-02
6.663919448397909173e-02
6.662630753032021402e-02
6.659328773388145661e-02
6.654013509466279175e-02
6.646684961266421943e-02
6.637343128788575353e-02
6.625988012032739405e-02
6.612791446390486882e-02
6.597925267253393344e-02
6.581389474621458791e-02
6.563184068494683221e-02
6.543309048873066636e-02
6.521764415756609035e-02
6.498550169145309030e-02
6.473666309039169398e-02
6.447112835438187362e-02
6.418889748342365698e-02
6.389168883143275801e-02
6.358122075232494619e-02
6.325749324610020763e-02
6.292050631275855621e-02
6.257025995229996418e-02
6.220675416472445929e-02
6.182998895003202766e-02
6.143996430822268318e-02
6.103668023929639808e-02
6.062013674325320012e-02
6.019205217400883101e-02
5.975414488547901859e-02
5.930641487766376285e-02
5.884886215056309156e-02
5.838148670417697694e-02
5.790428853850541902e-02
5.741726765354844553e-02
5.692042404930602872e-02
5.641375772577816861e-02
5.589726868296487905e-02
5.537267527478190177e-02
5.484169585514497847e-02
5.430433042405410915e-02
5.376057898150929382e-02
5.321044152751053247e-02
5.265391806205782510e-02
5.209100858515117172e-02
5.152171309679057232e-02
5.094603159697602690e-02
5.036396408570753547e-02
4.977722891690085361e-02
4.918754444447170915e-02
4.859491066842010210e-02
4.799932758874603245e-02
4.740079520544951408e-02
4.679931351853054006e-02
4.619488252798910344e-02
4.558750223382521116e-02
4.497717263603887017e-02
4.436389373463006658e-02
4.374938388351454210e-02
4.313536143660805927e-02
4.252182639391060420e-02
4.190877875542217690e-02
4.129621852114279124e-02
4.068414569107242640e-02
4.007256026521109626e-02
3.946146224355880083e-02
3.885085162611552623e-02
3.824072841288129326e-02
3.763281095777183671e-02
3.702881761470289135e-02
3.642874838367447105e-02
3.583260326468656887e-02
3.524038225773919175e-02
3.465208536283232582e-02
3.406771257996597801e-02
3.348726390914015527e-02
3.291073935035485065e-02
3.233813890361007110e-02
