-4.953912038019499634e-08
-3.912941968204557857e-07
-1.297693677441461839e-06
-3.014473049579939387e-06
-5.756030126624089475e-06
-9.704279079523975019e-06
-1.501151290883210145e-05
-2.181901433536319399e-05
-3.026187700536324608e-05
-4.046911834086452101e-05
-5.256380271716639644e-05
-6.666318301688968365e-05
-8.287884596031635316e-05
-1.013168614629346008e-04
-1.220779373712243458e-04
-1.452575801535951222e-04
-1.709462508846021009e-04
-1.992295262621480490e-04
-2.301882619665476695e-04
-2.638987566623925054e-04
-3.004329202637652020e-04
-3.398584407310785427e-04
-3.822389500635663606e-04
-4.276341898782265102e-04
-4.761001765457217524e-04
-5.276893659744367592e-04
-5.824508157764539656e-04
-6.404303460983104849e-04
-7.016706993908149517e-04
-7.662116993199585358e-04
-8.340904043524186321e-04
-9.053412603726771314e-04
-9.799962523044996807e-04
-1.058085049999073733e-03
-1.139635151754454226e-03
-1.224672025317456898e-03
-1.313219246333531716e-03
-1.405298634685225303e-03
-1.500930383152269823e-03
-1.600133183682304720e-03
-1.702924350442680708e-03
-1.809319939532203544e-03
-1.919334865868544369e-03
-2.032983011635133754e-03
-2.150277331739707670e-03
-2.271229955433566074e-03
-2.395852283282312069e-03
-2.524155079375719687e-03
-2.656148559362848244e-03
-2.791842474849302348e-03
-2.931246188477320755e-03
-3.074368745315547193e-03
-3.221218939694346292e-03
-3.371805376682015729e-03
-3.526136528115033503e-03
-3.684220783098874144e-03
-3.846066492901843020e-03
-4.011682010167761520e-03
-4.181075722377473186e-03
-4.354256079492711817e-03
-4.531231615723097655e-03
-4.712010965359152842e-03
-4.896602872620874763e-03
-5.085016195473635037e-03
-5.277259903372886335e-03
-5.473343068899773345e-03
-5.673274853259260841e-03
-5.877064485615694778e-03
-6.084721236248417930e-03
-6.296254383509204688e-03
-6.511673174574891809e-03
-6.730986779999587055e-03
-6.954204242073831754e-03
-7.181334417001902781e-03
-7.412385910918029008e-03
-7.647367009767161439e-03
-7.886285603085962936e-03
-8.129149101725033355e-03
-8.375964349562392552e-03
-8.626737529265654514e-03
-8.881474062164579353e-03
-9.140178502313911491e-03
-9.402854424820389356e-03
-9.669504308527920866e-03
-9.940129413160248006e-03
-1.021472965102376840e-02
-1.049330345339061221e-02
-1.077584763169148196e-02
-1.106235723364981660e-02
-1.135282539328513751e-02
-1.164724317391163666e-02
-1.194559941422371208e-02
-1.224788056713993489e-02
-1.255407053314389065e-02
-1.286415048968281294e-02
-1.317809871687875001e-02
-1.349589041983167981e-02
-1.381749754632932703e-02
-1.414288859907281148e-02
-1.447202845497852497e-02
-1.480487817898334946e-02
-1.514139483478194048e-02
-1.548153129469748146e-02
-1.582523604761049141e-02
-1.617245300451236600e-02
-1.652312131623528968e-02
-1.687717518931974858e-02
-1.723454370143290282e-02
-1.759515060235283812e-02
-1.795891410576322400e-02
-1.832574678381215794e-02
-1.869555542905543266e-02
-1.906824090322900567e-02
-1.944369799292067214e-02
-1.982181531810123243e-02
-2.020247524152785079e-02
-2.058555379664117613e-02
-2.097092063692040931e-02
-2.135843902202771982e-02
-2.174796583699906138e-02
-2.213935161479374525e-02
-2.253244060938869309e-02
-2.292707092747398034e-02
-2.332307469577105108e-02
-2.372027826829642416e-02
-2.411850247396007951e-02
-2.451756294935528158e-02
-2.491727067409110763e-02
-2.531743254709797886e-02
-2.571785175933412326e-02
-2.611832810117525536e-02
-2.651865832122531075e-02
-2.691863658992366126e-02
-2.731805502416739806e-02
-2.771670422401406597e-02
-2.811437381700870874e-02
-2.851085300619327079e-02
-2.890593111675410221e-02
-2.929939813642024049e-02
-2.969104523116128380e-02
-3.008066524086550064e-02
-3.046805316416478782e-02
-3.085300661181844539e-02
-3.123532622814395587e-02
-3.161481608051286418e-02
-3.199128401571760261e-02
-3.236454198270743987e-02
-3.273440632181134902e-02
-3.310069802109183446e-02
-3.346324294093860896e-02
-3.382187200886188627e-02
-3.417642138665399898e-02
-3.452673260777094910e-02
-3.487265269141737178e-02
-3.521403423438040914e-02
-3.555073548189668919e-02
-3.588262038355427563e-02
-3.620955863223285220e-02
-3.653142568881639907e-02
-3.684810279514538767e-02
-3.715947697709365283e-02
-3.746544103948656890e-02
-3.776589355448711771e-02
-3.806073884492111592e-02
-3.834988696386942841e-02
-3.863325367176706493e-02
-3.891076041205832059e-02
-3.918233428639816829e-02
-3.944790803021547276e-02
-3.970741998937910022e-02
-3.996081409859697509e-02
-4.020803986205745417e-02
-4.044905233676021616e-02
-4.068381211889615656e-02
-4.091228533353519214e-02
-4.113444362784601793e-02
-4.135026416798792681e-02
-4.155972963977738743e-02
-4.176282825313681890e-02
-4.195955375036758417e-02
-4.214990541818952607e-02
-4.233388810347515907e-02
-4.251151223257138012e-02
-4.268279383411149874e-02
-4.284775456516684566e-02
-4.300642174057545120e-02
-4.315882836530321454e-02
-4.330501316964330272e-02
-4.344502064708578859e-02
-4.357890109470052842e-02
-4.370671065582867887e-02
-4.382851136488191690e-02
-4.394437119413621695e-02
-4.405436410228705246e-02
-4.415857008465798317e-02
-4.425707522487615231e-02
-4.434997174785373919e-02
-4.443735807399126769e-02
-4.451933887440490123e-02
-4.459602512710782174e-02
-4.466753417400087800e-02
-4.473398977859920078e-02
-4.479552218436141930e-02
-4.485226817358817231e-02
-4.490437112677166109e-02
-4.495198108235086421e-02
-4.499525479680320517e-02
-4.503435580090731083e-02
-4.506945444941598544e-02
-4.510072799685499456e-02
-4.512836066294184656e-02
-4.515254369374921417e-02
-4.517347542300931273e-02
-4.519136133349821449e-02
-4.520641411848808078e-02
-4.521885374325457230e-02
-4.522890750664099180e-02
-4.523681010266344948e-02
-4.524280368214750325e-02
-4.524713791438250698e-02
-4.525007004884859518e-02
-4.525186497690558696e-02
-4.525279529352924102e-02
-4.525314135897581802e-02
-4.525319136037486700e-02
-4.525319136037486700e-02
-4.518871526567815045e-02
-4.517223555975719007e-02
-4.515583466753114728e-02
-4.513953886857594022e-02
-4.512333805586257740e-02
-4.510722111213946728e-02
-4.509117920803698554e-02
-4.507520377824809910e-02
-4.505928793372182550e-02
-4.504342570345037933e-02
-4.502761199309017470e-02
-4.501184250291256905e-02
-4.499611970826758456e-02
-4.498044775562028141e-02
-4.496482729100328979e-02
-4.494925877274348613e-02
-4.493374253632623216e-02
-4.491827883598012439e-02
-4.490286787990606376e-02
-4.488751036948189499e-02
-4.487220598484406575e-02
-4.485695559004686250e-02
-4.484175865596790045e-02
-4.482661564720055725e-02
-4.481152696701985738e-02
-4.479649309641484112e-02
-4.478151460068158229e-02
-4.476659213438329010e-02
-4.475172644494460061e-02
-4.473691897214021607e-02
-4.472217084284048350e-02
-4.470748201228777474e-02
-4.469285382470236656e-02
-4.467828751449745561e-02
-4.466378441250562492e-02
-4.464934660905588160e-02
-4.463497580968042722e-02
-4.462067235242758723e-02
-4.460643906099054368e-02
-4.459227760897357951e-02
-4.457819013027869426e-02
-4.456417844058978284e-02
-4.455024234021584539e-02
-4.453638455625677506e-02
-4.452260716680471464e-02
-4.450891286188878027e-02
-4.449530458764106022e-02
-4.448178470810663920e-02
-4.446835563162340743e-02
-4.445501962194824130e-02
-4.444178081505785471e-02
-4.442864222854626954e-02
-4.441560496363791688e-02
-4.440267217940138678e-02
-4.438984891898559160e-02
-4.437713616182137333e-02
-4.436453699936034056e-02
-4.435205458153385072e-02
-4.433969199953591289e-02
-4.432745291677192556e-02
-4.431534066464730415e-02
-4.430335759109202409e-02
-4.429150701547641955e-02
-4.427979212604991888e-02
-4.426821610910665339e-02
-4.425678214094849738e-02
-4.424549376990317973e-02
-4.423435424680707828e-02
-4.422336607515452156e-02
-4.421253238391394114e-02
-4.420185616623444058e-02
-4.419134034977267866e-02
-4.418098778680160099e-02
-4.417080124426800425e-02
-4.416078339385776097e-02
-4.415093680214352001e-02
-4.414126392088400797e-02
-4.413176707755285533e-02
-4.412244846616671101e-02
-4.411331013848893146e-02
-4.410435399567702586e-02
-4.409558178044443999e-02
-4.408699506979736615e-02
-4.407859526840963993e-02
-4.407038360268757116e-02
-4.406236111557201851e-02
-4.405452866211979901e-02
-4.404688690589701749e-02
-4.403943631621035082e-02
-4.403217680497580055e-02
-4.402510881922247488e-02
-4.401823183117321847e-02
-4.401154603786254504e-02
-4.400505085508255032e-02
-4.399874557502682360e-02
-4.399262930049875620e-02
-4.398670041757241078e-02
-4.398095748802233196e-02
-4.397540015239326250e-02
-4.397002663330690231e-02
-4.396483659410185818e-02
-4.395982596359641892e-02
-4.395499449044104612e-02
-4.395033948278334601e-02
-4.394585761476593744e-02
-4.394154600794153431e-02
-4.393740431400233737e-02
-4.393342877198742891e-02
-4.392961679787027451e-02
-4.392596544100996203e-02
-4.392247200416676822e-02
-4.391913362112627450e-02
-4.391594705272292010e-02
-4.391290754833493404e-02
-4.391001228956614710e-02
-4.390725698700073676e-02
-4.390464030335715362e-02
-4.390215781740823553e-02
-4.389980599408288553e-02
-4.389758270479945934e-02
-4.389548438269363917e-02
-4.389350772901642883e-02
-4.389164880152471304e-02
-4.388990409085363753e-02
-4.388827139854062365e-02
-4.388674729856312240e-02
-4.388532860691891913e-02
-4.388401217623585926e-02
-4.388279368633085653e-02
-4.388167131898791651e-02
-4.388064206537739542e-02
-4.387970291812717805e-02
-4.387885094128218810e-02
-4.387808326058328934e-02
-4.387739657053299491e-02
-4.387678812091182212e-02
-4.387625583143824060e-02
-4.387579697893578823e-02
-4.387540894594979535e-02
-4.387508919588256617e-02
-4.387483526324786887e-02
-4.387464475021220223e-02
-4.387451532593895920e-02
-4.387444472723082967e-02
-4.387443075982258578e-02
-4.387447130004246132e-02
-4.387456429671944547e-02
-4.387470777327509563e-02
-4.387489982996380100e-02
-4.387513864623243665e-02
-4.387542197585025949e-02
-4.387574866992910438e-02
-4.387611716543095286e-02
-4.387652598283807437e-02
-4.387697373393718847e-02
-4.387745912455502661e-02
-4.387798095693959399e-02
-4.387853813187289620e-02
-4.387912965052820358e-02
-4.387975461605654603e-02
-4.388041223487230968e-02
-4.388110181760834783e-02
-4.388182277970757716e-02
-4.388257464162216570e-02
-4.388335702859409715e-02
-4.388416966999587887e-02
-4.388501239821221422e-02
-4.388588514704631904e-02
-4.388678794963810081e-02
-4.388772093588662326e-02
-4.388868432937648167e-02
-4.388967844380747829e-02
-4.389070367893531388e-02
-4.389176051603259354e-02
-4.389284951288335845e-02
-4.389397129832858790e-02
-4.389512656638459853e-02
-4.389631606995798851e-02
-4.389754061418527087e-02
-4.389880104942847638e-02
-4.390009826396079617e-02
-4.390143317637874854e-02
-4.390280672778248960e-02
-4.390421987376337543e-02
-4.390567371142850561e-02
-4.390716953091020058e-02
-4.390870777649180656e-02
-4.391028939164048905e-02
-4.391191528689188106e-02
-4.391358633492487007e-02
-4.391530336405383150e-02
-4.391706715110098302e-02
-4.391887841416779181e-02
-4.392073780555995344e-02
-4.392264590500789823e-02
-4.392460321327187889e-02
-4.392661014619865523e-02
-4.392866702928660549e-02
-4.393077409280715662e-02
-4.393293146752881573e-02
-4.393514027690381685e-02
-4.393739914693782500e-02
-4.393970791769223616e-02
-4.394206636780870201e-02
-4.394447411265303693e-02
-4.394693063478528894e-02
-4.394943534608293512e-02
-4.395198802725748533e-02
-4.395458765601266415e-02
-4.395227181385148729e-02
-4.396606297724713064e-02
-4.396663927859184584e-02
-4.396747590798680272e-02
-4.396857717895015505e-02
-4.396961355537272464e-02
-4.397058741323987829e-02
-4.397150952044276417e-02
-4.397238964845284759e-02
-4.397323635206491776e-02
-4.397405710528651257e-02
-4.397485841023712760e-02
-4.397564588971122901e-02
-4.397642436469335891e-02
-4.397719791828397229e-02
-4.397796994749593458e-02
-4.397794929597315106e-02
-4.397780584793667402e-02
-4.397741989571767041e-02
-4.397667515146036488e-02
-4.397545868974957889e-02
-4.397366087014233788e-02
-4.397117526403099275e-02
-4.396789858150252500e-02
-4.396373060869980531e-02
-4.395857415016115460e-02
-4.395233497511313175e-02
-4.394492176757031077e-02
-4.393624607968447948e-02
-4.392622220104178132e-02
-4.391476677720684146e-02
-4.390179870970084552e-02
-4.388723915143209753e-02
-4.387101150783918185e-02
-4.385304144233524021e-02
-4.383325688470329079e-02
-4.381158804748192664e-02
-4.378796744533266366e-02
-4.376232991877960360e-02
-4.373461265451673852e-02
-4.370475521079984771e-02
-4.367269954654492969e-02
-4.363839005125078746e-02
-4.360177357418986571e-02
-4.356279946604822012e-02
-4.352141962089551425e-02
-4.347758852179238465e-02
-4.343126327441593909e-02
-4.338240364816067784e-02
-4.333097212092133776e-02
-4.327693392508692727e-02
-4.322025709462982979e-02
-4.316091251362189074e-02
-4.309887396657056252e-02
-4.303411818631552171e-02
-4.296662490292280784e-02
-4.289637689360675105e-02
-4.282336003246793588e-02
-4.274756334095392712e-02
-4.266897904044458789e-02
-4.258760259619312483e-02
-4.250343276333695686e-02
-4.241647163289380407e-02
-4.232672467737048222e-02
-4.223420079675211519e-02
-4.213891235452351530e-02
-4.204087521505495834e-02
-4.194010877968160078e-02
-4.183663601972521101e-02
-4.173048350629546960e-02
-4.162168143663100978e-02
-4.151026365670447416e-02
-4.139626768107338567e-02
-4.127973471061402444e-02
-4.116070963729560189e-02
-4.103924104788351374e-02
-4.091538122368947039e-02
-4.078918613449102060e-02
-4.066071542643003717e-02
-4.053003240362802739e-02
-4.039720400322599492e-02
-4.026230076354660181e-02
-4.012539678507518609e-02
-3.998656968396040873e-02
-3.984590053774253460e-02
-3.970347382302744088e-02
-3.955937734483608303e-02
-3.941370215737353966e-02
-3.926654247597778646e-02
-3.911799558002676536e-02
-3.896816170660251377e-02
-3.881714393473349733e-02
-3.866504806006118566e-02
-3.851198245980268914e-02
-3.835805794791030676e-02
-3.820338762035901253e-02
-3.804808669052456988e-02
-3.789227231464915857e-02
-3.773606340742689802e-02
-3.757958044777735818e-02
-3.742294527491524248e-02
-3.726628087486102969e-02
-3.710971115758111838e-02
-3.695336072498558999e-02
-3.679735463041852728e-02
-3.664181812817685069e-02
-3.648687640900363793e-02
-3.633265435053681380e-02
-3.617927619307512166e-02
-3.602686493782988886e-02
-3.587554203665846431e-02
-3.572542723544838705e-02
-3.557663835520619156e-02
-3.542929086391016780e-02
-3.528349751827652980e-02
-3.513936803843620282e-02
-3.499700878414763183e-02
-3.485652243324161015e-02
-3.471800766242100211e-02
-3.458155883082014714e-02
-3.444726567705380660e-02
-3.431521302330192702e-02
-3.418548047406605450e-02
-3.405814214022895303e-02
-3.393326637680771363e-02
-3.381091553643361669e-02
-3.369114571976278283e-02
-3.357400656751446943e-02
-3.345954107211435158e-02
-3.334778541205996039e-02
-3.323876881458853738e-02
-3.313251345272244519e-02
-3.302903437928661479e-02
-3.292833947316292642e-02
-3.283042945169090121e-02
-3.273529792208706990e-02
-3.264293147465432976e-02
-3.255330982295505382e-02
-3.246640599229536073e-02
-3.238218655718069078e-02
-3.230061192758951205e-02
-3.222163668299420081e-02
-3.214520995205485954e-02
-3.207127583486646394e-02
-3.199977386617258723e-02
-3.193063951663033251e-02
-3.186380470294203349e-02
-3.179919831924360452e-02
-3.173674679958560230e-02
-3.167637468005279899e-02
-3.161800515570611925e-02
-3.156156062734560841e-02
-3.150696323087565087e-02
-3.145413534265650846e-02
-3.140300005506357905e-02
-3.135348161732198768e-02
-3.130550583775715268e-02
-3.125900044461271676e-02
-3.121389540359653658e-02
-3.117012319130929576e-02
-3.112761902460525754e-02
-3.108632104670583374e-02
-3.104617046102564615e-02
-3.100711159632196789e-02
-3.096909197314667850e-02
-3.093206234853207448e-02
-3.089597672935173733e-02
-3.086079235685623701e-02
-3.082646966495050656e-02
-3.079297221540144847e-02
-3.076026661278730145e-02
-3.072832240221012867e-02
-3.069711195265889536e-02
-3.066661032871986770e-02
-3.063679515312878188e-02
-3.060764646245739407e-02
-3.057914655814064631e-02
-3.055127985458616635e-02
-3.052403272618531282e-02
-3.049739335453482969e-02
-3.047135157733293909e-02
-3.044589873982406214e-02
-3.042102754990172464e-02
-3.039673193746716962e-02
-3.037300691881772430e-02
-3.034984846639554590e-02
-3.032725338433417406e-02
-3.030521919009521170e-02
-3.028374400229238983e-02
-3.026282643485311841e-02
-3.024246549741343992e-02
-3.022266050208588517e-02
-3.020341097629908322e-02
-3.018471658170646110e-02
-3.016657703884456643e-02
-3.014899205749294042e-02
-3.013196127236250632e-02
-3.011548418385234793e-02
-3.009956010369171930e-02
-3.008418810516508279e-02
-3.006936697750065002e-02
-3.005509518434221206e-02
-3.004137082586713636e-02
-3.002819160433839452e-02
-3.001555479280459959e-02
-3.000345720659197690e-02
-2.999189517754571876e-02
-2.998086453050294309e-02
-2.997036056200111376e-02
-2.996037802086588819e-02
-2.995091109041948807e-02
-2.994195337234059617e-02
-2.993349787176736304e-02
-2.992553698353764280e-02
-2.991806247946977165e-02
-2.991106549654290112e-02
-2.990453652568928616e-02
-2.989846540131191333e-02
-2.989284129119617120e-02
-2.988765268818813214e-02
-2.988288740412103558e-02
-2.987853255540923181e-02
-2.987457455287385877e-02
-2.987099909308628051e-02
-2.986779114967702195e-02
-2.986493496448395721e-02
-2.986241403857883836e-02
-2.986021112300283470e-02
-2.985830820917867792e-02
-2.985668651887789932e-02
-2.985532649363988045e-02
-2.985420777868934630e-02
-2.985330919436338104e-02
-2.985260872424704698e-02
-2.985208350833744306e-02
-2.985170983632840294e-02
-2.985146314115418378e-02
-2.985131799290217589e-02
-2.985124809340082216e-02
-2.985122627273768814e-02
-2.985122449368448130e-02
-3.114378663247602264e-02
-3.113391912758710356e-02
-3.112382420657411330e-02
-3.111353244123617190e-02
-3.110305789309732172e-02
-3.109242760525064708e-02
-3.108166880730611759e-02
-3.107081183633401966e-02
-3.105988390138154920e-02
-3.104890874543664303e-02
-3.103790663430328056e-02
-3.102689454431621641e-02
-3.101588533238491818e-02
-3.100488924048333539e-02
-3.099391274728348356e-02
-3.098295896147314210e-02
-3.097203084880963131e-02
-3.096112799384478920e-02
-3.095024754040613668e-02
-3.093938491795990287e-02
-3.092853450546344252e-02
-3.091768871678889086e-02
-3.090683973352240099e-02
-3.089597933969727428e-02
-3.088509887785223507e-02
-3.087418963027424579e-02
-3.086324300592575842e-02
-3.085225438936944897e-02
-3.084121571257000816e-02
-3.083011676438375537e-02
-3.081895668998162197e-02
-3.080772313047293320e-02
-3.079641032211691276e-02
-3.078501635068053854e-02
-3.077353616995533170e-02
-3.076196266294857484e-02
-3.075028782385050286e-02
-3.073850512339477981e-02
-3.072660756672805638e-02
-3.071458676618621375e-02
-3.070243369862581118e-02
-3.069013784965897440e-02
-3.067768698839921926e-02
-3.066506731083477877e-02
-3.065226316257722849e-02
-3.063925694265880184e-02
-3.062602904929263847e-02
-3.061255786638769627e-02
-3.059881979069489777e-02
-3.058478929828316317e-02
-3.057043904802583811e-02
-3.055573993527738175e-02
-3.054066145139683330e-02
-3.052517181702808780e-02
-3.050923767048417667e-02
-3.049282486393409264e-02
-3.047589231765626683e-02
-3.045840942743606450e-02
-3.044034264141330659e-02
-3.042165424553178177e-02
-3.040231993233420693e-02
-3.038232889103675838e-02
-3.036163315517227679e-02
-3.034017604069023932e-02
-3.031793714252890848e-02
-3.029488543666739031e-02
-3.027099309995366638e-02
-3.024623737487273922e-02
-3.022059969745841124e-02
-3.019406061687529563e-02
-3.016660327180190060e-02
-3.013821358030033259e-02
-3.010887994957808789e-02
-3.007859463162007585e-02
-3.004735212819285850e-02
-3.001515122425324478e-02
-2.998199287346968445e-02
-2.994788194002005743e-02
-2.991282724810484517e-02
-2.987683965377718742e-02
-2.983993396242448637e-02
-2.980212816631093442e-02
-2.976344407908003420e-02
-2.972390513040341908e-02
-2.968362373956047462e-02
-2.964265349182455822e-02
-2.960038716391544256e-02
-2.955685661954739196e-02
-2.951210697565151420e-02
-2.946618356413881201e-02
-2.941913207464987023e-02
-2.937099865732023529e-02
-2.932182999836696613e-02
-2.927167337808406211e-02
-2.922057671928475486e-02
-2.916858863277722869e-02
-2.911575846506540832e-02
-2.906213635208609869e-02
-2.900778776522638935e-02
-2.895274935262335397e-02
-2.895238049605622713e-02
-2.894999255034044414e-02
-2.894428765973163648e-02
-2.893427097325038805e-02
-2.891901603324055492e-02
-2.889764039401269621e-02
-2.886930556797511621e-02
-2.883321684946828917e-02
-2.878862297661878566e-02
-2.873481574141721964e-02
-2.867112958676993131e-02
-2.859694121942770589e-02
-2.851166927042018961e-02
-2.841477402370730376e-02
-2.830575724008176086e-02
-2.818416216434047050e-02
-2.804957360737077993e-02
-2.790161819996472836e-02
-2.773996483173753191e-02
-2.756432527414643188e-02
-2.737445499985609668e-02
-2.717015421371459655e-02
-2.695126911048663365e-02
-2.671769335632928621e-02
-2.646936972133755173e-02
-2.620632936601270668e-02
-2.592879822530559306e-02
-2.563706789130548377e-02
-2.533144923306950708e-02
-2.501226902658780504e-02
-2.467987039608147276e-02
-2.433461580954951464e-02
-2.397689656507782929e-02
-2.360715222773508704e-02
-2.322586157025592971e-02
-2.283354466776930242e-02
-2.243077028666650569e-02
-2.201816294163690124e-02
-2.159640963784841342e-02
-2.116626620384547131e-02
-2.072856302623911004e-02
-2.028420997080033691e-02
-1.983420026938167297e-02
-1.937961311658051300e-02
-1.892161469352307557e-02
-1.846145731169868132e-02
-1.800047634826901222e-02
-1.754008463076628388e-02
-1.708176390607057948e-02
-1.662705308369483159e-02
-1.617753319936865442e-02
-1.573480853830233617e-02
-1.530048420356244776e-02
-1.487614041213891625e-02
-1.446330413432006523e-02
-1.406341913738939908e-02
-1.367781592064343243e-02
-1.330768336942078633e-02
-1.295404409904388210e-02
-1.261773531466903187e-02
-1.229939974578075912e-02
-1.199948965045072313e-02
-1.171825868078246735e-02
-1.145576778255930073e-02
-1.121189983853265737e-02
-1.098637776741284711e-02
-1.077878481181504533e-02
-1.058858571220699929e-02
-1.041514761449424675e-02
-1.025775987887478369e-02
-1.011565224932842177e-02
-9.988008271102022384e-03
-9.873972560835830858e-03
-9.772674576453588280e-03
-9.683241467623587839e-03
-9.604805812189212699e-03
-9.536512009856334959e-03
-9.477521518826512170e-03
-9.427017125044886980e-03
-9.384206425762015025e-03
-9.348324693007961650e-03
-9.318637259880024892e-03
-9.294441549991760976e-03
-9.275068849310064145e-03
-9.259885898719316666e-03
-9.248296367983854793e-03
-9.239742256073713023e-03
-9.233705250154836119e-03
-9.229708065299851993e-03
-9.227315779089834136e-03
-9.226137169415241090e-03
-9.225826059722136430e-03
-9.226082673282384738e-03
-9.226654996381936091e-03
-9.227340149581375606e-03
-9.227985765875204582e-03
-9.228491374563954630e-03
-9.228809789989134149e-03
-9.228948504360748317e-03
-9.228971084260989555e-03
-1.868369289284542434e-02
-1.863377004423719119e-02
-1.865160922127742649e-02
-1.866216286482823283e-02
-1.866344554510807052e-02
-1.868563029329550762e-02
-1.869872774842958052e-02
-1.871268745955742552e-02
-1.872761748387280489e-02
-1.874362628858622370e-02
-1.876082203777569568e-02
-1.877917888559303694e-02
-1.879855516368265922e-02
-1.881881100888185832e-02
-1.883982065836788122e-02
-1.886146972768636132e-02
-1.888365227141028391e-02
-1.890626976278932114e-02
-1.892922890846082673e-02
-1.895244088924900872e-02
-1.897582067963766994e-02
-1.899928654618891766e-02
-1.902275981771241187e-02
-1.904616482619295170e-02
-1.906942867637105576e-02
-1.909248147473255330e-02
-1.912022795937114161e-02
-1.914736511471760994e-02
-1.917633018720690807e-02
-1.920640936553394407e-02
-1.923702283217151865e-02
-1.926769663567767799e-02
-1.929804118577183036e-02
-1.932774694358732614e-02
-1.935657032125234767e-02
-1.938432373215896731e-02
-1.941086535515655631e-02
-1.943609116513653201e-02
-1.945993189378238120e-02
-1.948254722293496499e-02
-1.950461930561950274e-02
-1.952542655588233866e-02
-1.954500004146113301e-02
-1.956337119802208091e-02
-1.958057941185596673e-02
-1.959667183024763060e-02
-1.961170003567387632e-02
-1.962571865118205305e-02
-1.963878338194456619e-02
-1.965094958636191824e-02
-1.966227174147230916e-02
-1.967280077605093602e-02
-1.968258341853650062e-02
-1.969166120614557203e-02
-1.970006967775543572e-02
-1.970783775978124375e-02
-1.971498734925701546e-02
-1.972153309290701484e-02
-1.972748235582885701e-02
-1.973283536895492629e-02
-1.973758554088907158e-02
-1.974171912307297327e-02
-1.974521976131872469e-02
-1.974806241060904355e-02
-1.975021784692461424e-02
-1.975165507094972517e-02
-1.975234063656140793e-02
-1.975223786407158399e-02
-1.975131145406647248e-02
-1.974952532446461184e-02
-1.974684002616700074e-02
-1.974322515984019977e-02
-1.973865056381625405e-02
-1.973308849109625673e-02
-1.972651679301375138e-02
-1.971891697009640898e-02
-1.971027573774569719e-02
-1.970058692567978886e-02
-1.968984910053918347e-02
-1.967806759243352632e-02
-1.966525420590579942e-02
-1.965139994100788268e-02
-1.963646635378932248e-02
-1.962041762548193125e-02
-1.960323081031835335e-02
-1.958489818020683892e-02
-1.956542684393303144e-02
-1.954483873542589567e-02
-1.952317051859468744e-02
-1.950047341369205711e-02
-1.947681294958376885e-02
-1.945226864639781894e-02
-1.942693363363029446e-02
-1.940091420974224268e-02
-1.937432935046956572e-02
-1.934731017440043110e-02
-1.931664756141206196e-02
-1.908372167371456818e-02
-1.911891257272914368e-02
-1.909507412750154065e-02
-1.909507376687490099e-02
-1.909507302577965679e-02
-1.909507908326179074e-02
-1.909510337542639352e-02
-1.909515973635955363e-02
-1.909526399560409690e-02
-1.909543398773299802e-02
-1.909568824053238870e-02
-1.909604713873563550e-02
-1.909653092325273513e-02
-1.909715973799927871e-02
-1.909795581644652823e-02
-1.909894052357058794e-02
-1.910013216327905231e-02
-1.910154711498564944e-02
-1.910319940974845518e-02
-1.910510194285245517e-02
-1.910726684817094095e-02
-1.910970551429832381e-02
-1.911242862311455029e-02
-1.911544620924859536e-02
-1.911876773922449937e-02
-1.912240220909144570e-02
-1.912635825996454944e-02
-1.913064431106304211e-02
-1.913526870675095679e-02
-1.914023988023266787e-02
-1.914556653312646586e-02
-1.915125783023515285e-02
-1.915732360925574695e-02
-1.916377460518995865e-02
-1.917062268927692548e-02
-1.917788112285854704e-02
-1.918556482603902755e-02
-1.919369065634601856e-02
-1.920227770188210129e-02
-1.921134758780162349e-02
-1.922092479494298331e-02
-1.923103698995663746e-02
-1.924171536615749273e-02
-1.925299499503617395e-02
-1.926491518820425478e-02
-1.927751986199867720e-02
-1.929085790958715713e-02
-1.930498357862769909e-02
-1.931995685175259131e-02
-1.933584382775127564e-02
-1.935271710113646570e-02
-1.937065613747591605e-02
-1.938974764152171307e-02
-1.941008591476817147e-02
-1.943177319863010483e-02
-1.945491999894124330e-02
-1.947964538692932568e-02
-1.950607727122183332e-02
-1.953435263476882566e-02
-1.956461772983182634e-02
-1.959702822337054673e-02
-1.963174928425340249e-02
-1.966895560272517718e-02
-1.970883133145256982e-02
-1.975156993626075996e-02
-1.979737394334032952e-02
-1.984645456594519297e-02
-1.989903119248737084e-02
-1.995533073680960667e-02
-2.001558681115672700e-02
-2.008003870361280141e-02
-2.014893013986801540e-02
-2.022250780556800187e-02
-2.030101960501662361e-02
-2.038471262951668805e-02
-2.047383081156728402e-02
-2.056861227307582585e-02
-2.066928633019693429e-02
-2.077607016057925193e-02
-2.088916515023697684e-02
-2.100875295550519439e-02
-2.113499137214414070e-02
-2.126801006848744180e-02
-2.140790630940569983e-02
-2.155474085960751296e-02
-2.170853420192231376e-02
-2.186926326072913263e-02
-2.203685884509321014e-02
-2.221120393074449417e-02
-2.239213290127195499e-02
-2.257943183208777072e-02
-2.277283978901745165e-02
-2.297205109895772424e-02
-2.317671846497781907e-02
-2.338645678621009694e-02
-2.360084751063462605e-02
-2.381944334039176603e-02
-2.404177313240640768e-02
-2.426734682966302792e-02
-2.449566035325545510e-02
-2.472620033478400980e-02
-2.495844859619994471e-02
-2.519188634932317816e-02
-2.542599807927653499e-02
-2.566027508589290018e-02
-2.589421868708183944e-02
-2.612734308138568023e-02
-2.635917787889043018e-02
-2.658927031306268507e-02
-2.681718714746450516e-02
-2.704251629248216604e-02
-2.726486815987994028e-02
-2.748387678129821099e-02
-2.769920061289188329e-02
-2.791052314277669977e-02
-2.811755329321208308e-02
-2.832002562416424674e-02
-2.851770035463335740e-02
-2.871036321708020367e-02
-2.889782516007693980e-02
-2.907992191405706084e-02
-2.925651343495044854e-02
-2.942748324032851137e-02
-2.959273765664460765e-02
-2.975220499204922486e-02
-2.990583460607365573e-02
-3.005359593564349563e-02
-3.019547750365442207e-02
-3.033148590787282384e-02
-3.046164479004404013e-02
-3.058599379224519188e-02
-3.070458750869226039e-02
-3.081749444049686204e-02
-3.092479596003466780e-02
-3.102658529079244110e-02
-3.112296650771601003e-02
-3.121405356229817185e-02
-3.129996933587286811e-02
-3.138084472385965773e-02
-3.145681775310849027e-02
-3.152803273381551974e-02
-3.159463944692786352e-02
-3.165679236747526160e-02
-3.171464992407643790e-02
-3.176837379401316330e-02
-3.181812823363121961e-02
-3.186407944301333783e-02
-3.190639496415054871e-02
-3.194524311125793159e-02
-3.198079243179215853e-02
-3.201321119674026966e-02
-3.204266691840943621e-02
-3.206932589429643127e-02
-3.209335277507734119e-02
-3.211491015530706927e-02
-3.213415818486689557e-02
-3.215125419947527374e-02
-3.216635236901385642e-02
-3.217960336200481608e-02
-3.219115402540842497e-02
-3.220114707499628637e-02
-3.220961228115681863e-02
-3.221618315831697998e-02
-3.222052751622594968e-02
-3.222245213206731407e-02
-3.222187477621474283e-02
-3.221880027993923035e-02
-3.221330046183890072e-02
-3.220549764448610297e-02
-3.219555143217509019e-02
-3.218364838486498236e-02
-3.216999417056774779e-02
-3.215480776979502686e-02
-3.213831731290306415e-02
-3.212075710814493723e-02
-3.210236544275325843e-02
-3.208338299115640058e-02
-3.206386438365321778e-02
-3.204411614116492446e-02
-3.753563295355723251e-02
-3.712739060328926893e-02
-3.650288495836114672e-02
-3.549228193476892251e-02
-3.408977032937304807e-02
-3.228955719026189997e-02
-3.008617578448823104e-02
-2.747438563074858231e-02
-2.444934450713370094e-02
-2.100693019994823857e-02
-1.714397899014409588e-02
-1.285869852431856253e-02
-8.151004182389141872e-03
-3.022947717887747299e-03
2.520777750294661557e-03
8.472270906187014811e-03
1.481980938905504835e-02
2.154721107166654090e-02
2.863319699547079919e-02
3.605079405774998247e-02
4.376682882593990742e-02
5.174157826151766504e-02
5.992865560220295151e-02
6.827521526044014188e-02
7.672255352546336615e-02
8.520715893169167332e-02
9.366222535606703870e-02
1.020195827381756154e-01
1.102119347998816168e-01
1.181752365143073774e-01
1.258510118451642290e-01
1.331884143670732379e-01
1.401458630331984812e-01
1.466921249753291856e-01
1.528067773270716800e-01
1.584800484664021236e-01
1.637120814555971526e-01
1.685116927484625604e-01
1.728947224969611951e-01
1.768820815537412439e-01
1.804976019775433316e-01
1.837657975668300081e-01
1.867096409191614237e-01
1.893484642566060361e-01
1.916960917347111937e-01
1.937593102508647913e-01
1.955367886794646126e-01
1.970185505867239062e-01
1.981860554703321897e-01
1.990129405868888701e-01
1.994664837818840297e-01
1.995098136363752106e-01
1.991048519849091814e-01
1.982159154437145854e-01
1.968138133533929301e-01
1.948801551089796025e-01
1.924114339076468116e-01
1.894223285561590364e-01
1.859476290968385404e-01
1.820423152962631352e-01
1.777796208473876038e-01
1.765736086977746366e-01
1.768206340951516409e-01
1.770223264859560608e-01
1.772168985916851014e-01
1.774467739015851420e-01
1.777540722928412364e-01
1.781801100499288970e-01
1.787649287655541930e-01
1.795468799690789208e-01
1.805622823728016135e-01
1.818451540327172822e-01
1.834270110118604857e-01
1.853367164154410829e-01
1.876003577967698122e-01
1.902411256802133133e-01
1.932791601187289210e-01
1.967313248303897977e-01
2.006108590416763593e-01
2.049268458606705867e-01
2.096834236913919236e-01
2.148786557651156115e-01
2.205029659917414897e-01
2.265370535108160444e-01
2.329492246737668026e-01
2.396921483695254873e-01
2.466991756712727524e-01
2.538806002397649975e-01
2.611205966421019653e-01
2.682760428021913612e-01
2.751597016775315652e-01
2.815515597440879647e-01
2.872433456006128760e-01
2.920714809947932422e-01
2.959371698662119909e-01
2.988177804304760210e-01
3.007665061341844304e-01
3.019007684162023919e-01
3.023826742106470178e-01
3.023958615092461333e-01
3.021223702831907776e-01
3.021210942532288612e-01
3.021122846501647641e-01
3.020887804595868698e-01
3.020441911409264546e-01
3.019737496682319833e-01
3.018725997704576058e-01
3.017354560020149012e-01
3.015565893308880252e-01
3.013297494851546743e-01
3.010480866995805527e-01
3.007040821470532976e-01
3.002894901310381170e-01
2.997952701021188715e-01
2.992115930993193285e-01
2.985278341295701243e-01
2.977325629645146132e-01
2.968135458883883748e-01
2.957577591891635826e-01
2.945513985969817061e-01
2.931798731588343698e-01
2.916280085700464486e-01
2.898807840118457491e-01
2.879246124586161137e-01
2.857475884144832223e-01
2.833394371636725473e-01
2.806914640100608982e-01
2.777965035048698406e-01
2.746488686828219006e-01
2.712443003298878330e-01
2.675799163077611231e-01
2.636541609641592232e-01
2.594667546602195118e-01
2.550186434511080291e-01
2.503119489759361160e-01
2.453499185816193640e-01
2.401368757325581527e-01
2.346781707602597633e-01
2.289801385222687280e-01
2.230500659595648916e-01
2.168961138571527947e-01
2.105272627339750402e-01
2.039532687115961362e-01
1.971846199398299415e-01
1.902324936638526420e-01
1.831087140078593301e-01
1.758257105410072629e-01
1.683964776772308714e-01
1.608345349322064521e-01
1.531538880050622442e-01
1.453689906188111447e-01
1.374947069179957015e-01
1.295462740975159566e-01
1.215392647564028650e-01
1.134895482452304982e-01
1.054132500992022159e-01
9.732670843910939951e-02
8.924700114592298839e-02
8.119342363748915936e-02
7.318540707251974808e-02
6.524213844718973476e-02
5.738227912825166754e-02
4.962412727500087328e-02
4.198569957778985895e-02
3.448441924671818981e-02
2.713674127215437437e-02
1.995814053756284068e-02
1.296197405259214008e-02
6.160418319456795189e-03
-4.362461954823260157e-04
-6.819410301822870224e-03
-1.298174144676167430e-02
-1.891671732787614246e-02
-2.461891532777826797e-02
-3.008393932585917696e-02
-3.530813798710141782e-02
-4.028823698184780255e-02
-4.502115420593710837e-02
-4.950471261315669835e-02
-5.373651151908376278e-02
-5.771521831541548408e-02
-6.143996466230561282e-02
-6.491266460412958850e-02
-6.813748708846389945e-02
-7.111597568242444822e-02
-7.385145592359165789e-02
-7.635049236408164575e-02
-7.862220705706590707e-02
-8.067678113963339115e-02
-8.252305029944295711e-02
-8.416855433093672900e-02
-8.562241539908654886e-02
-8.689606537258054431e-02
-8.800267664935246259e-02
-8.895632456727842197e-02
-8.977024279706957710e-02
-9.044897253594541553e-02
-9.097032195924725784e-02
-9.129837415591168792e-02
-9.144120456055304658e-02
-9.146672171867820111e-02
-9.146672171867820111e-02
3.273754413657242734e-02
2.938371029790723399e-02
2.608911234674229918e-02
2.313358442062701803e-02
2.028029147415799649e-02
1.795745646376809002e-02
1.690632139208300688e-02
1.658272425640130998e-02
1.658421842615168118e-02
1.656284774077873556e-02
1.655041146128558016e-02
1.654638073984218694e-02
1.654895874460776684e-02
1.655701274693785474e-02
1.656970565969748121e-02
1.658637290255191021e-02
1.660637436621570373e-02
1.662915965581401867e-02
1.665424707785967406e-02
1.668120133143638495e-02
1.670963366887986967e-02
1.673920096617062536e-02
1.676960292358237181e-02
1.680057928526293431e-02
1.683190688963709380e-02
1.686339405394179924e-02
1.689487893815994068e-02
1.692622744393748602e-02
1.695734305690616006e-02
1.698811007222483793e-02
1.701844987685699473e-02
1.704829715736205786e-02
1.707759775592621043e-02
1.710630703243481987e-02
1.713438814306642022e-02
1.716181079217748984e-02
1.718855051898088293e-02
1.721458708768122681e-02
1.723990330394617465e-02
1.726355900141435251e-02
1.728585709240859636e-02
1.730679650859445751e-02
1.732633474775019389e-02
1.734445087142499897e-02
1.736112595586974949e-02
1.737634333556331567e-02
