-1.926152362682759245e-03
-3.021686718944954775e-03
-3.948039230238092889e-03
-4.453600172831140291e-03
-4.686989150779280466e-03
-4.745439193319545002e-03
-4.693724454136183333e-03
-4.568910795082370413e-03
-4.397779226839038103e-03
-4.197521802549591952e-03
-3.979212834452239278e-03
-3.750011355652033140e-03
-3.514573111056795707e-03
-3.275954437642114581e-03
-3.036189136615075057e-03
-2.796658425622072786e-03
-2.558325792428484124e-03
-2.321887195179339614e-03
-2.087866563513202101e-03
-1.856677197731554374e-03
-1.628660051346347837e-03
-1.404108361543587868e-03
-1.183284030057379921e-03
-9.664276194308318857e-04
-7.537647846708184218e-04
-5.455104265043031475e-04
-3.418711599341428542e-04
-1.430472072470323486e-04
5.076637925444105193e-05
2.393789995849271435e-04
4.226044272657436540e-04
6.002599595041346880e-04
7.721660731321022819e-04
9.381467496031581366e-04
1.098029027157804149e-03
1.251642666914382085e-03
1.398820400473704817e-03
1.539397725559416008e-03
1.673213385515653906e-03
1.800108687552037789e-03
1.919927460112852424e-03
2.032516328951378126e-03
2.137724611761232518e-03
2.235404855947281666e-03
2.325412229174567136e-03
2.407604549189007459e-03
2.481842613248658180e-03
2.547990247254494633e-03
2.605914370034267957e-03
2.655484972395094623e-03
2.696575713103749328e-03
2.729063396543968123e-03
2.752828073240842777e-03
2.767753415996554445e-03
2.773726825467920376e-03
2.770639548389242091e-03
2.758386805864099234e-03
2.736867929886477313e-03
2.705986506849250572e-03
2.665650527177626516e-03
2.615772540471628105e-03
2.556269815680356494e-03
2.487064505878183729e-03
2.408083817196537968e-03
2.319260181369797724e-03
2.220531431212036111e-03
2.111840978133050495e-03
1.993137980026510325e-03
1.864377529798483257e-03
1.725520863312374198e-03
1.576535499009795727e-03
1.417395370711560521e-03
1.248081017280688876e-03
1.068579740417824331e-03
8.788857268189342875e-04
6.790001656626631910e-04
4.689313488588087164e-04
2.486947520480842222e-04
1.831309492386634652e-05
-2.221836201481974804e-04
-4.727580917916474057e-04
-7.333657256838599370e-04
-1.003954662681744159e-03
-1.284465828226027950e-03
-1.574833001833281232e-03
-1.874982905108651954e-03
-2.184835306401067268e-03
-2.504303139952285262e-03
-2.833292637183737472e-03
-3.171703467614500616e-03
-3.519428765980187057e-03
-3.876355865719910421e-03
-4.242365744914433634e-03
-4.617333205636925397e-03
-5.001127294373075571e-03
-5.393611427079975096e-03
-5.794643512361058457e-03
-6.204076067990199617e-03
-6.621756190672539732e-03
-7.047526301759310385e-03
-7.481223431672845425e-03
-7.922679325440523668e-03
-8.371720793117015669e-03
-8.828169646305644713e-03
-9.291842880153972084e-03
-9.762552872446261798e-03
-1.024010680224210490e-02
-1.072430652077507873e-02
-1.121494902177261332e-02
-1.171182587234073647e-02
-1.221472615968441366e-02
-1.272343160271929841e-02
-1.323771684332555876e-02
-1.375735131603189609e-02
-1.428210005395713633e-02
-1.481172156343910085e-02
-1.534596834648641051e-02
-1.588458654075336485e-02
-1.642731619971571355e-02
-1.697389110670541323e-02
-1.752403826562576317e-02
-1.807747840489878910e-02
-1.863392551462306201e-02
-1.919308665089589083e-02
-1.975466180935589455e-02
-2.031834417129849135e-02
-2.088381964816049541e-02
-2.145076736752965507e-02
-2.201886124265692302e-02
-2.258776686145827495e-02
-2.315714116906170128e-02
-2.372663920731360454e-02
-2.429592234072483481e-02
-2.486464772755492270e-02
-2.543246444152025276e-02
-2.599901516604108398e-02
-2.656393738159951168e-02
-2.712686436851335925e-02
-2.768742604755483616e-02
-2.824524998226335404e-02
-2.879996189672284768e-02
-2.935118694132360373e-02
-2.989854995558938189e-02
-3.044167647766743423e-02
-3.098019351793185328e-02
-3.151373033431789650e-02
-3.204191920273238847e-02
-3.256439617826090149e-02
-3.308080184338910157e-02
-3.359078203947957197e-02
-3.409398857790628401e-02
-3.459007987129701645e-02
-3.507872176529282238e-02
-3.555958797605794641e-02
-3.603236079447522111e-02
-3.649673152053341252e-02
-3.695240141386232913e-02
-3.739908162864731545e-02
-3.783649394167093449e-02
-3.826437115157814428e-02
-3.868245745912486655e-02
-3.909050881081178874e-02
-3.948829320525557018e-02
-3.987559096288116611e-02
-4.025219495979152906e-02
-4.061791082060288438e-02
-4.097255706977578904e-02
-4.131596525458501590e-02
-4.164798004732367387e-02
-4.196845932545252567e-02
-4.227727422872121221e-02
-4.257430919350556342e-02
-4.285946196540202369e-02
-4.313264359167065520e-02
-4.339377839548320959e-02
-4.364280393418946968e-02
-4.387967094398045886e-02
-4.410434327344403549e-02
-4.431679780857748774e-02
-4.451702439185924176e-02
-4.470502573799907398e-02
-4.488081734897374220e-02
-4.504442743093615975e-02
-4.519589681554336824e-02
-4.533527888819678664e-02
-4.546263952562558386e-02
-4.557805704517040035e-02
-4.568162216804068365e-02
-4.577343807370329309e-02
-4.585362013248991953e-02
-4.592229637753740545e-02
-4.597960693721721281e-02
-4.602570471190482737e-02
-4.606075511599809491e-02
-4.608493627432717898e-02
-4.609843916741543368e-02
-4.610146780565158031e-02
-4.609423957304747965e-02
-4.607698497414178251e-02
-4.604994864045590386e-02
-4.601338889481623728e-02
-4.596757865858236425e-02
-4.591280572142719674e-02
-4.584937291586205221e-02
-4.577759851418919390e-02
-4.569781723568190623e-02
-4.561038033365376332e-02
-4.551565625539027993e-02
-4.547856068812890229e-02
-4.546866944328815940e-02
-4.545257384829251568e-02
-4.543637470833652992e-02
-4.542008672618060017e-02
-4.540372306130789626e-02
-4.538729634665163160e-02
-4.537082002313937157e-02
-4.535430353001705661e-02
-4.533775669304504485e-02
-4.532118995508388481e-02
-4.530460966809032874e-02
-4.528802362996026121e-02
-4.527143875940836670e-02
-4.525486112843193909e-02
-4.523829598607449765e-02
-4.522174774691933852e-02
-4.520521996007534349e-02
-4.518871526567815045e-02
-4.517223555975719007e-02
-4.515583466753114728e-02
-4.513953886857594022e-02
-4.512333805586257740e-02
-4.510722111213946728e-02
-4.509117920803698554e-02
-4.507520377824809910e-02
-4.505928793372182550e-02
-4.504342570345037933e-02
-4.502761199309017470e-02
-4.501184250291256905e-02
-4.499611970826758456e-02
-4.498044775562028141e-02
-4.496482729100328979e-02
-4.494925877274348613e-02
-4.493374253632623216e-02
-4.491827883598012439e-02
-4.490286787990606376e-02
-4.488751036948189499e-02
-4.487220598484406575e-02
-4.485695559004686250e-02
-4.484175865596790045e-02
-4.482661564720055725e-02
-4.481152696701985738e-02
-4.479649309641484112e-02
-4.478151460068158229e-02
-4.476659213438329010e-02
-4.475172644494460061e-02
-4.473691897214021607e-02
-4.472217084284048350e-02
-4.470748201228777474e-02
-4.469285382470236656e-02
-4.467828751449745561e-02
-4.466378441250562492e-02
-4.464934660905588160e-02
-4.463497580968042722e-02
-4.462067235242758723e-02
-4.460643906099054368e-02
-4.459227760897357951e-02
-4.457819013027869426e-02
-4.456417844058978284e-02
-4.455024234021584539e-02
-4.453638455625677506e-02
-4.452260716680471464e-02
-4.450891286188878027e-02
-4.449530458764106022e-02
-4.448178470810663920e-02
-4.446835563162340743e-02
-4.445501962194824130e-02
-4.444178081505785471e-02
-4.442864222854626954e-02
-4.441560496363791688e-02
-4.440267217940138678e-02
-4.438984891898559160e-02
-4.437713616182137333e-02
-4.436453699936034056e-02
-4.435205458153385072e-02
-4.433969199953591289e-02
-4.432745291677192556e-02
-4.431534066464730415e-02
-4.430335759109202409e-02
-4.429150701547641955e-02
-4.427979212604991888e-02
-4.426821610910665339e-02
-4.425678214094849738e-02
-4.424549376990317973e-02
-4.423435424680707828e-02
-4.422336607515452156e-02
-4.421253238391394114e-02
-4.420185616623444058e-02
-4.419134034977267866e-02
-4.418098778680160099e-02
-4.417080124426800425e-02
-4.416078339385776097e-02
-4.415093680214352001e-02
-4.414126392088400797e-02
-4.413176707755285533e-02
-4.412244846616671101e-02
-4.411331013848893146e-02
-4.410435399567702586e-02
-4.409558178044443999e-02
-4.408699506979736615e-02
-4.407859526840963993e-02
-4.407038360268757116e-02
-4.406236111557201851e-02
-4.405452866211979901e-02
-4.404688690589701749e-02
-4.403943631621035082e-02
-4.403217680497580055e-02
-4.402510881922247488e-02
-4.401823183117321847e-02
-4.401154603786254504e-02
-4.400505085508255032e-02
-4.399874557502682360e-02
-4.399262930049875620e-02
-4.398670041757241078e-02
-4.398095748802233196e-02
-4.397540015239326250e-02
-4.397002663330690231e-02
-4.396483659410185818e-02
-4.395982596359641892e-02
-4.395499449044104612e-02
-4.395033948278334601e-02
-4.394585761476593744e-02
-4.394154600794153431e-02
-4.393740431400233737e-02
-4.393342877198742891e-02
-4.392961679787027451e-02
-4.392596544100996203e-02
-4.392247200416676822e-02
-4.391913362112627450e-02
-4.391594705272292010e-02
-4.391290754833493404e-02
-4.391001228956614710e-02
-4.390725698700073676e-02
-4.390464030335715362e-02
-4.390215781740823553e-02
-4.389980599408288553e-02
-4.389758270479945934e-02
-4.389548438269363917e-02
-4.389350772901642883e-02
-4.389164880152471304e-02
-4.388990409085363753e-02
-4.388827139854062365e-02
-4.388674729856312240e-02
-4.388532860691891913e-02
-4.388401217623585926e-02
-4.388279368633085653e-02
-4.388167131898791651e-02
-4.388064206537739542e-02
-4.387970291812717805e-02
-4.387885094128218810e-02
-4.387808326058328934e-02
-4.387739657053299491e-02
-4.387678812091182212e-02
-4.387625583143824060e-02
-4.387579697893578823e-02
-4.387540894594979535e-02
-4.387508919588256617e-02
-4.387483526324786887e-02
-4.387464475021220223e-02
-4.387451532593895920e-02
-4.387444472723082967e-02
-4.387443075982258578e-02
-4.387447130004246132e-02
-4.387456429671944547e-02
-4.387470777327509563e-02
-4.387489982996380100e-02
-4.387513864623243665e-02
-4.387542197585025949e-02
-4.387574866992910438e-02
-4.387611716543095286e-02
-4.387652598283807437e-02
-4.387697373393718847e-02
-4.387745912455502661e-02
-4.387798095693959399e-02
-4.387853813187289620e-02
-4.387912965052820358e-02
-4.387975461605654603e-02
-4.388041223487230968e-02
-4.388110181760834783e-02
-4.388182277970757716e-02
-4.388257464162216570e-02
-4.388335702859409715e-02
-4.388416966999587887e-02
-4.388501239821221422e-02
-4.388588514704631904e-02
-4.388678794963810081e-02
-4.388772093588662326e-02
-4.388868432937648167e-02
-4.388967844380747829e-02
-4.389070367893531388e-02
-4.389176051603259354e-02
-4.389284951288335845e-02
-4.389397129832858790e-02
-4.389512656638459853e-02
-4.389631606995798851e-02
-4.389754061418527087e-02
-4.389880104942847638e-02
-4.390009826396079617e-02
-4.390143317637874854e-02
-4.390280672778248960e-02
-4.390421987376337543e-02
-4.390567371142850561e-02
-4.390716953091020058e-02
-4.390870777649180656e-02
-4.391028939164048905e-02
-4.391191528689188106e-02
-4.391358633492487007e-02
-4.391530336405383150e-02
-4.391706715110098302e-02
-4.391887841416779181e-02
-4.392073780555995344e-02
-4.392264590500789823e-02
-4.392460321327187889e-02
-4.392661014619865523e-02
-4.392866702928660549e-02
-4.393077409280715662e-02
-4.393293146752881573e-02
-4.393514027690381685e-02
-4.393739914693782500e-02
-4.393970791769223616e-02
-4.394206636780870201e-02
-4.394447411265303693e-02
-4.394693063478528894e-02
-4.394943534608293512e-02
-4.395198802725748533e-02
-4.395458765601266415e-02
-4.395227181385148729e-02
-4.396606297724713064e-02
-4.396663927859184584e-02
-4.396747590798680272e-02
-4.396857717895015505e-02
-4.396961355537272464e-02
-4.397058741323987829e-02
-4.397150952044276417e-02
-4.397238964845284759e-02
-4.397323635206491776e-02
-4.397405710528651257e-02
-4.397485841023712760e-02
-4.397564588971122901e-02
-4.397642436469335891e-02
-4.397719791828397229e-02
-4.397796994749593458e-02
-4.397874320427289097e-02
-4.397951982694618678e-02
-4.398015704650233559e-02
-4.398057862951024188e-02
-4.398082312590838316e-02
-4.398092271926935803e-02
-4.398090612063844385e-02
-4.398079826070992737e-02
-4.398062070985993277e-02
-4.398039363073200092e-02
-4.398013495270479412e-02
-4.397986076759699547e-02
-4.397958559363442099e-02
-4.397932259214240580e-02
-4.397375849361363775e-02
-4.395932362092398737e-02
-4.393714088678413177e-02
-4.390790207071162965e-02
-4.387202718913058019e-02
-4.382976720370698742e-02
-4.378126750360962494e-02
-4.372661161601912316e-02
-4.366584789137788192e-02
-4.359900378741350668e-02
-4.352609908257792926e-02
-4.344715226259340812e-02
-4.336218422472166989e-02
-4.327122167883096227e-02
-4.317429533010704035e-02
-4.307144558309659865e-02
-4.296272290429899166e-02
-4.284818786827672421e-02
-4.272790586237677768e-02
-4.260195247357299875e-02
-4.247041442108044629e-02
-4.233338738212288899e-02
-4.219097615941115598e-02
-4.204329570784647030e-02
-4.189046767528954718e-02
-4.173262377307725146e-02
-4.156990616938296967e-02
-4.140246639108907667e-02
-4.123046617996911634e-02
-4.105407563457852405e-02
-4.087347272807186072e-02
-4.068884627237696894e-02
-4.050039533831360783e-02
-4.030832827532442042e-02
-4.011286419722891183e-02
-3.991422723064673439e-02
-3.971265264574126708e-02
-3.950838562342524896e-02
-3.930167993753429234e-02
-3.909279771236341683e-02
-3.888200913441178241e-02
-3.866959210215437093e-02
-3.845583180776405985e-02
-3.824102176622617977e-02
-3.802545758247212471e-02
-3.780944262190123750e-02
-3.759328614420609505e-02
-3.737730140250876409e-02
-3.716180482133889240e-02
-3.694711511293945205e-02
-3.673355232497975409e-02
-3.652143682266704994e-02
-3.631108821219078409e-02
-3.610282421426304345e-02
-3.589695949761917415e-02
-3.569380448321993193e-02
-3.549366413065777048e-02
-3.529683671895846031e-02
-3.510361263449880698e-02
-3.491427317911661998e-02
-3.472908941160555985e-02
-3.454832103564874080e-02
-3.437221534683577995e-02
-3.420100625071592626e-02
-3.403491336289794778e-02
-3.387414120102065496e-02
-3.371887847703189389e-02
-3.356929749666022478e-02
-3.342555367129484978e-02
-3.328778514574126657e-02
-3.315611254354706994e-02
-3.303063882983452160e-02
-3.291144928987460583e-02
-3.279861162003022690e-02
-3.269217612621123925e-02
-3.259217513819014089e-02
-3.249862537263671636e-02
-3.241152904741367857e-02
-3.233088033377462533e-02
-3.225665739403434096e-02
-3.218881623276879933e-02
-3.212732334407836232e-02
-3.207211508252007237e-02
-3.202307905108990604e-02
-3.198008790972771409e-02
-3.194301956256870301e-02
-3.191175095250044225e-02
-3.188615554837520571e-02
-3.186610205342099711e-02
-3.185145359380164853e-02
-3.184206827280124108e-02
-3.183779888040634554e-02
-3.183849311170355856e-02
-3.184399444556755554e-02
-3.185414188102445032e-02
-3.186877088639640532e-02
-3.188771371791884746e-02
-3.191079986891755260e-02
-3.193785607182715591e-02
-3.196870702948656495e-02
-3.200317552160315826e-02
-3.204108264683075413e-02
-3.208224801488133993e-02
-3.212648994965087990e-02
-3.217362574899386429e-02
-3.222347141555216565e-02
-3.227584220775923940e-02
-3.233055254947281298e-02
-3.238741611917252128e-02
-3.244624593716340100e-02
-3.250685445454797040e-02
-3.256905364900219979e-02
-3.263265513180947652e-02
-3.269747026995561967e-02
-3.276331032633851559e-02
-3.282998661303508647e-02
-3.289731075983605424e-02
-3.296509467714540953e-02
-3.303315111588940589e-02
-3.310129356261755362e-02
-3.316933686827594485e-02
-3.323709736761309985e-02
-3.330439319679469323e-02
-3.337104461931510169e-02
-3.343687435380239548e-02
-3.350170789967372997e-02
-3.356537385695429476e-02
-3.362770423674482645e-02
-3.368853475898836436e-02
-3.374770513443971220e-02
-3.380505932808090808e-02
-3.386044580163716233e-02
-3.391371773330087436e-02
-3.396346458922183675e-02
-3.400979331044180765e-02
-3.405295399521836297e-02
-3.409309207796352992e-02
-3.413028064177642262e-02
-3.416454255160426834e-02
-3.419586594212199737e-02
-3.422421520387521066e-02
-3.424953888154491644e-02
-3.427177542422618628e-02
-3.429085741848120206e-02
-3.430671473226430679e-02
-3.431927686409036449e-02
-3.432847470288243052e-02
-3.433424184421704495e-02
-3.433651556813711869e-02
-3.433523755411063694e-02
-3.433035438381480675e-02
-3.432181787788167460e-02
-3.430958531451534788e-02
-3.429361956029883252e-02
-3.427388912983429792e-02
-3.425036818842930320e-02
-3.422303650996741387e-02
-3.419187940033396877e-02
-3.415688759481028125e-02
-3.411805713938380336e-02
-3.407538925788741735e-02
-3.402889021533141156e-02
-3.397857117996090637e-02
-3.392444808887025431e-02
-3.386654152092302694e-02
-3.380487658029276976e-02
-3.373948279355219737e-02
-3.367039402290238070e-02
-3.359764839784123991e-02
-3.352128826731660960e-02
-3.344136017418100626e-02
-3.335791485356474906e-02
-3.327100725660125935e-02
-3.318069660077416216e-02
-3.308704645287170731e-02
-3.299012480734847541e-02
-3.289000427302471441e-02
-3.278676229129585951e-02
-3.268048106272194997e-02
-3.257124808672738625e-02
-3.245915630163118126e-02
-3.234430437982882545e-02
-3.222679705575881570e-02
-3.210674548147500473e-02
-3.198426761470303525e-02
-3.185948864013005144e-02
-3.173254150228169146e-02
-3.160356720642334971e-02
-3.147271551610839047e-02
-3.134014542550374316e-02
-3.128168983944214221e-02
-3.128164109976803997e-02
-3.127758905105651466e-02
-3.127325913355454012e-02
-3.126862599543352161e-02
-3.126370639843971400e-02
-3.125843724846261162e-02
-3.125285240972566769e-02
-3.124691520684547141e-02
-3.124063320215228479e-02
-3.123402147938682261e-02
-3.122713701297798183e-02
-3.122006294429600926e-02
-3.121270698523712084e-02
-3.120507201405782471e-02
-3.119716039565105514e-02
-3.118897397688025208e-02
-3.118051349389561189e-02
-3.117174538261840988e-02
-3.116269825853354436e-02
-3.115337912473804816e-02
-3.114378663247602264e-02
-3.113391912758710356e-02
-3.112382420657411330e-02
-3.111353244123617190e-02
-3.110305789309732172e-02
-3.109242760525064708e-02
-3.108166880730611759e-02
-3.107081183633401966e-02
-3.105988390138154920e-02
-3.104890874543664303e-02
-3.103790663430328056e-02
-3.102689454431621641e-02
-3.101588533238491818e-02
-3.100488924048333539e-02
-3.099391274728348356e-02
-3.098295896147314210e-02
-3.097203084880963131e-02
-3.096112799384478920e-02
-3.095024754040613668e-02
-3.093938491795990287e-02
-3.092853450546344252e-02
-3.091768871678889086e-02
-3.090683973352240099e-02
-3.089597933969727428e-02
-3.088509887785223507e-02
-3.087418963027424579e-02
-3.086324300592575842e-02
-3.085225438936944897e-02
-3.084121571257000816e-02
-3.083011676438375537e-02
-3.081895668998162197e-02
-3.080772313047293320e-02
-3.079641032211691276e-02
-3.078501635068053854e-02
-3.077353616995533170e-02
-3.076196266294857484e-02
-3.075028782385050286e-02
-3.073850512339477981e-02
-3.072660756672805638e-02
-3.071458676618621375e-02
-3.070243369862581118e-02
-3.069013784965897440e-02
-3.067768698839921926e-02
-3.066506731083477877e-02
-3.065226316257722849e-02
-3.063925694265880184e-02
-3.062602904929263847e-02
-3.061255786638769627e-02
-3.059881979069489777e-02
-3.058478929828316317e-02
-3.057043904802583811e-02
-3.055573993527738175e-02
-3.054066145139683330e-02
-3.052517181702808780e-02
-3.050923767048417667e-02
-3.049282486393409264e-02
-3.047589231765626683e-02
-3.045840942743606450e-02
-3.044034264141330659e-02
-3.042165424553178177e-02
-3.040231993233420693e-02
-3.038232889103675838e-02
-3.036163315517227679e-02
-3.034017604069023932e-02
-3.031793714252890848e-02
-3.029488543666739031e-02
-3.027099309995366638e-02
-3.024623737487273922e-02
-3.022059969745841124e-02
-3.019406061687529563e-02
-3.016660327180190060e-02
-3.013821358030033259e-02
-3.010887994957808789e-02
-3.007859463162007585e-02
-3.004735212819285850e-02
-3.001515122425324478e-02
-2.998199287346968445e-02
-2.994788194002005743e-02
-2.991282724810484517e-02
-2.987683965377718742e-02
-2.983993396242448637e-02
-2.980212816631093442e-02
-2.976344407908003420e-02
-2.972390513040341908e-02
-2.968362373956047462e-02
-2.964265349182455822e-02
-2.960038716391544256e-02
-2.955685661954739196e-02
-2.951210697565151420e-02
-2.946618356413881201e-02
-2.941913207464987023e-02
-2.937099865732023529e-02
-2.932182999836696613e-02
-2.927167337808406211e-02
-2.922057671928475486e-02
-2.916858863277722869e-02
-2.911575846506540832e-02
-2.906213635208609869e-02
-2.900778776522638935e-02
-2.895274935262335397e-02
-2.889707418529363636e-02
-2.884081619394139595e-02
-2.879651645339956906e-02
-2.880149542489898740e-02
-2.882935160713395728e-02
-2.886426863669704773e-02
-2.889397442393396020e-02
-2.890908186274279007e-02
-2.890226928403006462e-02
-2.886773667067828175e-02
-2.880083704277852652e-02
-2.869782153493252025e-02
-2.855565852792521508e-02
-2.837190108706675457e-02
-2.814458669860315371e-02
-2.787215911601708535e-02
-2.755340622209414420e-02
-2.718741120697404368e-02
-2.677351302801746907e-02
-2.631127613463534604e-02
-2.580047022676670160e-02
-2.524105894532595318e-02
-2.463319564011930835e-02
-2.397722844895610467e-02
-2.327371648004258192e-02
-2.252345623843396427e-02
-2.262330175614847561e-02
-2.244733195292804989e-02
-2.189883768118062318e-02
-2.110848266557845826e-02
-2.015847519868116389e-02
-1.910146360007242833e-02
-1.797182100102055757e-02
-1.679282917817212506e-02
-1.558121106275127399e-02
-1.434976049478996207e-02
-1.310946264799821293e-02
-1.187035792594097472e-02
-1.064219738638061408e-02
-9.434796208415974217e-03
-8.258177527072349533e-03
-7.122568751923255559e-03
-6.038295479400171417e-03
-5.015603783737013210e-03
-4.064438885686957881e-03
-3.194203058446989929e-03
-2.413513687752888437e-03
-1.729979698595798809e-03
-1.150011313920243361e-03
-6.786741988753786092e-04
-3.195945123931204224e-04
-7.491655268257457756e-05
5.468782132402039142e-05
6.996595380649728302e-05
-2.700622323055512641e-05
-2.329416224065988805e-04
-5.434763630347699825e-04
-9.533116592622126184e-04
-1.456355234783518471e-03
-2.045856157009279253e-03
-2.714529079057698135e-03
-3.454703608399084525e-03
-4.258454799044270045e-03
-5.117357927319710065e-03
-6.022991273952782443e-03
-6.966842831594266539e-03
-7.940377595407333011e-03
-8.935099616757452567e-03
-9.942611111958377101e-03
-1.095467220066186076e-02
-1.196325945575853200e-02
-1.296062326847799429e-02
-1.394334110531277038e-02
-1.489755224711108994e-02
-1.580884096832893548e-02
-1.667437098385245176e-02
-1.749115507578025142e-02
-1.825608102396698851e-02
-1.896604225502054875e-02
-1.961804706894589023e-02
-2.020930575547499886e-02
-2.073730655836317216e-02
-2.119988203200476318e-02
-2.159525341097633111e-02
-2.192207220199708650e-02
-2.217944868828035376e-02
-2.236697198626741434e-02
-2.248472932174577776e-02
-2.253331768944660807e-02
-2.251384955705817981e-02
-2.242796638990572633e-02
-2.227784804340675329e-02
-2.206622289388016078e-02
-2.179638308768831745e-02
-2.147220046854514397e-02
-2.109815322692497330e-02
-2.067935746429096222e-02
-2.022160313291750111e-02
-1.973139947996407906e-02
-1.921606344217552387e-02
-1.868369289284542434e-02
-1.863377004423719119e-02
-1.865160922127742649e-02
-1.866216286482823283e-02
-1.866344554510807052e-02
-1.868563029329550762e-02
-1.869872774842958052e-02
-1.871268745955742552e-02
-1.872761748387280489e-02
-1.874362628858622370e-02
-1.876082203777569568e-02
-1.877917888559303694e-02
-1.879855516368265922e-02
-1.881881100888185832e-02
-1.883982065836788122e-02
-1.886146972768636132e-02
-1.888365227141028391e-02
-1.890626976278932114e-02
-1.892922890846082673e-02
-1.895244088924900872e-02
-1.897582067963766994e-02
-1.899928654618891766e-02
-1.902275981771241187e-02
-1.904616482619295170e-02
-1.906942867637105576e-02
-1.909248147473255330e-02
-1.912022795937114161e-02
-1.914736511471760994e-02
-1.917633018720690807e-02
-1.920640936553394407e-02
-1.923702283217151865e-02
-1.926769663567767799e-02
-1.929804118577183036e-02
-1.932774694358732614e-02
-1.935657032125234767e-02
-1.938432373215896731e-02
-1.941086535515655631e-02
-1.943609116513653201e-02
-1.945993189378238120e-02
-1.948254722293496499e-02
-1.950461930561950274e-02
-1.952542655588233866e-02
-1.954500004146113301e-02
-1.956337119802208091e-02
-1.958057941185596673e-02
-1.959667183024763060e-02
-1.961170003567387632e-02
-1.962571865118205305e-02
-1.963878338194456619e-02
-1.965094958636191824e-02
-1.966227174147230916e-02
-1.967280077605093602e-02
-1.968258341853650062e-02
-1.969166120614557203e-02
-1.970006967775543572e-02
-1.970783775978124375e-02
-1.971498734925701546e-02
-1.972153309290701484e-02
-1.972748235582885701e-02
-1.973283536895492629e-02
-1.973758554088907158e-02
-1.974171912307297327e-02
-1.974521976131872469e-02
-1.974806241060904355e-02
-1.975021784692461424e-02
-1.975165507094972517e-02
-1.975234063656140793e-02
-1.975223786407158399e-02
-1.975131145406647248e-02
-1.974952532446461184e-02
-1.974684002616700074e-02
-1.974322515984019977e-02
-1.973865056381625405e-02
-1.973308849109625673e-02
-1.972651679301375138e-02
-1.971891697009640898e-02
-1.971027573774569719e-02
-1.970058692567978886e-02
-1.968984910053918347e-02
-1.967806759243352632e-02
-1.966525420590579942e-02
-1.965139994100788268e-02
-1.963646635378932248e-02
-1.962041762548193125e-02
-1.960323081031835335e-02
-1.958489818020683892e-02
-1.956542684393303144e-02
-1.954483873542589567e-02
-1.952317051859468744e-02
-1.950047341369205711e-02
-1.947681294958376885e-02
-1.945226864639781894e-02
-1.942693363363029446e-02
-1.940091420974224268e-02
-1.937432935046956572e-02
-1.934731017440043110e-02
-1.931664756141206196e-02
-1.908372167371456818e-02
-1.911891257272914368e-02
-1.909507412750154065e-02
-1.907173210728815849e-02
-1.904480258470800380e-02
-1.900655036970883005e-02
-1.896857903625687181e-02
-1.893207346111130951e-02
-1.889117662909445272e-02
-1.884909201155893221e-02
-1.882747014608592007e-02
-1.877226230363955584e-02
-1.874601062040903710e-02
-1.873090267950060228e-02
-1.868431635793903201e-02
-1.866791299752354472e-02
-1.866099615573582615e-02
-1.864211460196373016e-02
-1.861797477670842915e-02
-1.859739388536076066e-02
-1.857696250403681471e-02
-1.855281426894585250e-02
-1.852246109803364071e-02
-1.848431565862602988e-02
-1.843738575953672576e-02
-1.838107760010926350e-02
-1.831506941522234588e-02
-1.823922941042781243e-02
-1.815356260130725208e-02
-1.805817664745625051e-02
-1.795325959929888748e-02
-1.783906471412113892e-02
-1.771590074442158658e-02
-1.758412563772805692e-02
-1.744414269789781868e-02
-1.729639854321440851e-02
-1.714138214982197095e-02
-1.697962358538865346e-02
-1.681169389823984617e-02
-1.663820547525986238e-02
-1.645981170552399120e-02
-1.627720716255316724e-02
-1.609112779823530792e-02
-1.590235105258165638e-02
-1.571169582354930983e-02
-1.552002229556623258e-02
-1.532823176072246885e-02
-1.513726598429968040e-02
-1.494810567105135657e-02
-1.476176931049218155e-02
-1.457931242831518592e-02
-1.440182756201002778e-02
-1.423044364450244681e-02
-1.406632411576587416e-02
-1.391066389156012106e-02
-1.376468526786114865e-02
-1.362963282294313294e-02
-1.350676738478535921e-02
-1.339735915046451342e-02
-1.330268006929434532e-02
-1.322399562711899790e-02
-1.316255619129569343e-02
-1.311958809186697383e-02
-1.309628462280530703e-02
-1.309379714758641955e-02
-1.311322648598499396e-02
-1.315561474463869396e-02
-1.322193783678592138e-02
-1.331309855648937779e-02
-1.342992038497123342e-02
-1.357314200900336387e-02
-1.374341330399071748e-02
-1.394129138305641447e-02
-1.416723672794259481e-02
-1.442161005569608800e-02
-1.470467063461237955e-02
-1.501657570493877825e-02
-1.535738046241645616e-02
-1.572703839611987175e-02
-1.612540250928337637e-02
-1.655222613862412928e-02
-1.700716367243916560e-02
-1.748977046510735711e-02
-1.799950245747862498e-02
-1.853571626982818132e-02
-1.909766751239976024e-02
-1.968450898854302855e-02
-2.029528969531363414e-02
-2.092895209818833313e-02
-2.158432995107399666e-02
-2.226014761281049081e-02
-2.295501836966090670e-02
-2.366744447332726209e-02
-2.439581832801535066e-02
-2.513842476104061197e-02
-2.589344589902373150e-02
-2.665896565354890224e-02
-2.743297885162340743e-02
-2.821340195094922121e-02
-2.899808245189045008e-02
-2.978481242618248592e-02
-3.057133972814657374e-02
-3.135538541849559879e-02
-3.213465917074739830e-02
-3.290687196746217014e-02
-3.366975592841801868e-02
-3.442107957988939371e-02
-3.515866503954961919e-02
-3.588040623859832523e-02
-3.658428457701459746e-02
-3.726838279370164875e-02
-3.793089724223464021e-02
-3.857015576762241882e-02
-3.918463281402652376e-02
-3.977292302055419893e-02
-4.033376283222406267e-02
-4.086604918526548502e-02
-4.136883915898179054e-02
-4.184135406035167926e-02
-4.228298142332492793e-02
-4.269327394348233773e-02
-4.307194899794723753e-02
-4.341888657919984462e-02
-4.373412624226444279e-02
-4.401788070458350494e-02
-4.427046792637803069e-02
-4.449233139639593992e-02
-4.468467517979505393e-02
-4.484912626270853853e-02
-4.498711158234919294e-02
-4.509995661644725096e-02
-4.518894828389142387e-02
-4.525537067532796331e-02
-4.530052315688806730e-02
-4.532572705412950959e-02
-4.533232494488578096e-02
-4.532167516097369842e-02
-4.529514311149482331e-02
-4.525409033518053292e-02
-4.519986220816668565e-02
-4.513377238659750657e-02
-4.505708564393893362e-02
-4.497100559559003702e-02
-4.487667274669752959e-02
-4.477516198673336945e-02
-4.466746743052834451e-02
-4.455448328676254316e-02
-4.443698822874805193e-02
-4.431563252747050541e-02
-4.419092761849677253e-02
-4.406323803016419516e-02
-4.393277576588104638e-02
-4.379959728968315508e-02
-4.366360336833972899e-02
-4.352454203348388867e-02
-4.338201490469595356e-02
-4.323548727427733995e-02
-4.308430193558770993e-02
-4.292769686236443810e-02
-4.276535036058351502e-02
-4.259778502685893087e-02
-4.242560078659551870e-02
-4.224891968281746513e-02
-4.206740450392403019e-02
-4.188024891268897487e-02
-4.168627831319246524e-02
-4.148410413795701468e-02
-4.127223044538939900e-02
-4.104912875141422668e-02
-4.081330548540870740e-02
-4.056280772563367748e-02
-4.029502320542061033e-02
-4.000761824641672210e-02
-3.969909112327407036e-02
-3.936869703357709360e-02
-3.902499573713809344e-02
-3.867244834684361449e-02
-3.830765614829678700e-02
-3.792953214115246663e-02
-3.753563295355723251e-02
-3.712739060328926893e-02
-3.650288495836114672e-02
-3.549228193476892251e-02
-3.408977032937304807e-02
-3.228955719026189997e-02
-3.008617578448823104e-02
-2.747438563074858231e-02
-2.444934450713370094e-02
-2.100693019994823857e-02
-1.714397899014409588e-02
-1.285869852431856253e-02
-8.151004182389141872e-03
-3.022947717887747299e-03
2.520777750294661557e-03
8.472270906187014811e-03
1.481980938905504835e-02
2.154721107166654090e-02
2.863319699547079919e-02
3.605079405774998247e-02
4.376682882593990742e-02
5.174157826151766504e-02
5.992865560220295151e-02
6.827521526044014188e-02
7.672255352546336615e-02
8.520715893169167332e-02
9.366222535606703870e-02
1.020195827381756154e-01
1.102119347998816168e-01
1.181752365143073774e-01
1.258510118451642290e-01
1.331884143670732379e-01
1.401458630331984812e-01
1.466921249753291856e-01
1.528067773270716800e-01
1.584800484664021236e-01
1.637120814555971526e-01
1.685116927484625604e-01
1.728947224969611951e-01
1.768820815537412439e-01
1.804976019775433316e-01
1.837657975668300081e-01
1.867096409191614237e-01
1.893484642566060361e-01
1.916960917347111937e-01
1.937593102508647913e-01
1.955367886794646126e-01
1.970185505867239062e-01
1.981860554703321897e-01
1.990129405868888701e-01
1.994664837818840297e-01
1.995098136363752106e-01
1.991048519849091814e-01
1.982159154437145854e-01
1.968138133533929301e-01
1.948801551089796025e-01
1.924114339076468116e-01
1.894223285561590364e-01
1.859476290968385404e-01
1.820423152962631352e-01
1.777796208473876038e-01
1.765736086977746366e-01
1.768206340951516409e-01
1.770223264859560608e-01
1.772168985916851014e-01
1.774467739015851420e-01
1.777540722928412364e-01
1.781801100499288970e-01
1.787649287655541930e-01
1.795468799690789208e-01
1.805622823728016135e-01
1.818451540327172822e-01
1.834270110118604857e-01
1.853367164154410829e-01
1.876003577967698122e-01
1.902411256802133133e-01
1.932791601187289210e-01
1.967313248303897977e-01
2.006108590416763593e-01
2.049268458606705867e-01
2.096834236913919236e-01
2.148786557651156115e-01
2.205029659917414897e-01
2.265370535108160444e-01
2.329492246737668026e-01
2.396921483695254873e-01
2.466991756712727524e-01
2.538806002397649975e-01
2.611205966421019653e-01
2.682760428021913612e-01
2.751597016775315652e-01
2.815515597440879647e-01
2.872433456006128760e-01
2.920714809947932422e-01
2.959371698662119909e-01
2.988177804304760210e-01
3.007665061341844304e-01
3.019007684162023919e-01
3.023826742106470178e-01
3.023958615092461333e-01
3.021223702831907776e-01
3.017216734912397946e-01
3.013125387241017417e-01
3.008805783202517792e-01
3.003800238636854525e-01
2.997983808583131182e-01
2.989875587272626811e-01
2.980706520682058214e-01
2.970546600788046554e-01
2.959557612675624005e-01
2.947904327629288224e-01
2.935751680673088782e-01
2.923255994214205566e-01
2.910555301943348327e-01
2.897765731986167159e-01
2.884981086907044689e-01
2.872272997799819039e-01
2.859692393134393162e-01
2.847271298780457705e-01
2.835024716900678143e-01
2.822952156626198361e-01
2.811039325784872034e-01
2.799260130515663914e-01
2.787577549804157728e-01
2.775944992747640394e-01
2.764307936496749885e-01
2.752605518253815053e-01
2.740771841122620622e-01
2.728737042508799782e-01
2.716428141980161692e-01
2.703769697786029269e-01
2.690684303242403264e-01
2.677092952050231789e-01
2.662915296180572433e-01
2.648069838445249458e-01
2.632474045411453689e-01
2.616044435341149943e-01
2.598696642229013642e-01
2.580345471632298215e-01
2.560843862829900175e-01
2.540160911407640665e-01
2.518202850481248145e-01
2.494885667886505010e-01
2.470121458306683282e-01
2.443819862510093754e-01
2.415889237331474704e-01
2.386237652669616072e-01
2.354773805509751960e-01
2.321407911245806088e-01
2.286052617700271017e-01
2.248623958505585607e-01
2.209042357134931023e-01
2.167233700618946823e-01
2.123130511537378307e-01
2.076673220236159301e-01
2.027811531154351810e-01
1.976505860209424870e-01
1.922728828353091335e-01
1.872501553125000551e-01
1.857690404695396258e-01
1.838467632679592345e-01
1.820681899182685914e-01
1.792159181303244475e-01
1.765470026856480745e-01
1.741535729958749168e-01
1.716608994522413334e-01
1.687517974395515985e-01
1.661616332079447478e-01
1.625982262281149837e-01
1.597214955193390906e-01
1.558112217984508052e-01
1.518652931184428512e-01
1.481333069826697713e-01
1.439228858588497695e-01
1.395769307682371285e-01
1.352857964192362428e-01
1.308437692672320130e-01
1.267084553292686655e-01
1.235335787723912532e-01
1.202431105696310232e-01
1.158203643486695883e-01
1.124695857752782829e-01
1.088015648401294833e-01
1.043624497278898278e-01
1.001070699934434732e-01
9.779518296806066768e-02
9.442060816741029705e-02
9.038550515777814265e-02
8.592717784013484406e-02
8.203726972192690314e-02
7.824500260995057022e-02
7.444846302831473195e-02
7.063855500848204017e-02
6.682283310362996387e-02
6.299428541010632099e-02
5.916028273279616556e-02
5.526612685479984077e-02
5.133833090982073410e-02
4.741774147716990018e-02
4.355755260473428980e-02
3.981045871973284966e-02
3.622031099123371178e-02
3.273754413657242734e-02
2.938371029790723399e-02
2.608911234674229918e-02
2.313358442062701803e-02
2.028029147415799649e-02
1.795745646376809002e-02
1.690632139208300688e-02
1.658272425640130998e-02
1.658421842615168118e-02
1.656284774077873556e-02
1.655041146128558016e-02
1.654638073984218694e-02
1.654895874460776684e-02
1.655701274693785474e-02
1.656970565969748121e-02
1.658637290255191021e-02
1.660637436621570373e-02
1.662915965581401867e-02
1.665424707785967406e-02
1.668120133143638495e-02
1.670963366887986967e-02
1.673920096617062536e-02
1.676960292358237181e-02
1.680057928526293431e-02
1.683190688963709380e-02
1.686339405394179924e-02
1.689487893815994068e-02
1.692622744393748602e-02
1.695734305690616006e-02
1.698811007222483793e-02
1.701844987685699473e-02
1.704829715736205786e-02
1.707759775592621043e-02
1.710630703243481987e-02
1.713438814306642022e-02
1.716181079217748984e-02
1.718855051898088293e-02
1.721458708768122681e-02
1.723990330394617465e-02
1.726355900141435251e-02
1.728585709240859636e-02
1.730679650859445751e-02
1.732633474775019389e-02
1.734445087142499897e-02
1.736112595586974949e-02
1.737634333556331567e-02
