-1.926165900745291371e-03
-3.021709785583887031e-03
-4.534929684396449279e-03
-6.616914924877204118e-03
-9.301441611844180057e-03
-1.166303150393946386e-02
-1.166126103593928542e-02
-1.165936363350766891e-02
-1.165733693314743857e-02
-1.165518420967476265e-02
-1.165290052605560955e-02
-1.165048881438845996e-02
-1.164794706811594915e-02
-1.164527672413570580e-02
-1.164247222146130856e-02
-1.163953528862379794e-02
-1.163645982367411680e-02
-1.163324423296141497e-02
-1.162988446098645046e-02
-1.162637905607177835e-02
-1.162272877773060098e-02
-1.161893244846498585e-02
-1.161498888435791299e-02
-1.161089708218762673e-02
-1.160665622375781081e-02
-1.160226417075635452e-02
-1.159772235435427290e-02
-1.159303038465975266e-02
-1.158818818229462311e-02
-1.158319538170377028e-02
-1.157805291698010830e-02
-1.157276116807090527e-02
-1.156732065417070965e-02
-1.156173224092724161e-02
-1.155599690253902856e-02
-1.155011568122513155e-02
-1.154408976699278222e-02
-1.153792047678137145e-02
-1.153160931904501085e-02
-1.152515782000912425e-02
-1.151856764428904611e-02
-1.151184055728282640e-02
-1.150497838559214059e-02
-1.149798315021585693e-02
-1.149085684453121647e-02
-1.148360156633743134e-02
-1.147621947910662521e-02
-1.146871280518041436e-02
-1.146108381904781259e-02
-1.145333472722945278e-02
-1.144546803711335436e-02
-1.143748610402268995e-02
-1.142939134580420180e-02
-1.142118620001023044e-02
-1.141287311770317059e-02
-1.140445455736020797e-02
-1.139593297887793455e-02
-1.138731083767854924e-02
-1.137859057892826042e-02
-1.136977463187036075e-02
-1.136086540428336844e-02
-1.135186527707160442e-02
-1.134277659899862734e-02
-1.133360168157268588e-02
-1.132434279409556821e-02
-1.131500215888549266e-02
-1.130558194668614125e-02
-1.129608425326461552e-02
-1.128651111375614247e-02
-1.127686455713979019e-02
-1.126714654445974684e-02
-1.125735890751858315e-02
-1.124750340403311843e-02
-1.123758173309392927e-02
-1.122759551345119122e-02
-1.121754628104612572e-02
-1.120743548681175927e-02
-1.119726449474549301e-02
-1.118703458025517572e-02
-1.117674692877902720e-02
-1.116640263467741367e-02
-1.115600270039551756e-02
-1.114554803589347387e-02
-1.113503945833956010e-02
-1.112447769206208192e-02
-1.111386336875400116e-02
-1.110319702792333940e-02
-1.109247911758305671e-02
-1.108170999517121835e-02
-1.107088992869391386e-02
-1.106001915523936729e-02
-1.104909768989971453e-02
-1.103812557078250045e-02
-1.102710272270816805e-02
-1.101602898990158841e-02
-1.100490413824840863e-02
-1.099372785769839322e-02
-1.098249976481117940e-02
-1.097121927882840908e-02
-1.095988600423455916e-02
-1.094849937036129761e-02
-1.093705872699923809e-02
-1.092556336513188231e-02
-1.091401234423607092e-02
-1.090240486905282025e-02
-1.089074026474157186e-02
-1.087901761221714281e-02
-1.086723566411590403e-02
-1.085539344990206490e-02
-1.084348429335571518e-02
-1.083151450661677673e-02
-1.081948213576867934e-02
-1.080738592055932590e-02
-1.079522144728195521e-02
-1.078299194572199249e-02
-1.077069558834460594e-02
-1.075833119425936846e-02
-1.074589710675667720e-02
-1.073339194294357923e-02
-1.072081573879912764e-02
-1.070816829568810302e-02
-1.069544545988164452e-02
-1.068264755054337822e-02
-1.066977567252902492e-02
-1.065682788722956131e-02
-1.064380347355312062e-02
-1.063070100375280991e-02
-1.061753020682458526e-02
-1.060435896361162922e-02
-1.059111487568527299e-02
-1.057779070100157981e-02
-1.056438077620001914e-02
-1.055087859960956997e-02
-1.053728913228396680e-02
-1.052361083866515390e-02
-1.050984247255891402e-02
-1.049598283844262181e-02
-1.048203079186801889e-02
-1.046797860190631924e-02
-1.045383172827554774e-02
-1.043958310968251535e-02
-1.042523769204252437e-02
-1.041079427396013335e-02
-1.039625205183795920e-02
-1.038161028316715584e-02
-1.036686828899374690e-02
-1.035202545661231821e-02
-1.033708124250730387e-02
-1.032203517552980621e-02
-1.030688686029060386e-02
-1.029163598075034936e-02
-1.027627662496029270e-02
-1.026081435244773077e-02
-1.024524894974949973e-02
-1.022958046314480229e-02
-1.021380354007518643e-02
-1.019792422847377866e-02
-1.018194248814155434e-02
-1.016585879444120710e-02
-1.014967373855121813e-02
-1.013338803123942089e-02
-1.011700250641242582e-02
-1.010051812442980257e-02
-1.008393597514577189e-02
-1.006725728064562786e-02
-1.005048339765281240e-02
-1.003361581958052418e-02
-1.001665617818903176e-02
-9.999606244818104450e-03
-9.982467931173327758e-03
-9.965243289652578329e-03
-9.947934513199307993e-03
-9.930543934673727313e-03
-9.913074025734561201e-03
-9.895527395229392065e-03
-9.877906787090093288e-03
-9.860215077739833966e-03
-9.842455273013833716e-03
-9.824630504604178749e-03
-9.806744026040245532e-03
-9.788799208216486525e-03
-9.770799534486812599e-03
-9.752748595342794480e-03
-9.734650082697332563e-03
-9.716507783796943243e-03
-9.698325574788266290e-03
-9.680107413965119423e-03
-9.661857334724188728e-03
-9.643583861203106067e-03
-9.625286408821667750e-03
-9.606974361335451906e-03
-9.588646338018980142e-03
-9.570306996493471718e-03
-9.551960642657855716e-03
-9.533611603184347083e-03
-9.515264217281979575e-03
-9.496922828486215051e-03
-9.478596583821760624e-03
-9.460284157225065660e-03
-9.441995214601789366e-03
-9.423728189427479918e-03
-9.405487586286245816e-03
-9.387280894141661336e-03
-9.369110813592304576e-03
-9.350975821809409672e-03
-9.332880183118702488e-03
-9.314827806661873932e-03
-9.296822529908044253e-03
-9.277885262785501297e-03
-9.258664313701536752e-03
-9.239466134488158455e-03
-9.220280124586990866e-03
-9.201104528025624840e-03
-9.181938411064460848e-03
-9.162781842789124997e-03
-9.143637482612598788e-03
-9.124505774361121868e-03
-9.105389005365865929e-03
-9.086291573087088014e-03
-9.067213852877495373e-03
-9.048158784655285780e-03
-9.029129388205436868e-03
-9.010128534720412974e-03
-8.991158882524483142e-03
-8.972222793175513300e-03
-8.953322239721006603e-03
-8.953324026216815529e-03
-8.953336508033243185e-03
-8.953370473448563766e-03
-8.953436844370216488e-03
-8.953546685850584386e-03
-8.953711219530638074e-03
-8.953941835896697329e-03
-8.954250101289222205e-03
-8.954647765312899466e-03
-8.955146768044321484e-03
-8.955759246485960751e-03
-8.956497447871011874e-03
-8.957373368840858274e-03
-8.958398676416984285e-03
-8.959584725147155468e-03
-8.960942578560832442e-03
-8.962483034558420616e-03
-8.964216654409924365e-03
-8.966153794867471466e-03
-8.968304642959319326e-03
-8.970679256501109047e-03
-8.973287609154764755e-03
-8.976139630772381542e-03
-8.979245252983648201e-03
-8.982614458517751421e-03
-8.986257332885379950e-03
-8.990184118286352957e-03
-8.994405269604394820e-03
-8.998931511989452514e-03
-9.003773900909619113e-03
-9.008943888540428893e-03
-9.014453382321352057e-03
-9.020314807683105923e-03
-9.026541173436250509e-03
-9.033146137784371296e-03
-9.040144075776159610e-03
-9.047550152030136433e-03
-9.055380384272419467e-03
-9.063651709072436877e-03
-9.072382051539002595e-03
-9.081590400095601243e-03
-9.091296873195162456e-03
-9.101522779806083333e-03
-9.112290685135906662e-03
-9.123624477975010583e-03
-9.135549437490770794e-03
-9.148092297380432808e-03
-9.161281307215694142e-03
-9.175146292281770311e-03
-9.189718711542766913e-03
-9.205031715878525533e-03
-9.221120206261286881e-03
-9.238020878362651275e-03
-9.255772269878692962e-03
-9.274414809658730607e-03
-9.293990852488720478e-03
-9.314544714044078327e-03
-9.336122703224552025e-03
-9.358773149760262269e-03
-9.382546428500686611e-03
-9.407494983853206122e-03
-9.433673337528907660e-03
-9.461138094349459682e-03
-9.489947944159467935e-03
-9.520163657735732088e-03
-9.551848076198576898e-03
-9.585066095091243632e-03
-9.619884646165324793e-03
-9.656372661554446513e-03
-9.694601033946745328e-03
-9.734642570886235802e-03
-9.776571941256216591e-03
-9.820465613717271891e-03
-9.866401786868678192e-03
-9.914460310932321496e-03
-9.964722600750292036e-03
-1.001727153992276742e-02
-1.007219137590907587e-02
-1.012956760594697914e-02
-1.018948685365114737e-02
-1.025203673618452216e-02
-1.031730572189520911e-02
-1.038538297836069657e-02
-1.045635821077622873e-02
-1.053032149066560064e-02
-1.060736307490903196e-02
-1.068757321510493963e-02
-1.077104195731476421e-02
-1.085785893260121648e-02
-1.094811313877458447e-02
-1.104189270857186544e-02
-1.113928466549757301e-02
-1.124037468439920140e-02
-1.134524683821291902e-02
-1.145398333381802969e-02
-1.156666423990554415e-02
-1.168336720477608504e-02
-1.180416715998888755e-02
-1.192913603457224081e-02
-1.205834245735970534e-02
-1.219185144995793557e-02
-1.232972409916066603e-02
-1.247201724870061756e-02
-1.261878317869513655e-02
-1.277006927472212894e-02
-1.292591768788498019e-02
-1.308636501388515949e-02
-1.325144195736238650e-02
-1.342117301453149558e-02
-1.359557613742834459e-02
-1.377466241088554089e-02
-1.395843572933186394e-02
-1.414689247257094884e-02
-1.434002120213628828e-02
-1.453780239738544644e-02
-1.474020815996524014e-02
-1.494720196570797910e-02
-1.515873843593595893e-02
-1.537476312067376227e-02
-1.559521233662386486e-02
-1.582001303298086192e-02
-1.604908269311011715e-02
-1.628232927671025010e-02
-1.651965119653175940e-02
-1.676093736965644787e-02
-1.700606731425491347e-02
-1.725491129743561558e-02
-1.750733053697062225e-02
-1.776317745527666858e-02
-1.802229600421800804e-02
-1.828452203839725509e-02
-1.854968373712151397e-02
-1.881760207361393711e-02
-1.908809132653532803e-02
-1.936095962654049707e-02
-1.963600952963173718e-02
-1.991303862325682905e-02
-2.019184014471653299e-02
-2.047220360683960072e-02
-2.075391542575566461e-02
-2.103675954429806705e-02
-2.132051804514403792e-02
-2.160497174846520707e-02
-2.188990078960746655e-02
-2.217508517309774857e-02
-2.246030530005635462e-02
-2.274534246685325223e-02
-2.302997933355696580e-02
-2.331400036137645793e-02
-2.359719221853945337e-02
-2.387934415463410787e-02
-2.416024834682417577e-02
-2.443970021599484177e-02
-2.471749871462314285e-02
-2.499344658827534760e-02
-2.526735061239510083e-02
-2.553902180614187056e-02
-2.580827562508397621e-02
-2.607493213456624215e-02
-2.633881616554611949e-02
-2.659975745465381625e-02
-2.685759077016514063e-02
-2.711215602549221781e-02
-2.736329838172046891e-02
-2.761086834060555439e-02
-2.785472182936743479e-02
-2.809472027848425313e-02
-2.833073069362157526e-02
-2.856262572270018563e-02
-2.879028371903069594e-02
-2.901358880133475537e-02
-2.923243091138683081e-02
-2.944670586992692574e-02
-2.965631543141228343e-02
-2.986116733810889601e-02
-3.006117537393260264e-02
-3.025625941842052802e-02
-3.044634550112412796e-02
-3.063136585668185807e-02
-3.081125898076852998e-02
-3.098596968707573174e-02
-3.115544916547730026e-02
-3.131965504142497636e-02
-3.147855143665362343e-02
-3.163210903125002194e-02
-3.178030512703017285e-02
-3.192312371229172330e-02
-3.206055552786665763e-02
-3.219259813447059027e-02
-3.231925598128154720e-02
-3.244054047567992982e-02
-3.255647005412973249e-02
-3.266707025408896459e-02
-3.277237378690089908e-02
-3.287242061159853512e-02
-3.296725800953873020e-02
-3.305694065980918639e-02
-3.314153071533593176e-02
-3.322109787961524674e-02
-3.329571948402521020e-02
-3.336548056564694886e-02
-3.343047394553566587e-02
-3.349080030740050895e-02
-3.354656827664448393e-02
-3.359789449971081754e-02
-3.364490372370851357e-02
-3.368772887627366486e-02
-3.372651114564292896e-02
-3.376140006304434449e-02
-3.379255359113433888e-02
-3.382013820334078824e-02
-3.384432895508804329e-02
-3.386530956218553046e-02
-3.388327248058825569e-02
-3.389841898606976711e-02
-3.391095925439852055e-02
-3.392111244160617156e-02
-3.392910676419624849e-02
-3.393517957924424566e-02
-3.393957746430792399e-02
-3.394255629703135657e-02
-3.394438133420912829e-02
-3.394532728986238146e-02
-3.394567841117979157e-02
-3.394572854796373829e-02
-3.513596620095307821e-02
-3.513504037287606963e-02
-3.513434141741896000e-02
-3.513398345367726994e-02
-3.513393033033934687e-02
-3.513414588315073861e-02
-3.513459803295736206e-02
-3.513525796058054873e-02
-3.513610127959423957e-02
-3.513710539553971390e-02
-3.513825066337393499e-02
-3.513951970304868277e-02
-3.514089712171687696e-02
-3.514236927348099448e-02
-3.514393686277650364e-02
-3.514560308246665599e-02
-3.514736273874610739e-02
-3.514921127086882702e-02
-3.515114471919777994e-02
-3.515315983460925997e-02
-3.515525342161533728e-02
-3.515742295322962785e-02
-3.515966673527566588e-02
-3.516198210793884671e-02
-3.516436785094938233e-02
-3.516682268055995597e-02
-3.516934555518783090e-02
-3.517193730199687229e-02
-3.517459539891784615e-02
-3.517731958147138349e-02
-3.518011053404529465e-02
-3.518296847311032371e-02
-3.518589139071696958e-02
-3.518888010914282549e-02
-3.519193488726768404e-02
-3.519505609700579463e-02
-3.519824421257618241e-02
-3.520149774783448704e-02
-3.520481908181402608e-02
-3.520820884011438556e-02
-3.521166810697806682e-02
-3.521519793155937494e-02
-3.521880065990742881e-02
-3.522247712416816390e-02
-3.522622678471588886e-02
-3.523005115571566093e-02
-3.523395160787651248e-02
-3.523792947078466242e-02
-3.524198869898630126e-02
-3.524612706452012745e-02
-3.525034652362345200e-02
-3.525464874372605251e-02
-3.525903528019305733e-02
-3.526350765080295269e-02
-3.526806736461753078e-02
-3.527271593089299773e-02
-3.527745485910638301e-02
-3.528228794449525529e-02
-3.528721345440662127e-02
-3.529223339992480779e-02
-3.529734946415689911e-02
-3.530256316604732381e-02
-3.530787592510617467e-02
-3.531328908393911725e-02
-3.531880391233244154e-02
-3.532442160320951874e-02
-3.533014326496823621e-02
-3.533596991219260797e-02
-3.534190245564748645e-02
-3.534794169200056180e-02
-3.535408829351135984e-02
-3.536034279784856793e-02
-3.536670559815606463e-02
-3.537317693347476200e-02
-3.537975687962023608e-02
-3.538644534061059777e-02
-3.539324204073504565e-02
-3.540014651734801898e-02
-3.540715811446794314e-02
-3.541427597725251009e-02
-3.542149904741233313e-02
-3.542882605961869547e-02
-3.543625553894762248e-02
-3.544378579939343188e-02
-3.545141494347396616e-02
-3.545914086293718015e-02
-3.546696124056911148e-02
-3.547487355308988344e-02
-3.548287507511611871e-02
-3.549096191179107462e-02
-3.549913142007274369e-02
-3.550738153074550763e-02
-3.551573840329085019e-02
-3.552417647019287528e-02
-3.553267001499398059e-02
-3.554121989268663184e-02
-3.554983770027374257e-02
-3.555852303399052727e-02
-3.556725490454203109e-02
-3.557602735475769162e-02
-3.558483457057293187e-02
-3.559367076381614314e-02
-3.560253012894379343e-02
-3.561140561954471984e-02
-3.562029231431551590e-02
-3.562918461547256999e-02
-3.563807590422451987e-02
-3.564696152503166182e-02
-3.565583512241286834e-02
-3.566469049161961891e-02
-3.567352166956751225e-02
-3.568232380830510531e-02
-3.569109085641755663e-02
-3.569981722480425335e-02
-3.570849740995461763e-02
-3.571712600345286481e-02
-3.572569739757922025e-02
-3.573420613384079014e-02
-3.574264810035850115e-02
-3.575101793310281328e-02
-3.575931081979374926e-02
-3.576752208643543818e-02
-3.577564720222195516e-02
-3.578368178376424569e-02
-3.579162159868333470e-02
-3.579946256859198317e-02
-3.580720077148659419e-02
-3.581483244358493745e-02
-3.582235398064030629e-02
-3.582976170326576670e-02
-3.583705261310313195e-02
-3.584422293836728168e-02
-3.585127073543013798e-02
-3.585819277471903599e-02
-3.586498641403218501e-02
-3.587164916892630895e-02
-3.587817871155057903e-02
-3.588457286937687951e-02
-3.589082962388673304e-02
-3.589694710925668553e-02
-3.590292361107377817e-02
-3.590875756510901462e-02
-3.591444755616821083e-02
-3.591999231703564555e-02
-3.592539072751685381e-02
-3.593064181358192333e-02
-3.593574474660210516e-02
-3.594066754203673053e-02
-3.594540123285515365e-02
-3.594993217436490140e-02
-3.595424931922984457e-02
-3.595834378114674823e-02
-3.596220847320109881e-02
-3.596583780646943340e-02
-3.596922743878418205e-02
-3.597237406518856428e-02
-3.597527524296870172e-02
-3.597792924531388603e-02
-3.598033493863807275e-02
-3.598249167942409177e-02
-3.598439922715439276e-02
-3.598605767047816095e-02
-3.598746736425764703e-02
-3.598862887555391576e-02
-3.598954293695437456e-02
-3.599021040593072818e-02
-3.599063222915409310e-02
-3.599080941088826646e-02
-3.599074298474989886e-02
-3.599043398825749196e-02
-3.598988343970287163e-02
-3.598909231696785505e-02
-3.598806154480052588e-02
-3.598679195512737017e-02
-3.598528429281790120e-02
-3.598353919183812366e-02
-3.598155716029236006e-02
-3.597933856629362270e-02
-3.597688362458731359e-02
-3.597419238386265206e-02
-3.597126471470378506e-02
-3.596810029813983511e-02
-3.596469861476266072e-02
-3.596105893438310275e-02
-3.595718030620681516e-02
-3.595306154950597688e-02
-3.594870124477390905e-02
-3.594409772534480629e-02
-3.593924909249733568e-02
-3.593415347156364570e-02
-3.592880775021421724e-02
-3.592320949688314335e-02
-3.591735573330674669e-02
-3.591124315879215545e-02
-3.590486817840927991e-02
-3.589822689777903697e-02
-3.589131512733000073e-02
-3.588412835171478354e-02
-3.587666174984845135e-02
-3.586891018315306601e-02
-3.586086864630765036e-02
-3.585253067871269073e-02
-3.584389032903428918e-02
-3.583494120924453352e-02
-3.582522035210282396e-02
-3.581477617989567430e-02
-3.580395739282941914e-02
-3.579274990915776167e-02
-3.578114377958012404e-02
-3.576913022169410372e-02
-3.575669992394651941e-02
-3.574384409454543776e-02
-3.573055397982383141e-02
-3.571682116371417692e-02
-3.570263649300001174e-02
-3.568798985920068612e-02
-3.567300294874210798e-02
-3.565767457597039669e-02
-3.564200404966023916e-02
-3.562599059331150730e-02
-3.560963325885652120e-02
-3.559294821724005853e-02
-3.557628577180171892e-02
-3.555933184381442069e-02
-3.554201551211699783e-02
-3.554169515363225784e-02
-3.553949046506747755e-02
-3.553361848611757967e-02
-3.552240456399295698e-02
-3.550428076569922542e-02
-3.547778457717076783e-02
-3.544155648586215512e-02
-3.539433733489082134e-02
-3.533496568096749363e-02
-3.526237516143859718e-02
-3.517559190674332537e-02
-3.507373202698544495e-02
-3.495599911397334614e-02
-3.482168184288564339e-02
-3.467015166116281522e-02
-3.450086063365468553e-02
-3.431333942451811336e-02
-3.410719537389836353e-02
-3.388211069160110972e-02
-3.363784077577726406e-02
-3.337421265597548953e-02
-3.309112356480966438e-02
-3.278853962115971937e-02
-3.246649462538239023e-02
-3.212508895781758522e-02
-3.176448856911584517e-02
-3.138492406335198492e-02
-3.098668987035407135e-02
-3.057014338092708949e-02
-3.013570415921854387e-02
-2.968385319743979678e-02
-2.921513205140591207e-02
-2.873014195627154876e-02
-2.822954289193278440e-02
-2.771405260853228303e-02
-2.718444543870118107e-02
-2.664155078647569702e-02
-2.608625140866373954e-02
-2.551948148847474687e-02
-2.494222433315714665e-02
-2.435550972725469138e-02
-2.376041080393453964e-02
-2.315804044818317586e-02
-2.254954716904660275e-02
-2.193611038015461090e-02
-2.131893504185434357e-02
-2.069924562603396578e-02
-2.007827937730957690e-02
-1.945727886416986907e-02
-1.883748384383417129e-02
-1.822012250819107781e-02
-1.760640222706905123e-02
-1.699749998849200971e-02
-1.639455291412325599e-02
-1.579864911482520284e-02
-1.521081948000060913e-02
-1.463203085733638664e-02
-1.406318097155309643e-02
-1.350509603401595093e-02
-1.295853066405854709e-02
-1.242417019247662492e-02
-1.190263505189533000e-02
-1.139448612341911748e-02
-1.090023087663649637e-02
-1.042032993859046131e-02
-9.955203184440430952e-03
-9.505234853782129623e-03
-9.070777684652364670e-03
-8.652155685788642803e-03
-8.249665609494361007e-03
-7.863577251658759870e-03
-7.494132729029989726e-03
-7.141544911925146177e-03
-6.805995192842861918e-03
-6.487630772921082478e-03
-6.186561621887964879e-03
-5.902857251183779574e-03
-5.636543411673633486e-03
-5.387598805855736694e-03
-5.155951882562737065e-03
-4.941477760240231554e-03
-4.743995308495368990e-03
-4.563264402963923549e-03
-4.398983356613928031e-03
-4.250786512078080781e-03
-4.118241978190856356e-03
-4.000849562292879691e-03
-3.898038823454352819e-03
-3.809167208057573362e-03
-3.733518257975729226e-03
-3.670299881110478113e-03
-3.618642672071570310e-03
-3.577598270951151682e-03
-3.546137749179500975e-03
-3.523150013430009775e-03
-3.507440220271079712e-03
-3.497728196608651530e-03
-3.492646862453221979e-03
-3.490740653718168995e-03
-3.490463944191210532e-03
-1.047719533447451223e-02
-9.952990436860820189e-03
-9.683251581142041098e-03
-9.680686800425122862e-03
-9.677234369481230170e-03
-9.672934093401489020e-03
-9.667774884478161357e-03
-9.661734410146796681e-03
-9.654781193386877125e-03
-9.646880033368138152e-03
-9.637992608314993603e-03
-9.628079689392693430e-03
-9.617102619404641062e-03
-9.605024480377505336e-03
-9.591811129923313861e-03
-9.577432537149530023e-03
-9.561860162707630506e-03
-9.545071586825992771e-03
-9.527049735718245982e-03
-9.507779883237671426e-03
-9.487251472893892812e-03
-9.465461290461496535e-03
-9.442412686225781782e-03
-9.418113016835524820e-03
-9.392573295820244583e-03
-9.365812094564662793e-03
-9.337447785514707554e-03
-9.307514737489405721e-03
-9.274204984470138524e-03
-9.237744926683000291e-03
-9.198234835395460718e-03
-9.155791394100623593e-03
-9.110543344456698001e-03
-9.062863925346970051e-03
-9.013572272122044593e-03
-8.961798015462943412e-03
-8.907709573372807332e-03
-8.851451027981710462e-03
-8.793167891214440091e-03
-8.733006323036057728e-03
-8.671116704337816783e-03
-8.607644508526079985e-03
-8.542740018349870290e-03
-8.476554509970923856e-03
-8.409240608877918688e-03
-8.340952249064378932e-03
-8.271844623665869367e-03
-8.202074148704927015e-03
-8.131798459773784127e-03
-8.061177567206687100e-03
-7.990373693275334976e-03
-7.919545411877781937e-03
-7.848856579839441627e-03
-7.778472675417286153e-03
-7.708561396139831934e-03
-7.639292890439144945e-03
-7.570839939307488775e-03
-7.503378055182308159e-03
-7.437085466312193249e-03
-7.372142958150154635e-03
-7.308733548678794656e-03
-7.247187560585358068e-03
-7.188101464033438970e-03
-7.131052833892356779e-03
-7.076266611009351948e-03
-7.023929990022187431e-03
-6.974219309245632825e-03
-6.927315004456549574e-03
-6.883385356443554037e-03
-6.842590803332174176e-03
-6.805082025572353754e-03
-6.770998345240634986e-03
-6.740991818568811689e-03
-6.714724732989327260e-03
-6.691010254775905941e-03
-6.669454337823725598e-03
-6.649702821417233234e-03
-6.631432687508598267e-03
-6.614346031522451430e-03
-6.598148778623851018e-03
-6.582568840950188405e-03
-6.567358579826786114e-03
-6.552273038798489546e-03
-6.537094411457750054e-03
-6.521609036863031117e-03
-6.505613917237258736e-03
-6.488925411855479830e-03
-6.471366345558421385e-03
-6.452762910758851056e-03
-6.432965554954914178e-03
-6.411828150484161215e-03
-6.389214656603081632e-03
-6.364998653985744215e-03
-6.339057599701262979e-03
-6.311285782829800795e-03
-6.281585090727549725e-03
-6.249863016695174356e-03
-6.216033836619561104e-03
-6.180017629773257304e-03
-6.141822099490629183e-03
-6.141872959967883440e-03
-6.142220242538046389e-03
-6.143129082013159062e-03
-6.144824355619295415e-03
-6.147497274637816859e-03
-6.151313943325039876e-03
-6.156407741843506788e-03
-6.162879561891948348e-03
-6.170800810449870132e-03
-6.180216147027072469e-03
-6.191145638509584943e-03
-6.203585108614835184e-03
-6.217506113213120550e-03
-6.232856056496433560e-03
-6.249558596915181889e-03
-6.267514326763665676e-03
-6.286601692114195117e-03
-6.306678213438283997e-03
-6.327581897515428822e-03
-6.349132884140466955e-03
-6.371135321625373028e-03
-6.393379470818347232e-03
-6.415644042390193647e-03
-6.437698667577257741e-03
-6.459306577955274513e-03
-6.480272452112314195e-03
-6.500578617792024914e-03
-6.520259673786640668e-03
-6.539347709967774716e-03
-6.557859907398165371e-03
-6.575791191685059420e-03
-6.593110834179163361e-03
-6.609762134385535615e-03
-6.625664510862898718e-03
-6.640717721613191918e-03
-6.654807622862222299e-03
-6.667813138313268689e-03
-6.679614175119304859e-03
-6.690105274733768731e-03
-6.699219280276190458e-03
-6.706921496497017347e-03
-6.713213215086710588e-03
-6.718139451844183305e-03
-6.721795765560752839e-03
-6.724334071885336439e-03
-6.725967256579729048e-03
-6.726972312392720532e-03
-6.727691687274633958e-03
-6.728532500278106010e-03
-6.729963268916783203e-03
-6.732507787219732531e-03
-6.736735847840125135e-03
-6.743250611467077604e-03
-6.752672618422050910e-03
-6.765620724189846946e-03
-6.782690614191233536e-03
-6.804431972467939183e-03
-6.831325764976803327e-03
-6.863763345015927442e-03
-6.902029096363948568e-03
-6.946288047393389675e-03
-6.996579360997401409e-03
-7.052815953474622646e-03
-7.114789755293449147e-03
-7.182181710746915471e-03
-7.254575258847761887e-03
-7.331471967418679014e-03
-7.412308101053310949e-03
-7.496471108095537073e-03
-7.583315262206458129e-03
-7.672175963014393751e-03
-7.762382431286463103e-03
-7.853268671559554548e-03
-7.944182721890374888e-03
-8.034494329038043003e-03
-8.123601218149520409e-03
-8.210934153445037520e-03
-8.295960994673751143e-03
-8.378189946185540804e-03
-8.457172178137961627e-03
-8.532503975799243801e-03
-8.603828547351727307e-03
-8.670837605096570755e-03
-8.733272805456354648e-03
-8.790927107671792085e-03
-8.843646094836302152e-03
-8.891329287810945115e-03
-8.933931471700046201e-03
-8.971464045860272352e-03
-9.003996402093469853e-03
-9.031657331158168822e-03
-9.054636455087597402e-03
-9.073185681388790114e-03
-9.087620674665494724e-03
-9.098322341631076560e-03
-9.105738325958276369e-03
-9.110384510230606914e-03
-9.112846523110881836e-03
-9.113781250414926260e-03
-9.113918349348659742e-03
-1.977484367913066865e-02
-1.943772966724047202e-02
-1.946255171230343306e-02
-1.948647279382421937e-02
-1.950229431277009096e-02
-1.952464090351345438e-02
-1.954317288013516368e-02
-1.956402437698806507e-02
-1.957899981490168750e-02
-1.959859725946371672e-02
-1.961382186782040932e-02
-1.962900893326405966e-02
-1.964687196627948329e-02
-1.966408647280639549e-02
-1.968063758400113994e-02
-1.969656278272068073e-02
-1.971182888471304656e-02
-1.972646607128417801e-02
-1.974050538668571664e-02
-1.975397646163569443e-02
-1.976690719498510468e-02
-1.977932391767710241e-02
-1.979125135764044779e-02
-1.980271306718466712e-02
-1.981373123619905446e-02
-1.982432716817245782e-02
-1.983452093419579843e-02
-1.984433186237256203e-02
-1.985377857151691267e-02
-1.986287907434916566e-02
-1.987165086803832637e-02
-1.988011091845340306e-02
-1.988827584640057849e-02
-1.989616214317577181e-02
-1.990378609114998310e-02
-1.991116353572010972e-02
-1.991831023315399768e-02
-1.992524181042618775e-02
-1.993197379914329187e-02
-1.993852166639038803e-02
-1.994490082366150163e-02
-1.995112659786327236e-02
-1.995721459324030500e-02
-1.996318022274350124e-02
-1.996903900577871177e-02
-1.997480652599365608e-02
-1.998049844689529786e-02
-1.998613052084387276e-02
-1.999171859339765600e-02
-1.999727860370768828e-02
-2.000282658166183808e-02
-2.000837864195870869e-02
-2.001395097524860667e-02
-2.001955983646067083e-02
-2.002522153043276992e-02
-2.003095239497179603e-02
-2.003676878149015378e-02
-2.004268703339052299e-02
-2.004872346240321040e-02
-2.005489432311789028e-02
-2.006121578598874661e-02
-2.006770390913324015e-02
-2.007437460927832124e-02
-2.008124363223261905e-02
-2.008832648939944121e-02
-2.009563842843666015e-02
-2.010319461762955645e-02
-2.011100982734527476e-02
-2.011909851637732477e-02
-2.012747480766084729e-02
-2.013615246600500286e-02
-2.014514487798706177e-02
-2.015446491531103224e-02
-2.016412520810349773e-02
-2.017413799514210238e-02
-2.018451499074394584e-02
-2.019526746207428447e-02
-2.020640606247793569e-02
-2.021794123927593556e-02
-2.022988294982973334e-02
-2.024224046301364988e-02
-2.025502265725274975e-02
-2.026823807650739162e-02
-2.028189433999044722e-02
-2.029599889059492679e-02
-2.031055845696669304e-02
-2.032557885393199149e-02
-2.034106543235611464e-02
-2.035702261512790934e-02
-2.037345388243735900e-02
-2.039036192984498841e-02
-2.040774771729922388e-02
-2.042561201588830033e-02
-2.044395234732654387e-02
-2.046276550636792757e-02
-2.048204603937041346e-02
-2.050178742760681849e-02
-2.052198164881408049e-02
-2.054261654526287617e-02
-2.056367958897212245e-02
-2.058515601304969356e-02
-2.060702770247645199e-02
-2.062927542182281526e-02
-2.065187714696077592e-02
-2.067480870868841636e-02
-2.069804384387874396e-02
-2.072155430131128462e-02
-2.074530992518586192e-02
-2.076927871204978238e-02
-2.079346349492547374e-02
-2.081783715233899434e-02
-2.084232091736103187e-02
-2.086687922164258413e-02
-2.089147432060663168e-02
-2.091606802697620893e-02
-2.094062165952713384e-02
-2.096509644869885836e-02
-2.098945359646822717e-02
-2.101365477315990382e-02
-2.103766219639499613e-02
-2.106143884292679958e-02
-2.108504824164393610e-02
-2.110838713623829077e-02
-2.113130580414884774e-02
-2.115363986998630708e-02
-2.117536775345944811e-02
-2.119647159687879090e-02
-2.121693467984900328e-02
-2.123674171285873380e-02
-2.125587906911108327e-02
-2.127433496149218339e-02
-2.129209957076286241e-02
-2.130916513045033600e-02
-2.132552597324090249e-02
-2.134117854232908673e-02
-2.135612136888687118e-02
-2.137035502009007604e-02
-2.138388198553671515e-02
-2.139670650509718774e-02
-2.140883495889922550e-02
-2.142027386569853031e-02
-2.143103279748241607e-02
-2.144112244885668095e-02
-2.145055486343988571e-02
-2.145934321652546994e-02
-2.146750159753278708e-02
-2.147504479218376172e-02
-2.148198806470322242e-02
-2.148834694068794959e-02
-2.149413699642667430e-02
-2.149937365554234481e-02
-2.150407197820557170e-02
-2.150824644510256067e-02
-2.151191075734801283e-02
-2.151507919042816575e-02
-2.151776141947303600e-02
-2.151996051205969096e-02
-2.152166715859415991e-02
-2.152287347598030864e-02
-2.152358025142421527e-02
-2.152379481531280225e-02
-2.152353002756822453e-02
-2.152280069560348619e-02
-2.152162109719711613e-02
-2.152000763662195726e-02
-2.151797780926852088e-02
-2.151554080677460512e-02
-2.151271261537818225e-02
-2.150950177067426083e-02
-2.150591654137400111e-02
-2.150195637360481637e-02
-2.149761330973341822e-02
-2.149284401962724134e-02
-2.148761109687535864e-02
-2.148192089176309549e-02
-2.147567328135470410e-02
-2.147559440041359180e-02
-2.147504600328514063e-02
-2.147356824712888870e-02
-2.147071421387661966e-02
-2.146605490866481877e-02
-2.145918371886728140e-02
-2.144972225007539188e-02
-2.143732563321439424e-02
-2.142168827870796419e-02
-2.140254946716041440e-02
-2.137969880981636234e-02
-2.135298160689828167e-02
-2.132230403564738114e-02
-2.128763810557153524e-02
-2.124902632610330480e-02
-2.120658604038076767e-02
-2.116051338735334963e-02
-2.111108686210987073e-02
-2.105867045062064652e-02
-2.100371631963492830e-02
-2.094676600694740307e-02
-2.088842996175525532e-02
-2.082931544833204265e-02
-2.077000559904022478e-02
-2.071104632706230464e-02
-2.065291585401854771e-02
-2.059596440981310145e-02
-2.054030138416864867e-02
-2.048558778460479735e-02
-2.043065391242779305e-02
-2.037293838193343642e-02
-2.030829585217808209e-02
-2.023156440561513225e-02
-2.013681064739936133e-02
-2.001745096152529602e-02
-1.986637702598748056e-02
-1.967608361868844469e-02
-1.943879672487747179e-02
-1.914660005761281703e-02
-1.879155832542123150e-02
-1.836583592141627364e-02
-1.786181015582011256e-02
-1.727217869309027876e-02
-1.659006146066266396e-02
-1.580909793091489490e-02
-1.492354128616435460e-02
-1.392835148075910467e-02
-1.281928950796284994e-02
-1.159301512741528484e-02
-1.024718975994787229e-02
-8.780585047226452389e-03
-7.193195564661358787e-03
-5.486351326962513042e-03
-3.662822202731952359e-03
-1.726902646812078501e-03
3.155378492287752579e-04
2.457054295977201264e-03
4.688689453612004954e-03
7.000108790782777479e-03
9.379806215600750008e-03
1.181536643367575579e-02
1.429387172396090477e-02
1.680265560762483901e-02
1.932966379250045108e-02
2.186346420711826610e-02
2.439320972064296100e-02
2.690861236700570203e-02
2.939992550608150346e-02
3.185793138842085703e-02
3.427393258862920788e-02
3.663974651454182663e-02
3.894770268039304817e-02
4.119064269146410773e-02
4.336192298231972275e-02
4.545542033824945261e-02
4.746554015876042198e-02
4.938722732981115637e-02
5.121597948278361345e-02
5.294786234773907196e-02
5.457952686319833546e-02
5.610822768579115660e-02
5.753184274848699431e-02
5.884889354086486613e-02
6.005856582448254599e-02
6.116073054430293254e-02
6.215596474938167582e-02
6.304557238745911452e-02
6.383160488618078166e-02
6.451688147543011009e-02
6.510500923955420127e-02
6.560040291438551385e-02
6.600830446204097868e-02
6.633480246698253424e-02
6.658685139950759613e-02
6.677229079273683254e-02
6.689986437048611734e-02
6.697923915823555951e-02
6.702102459754533115e-02
6.703679167888521029e-02
6.703909209847602746e-02
6.703909209847602746e-02
6.221705167817506710e-02
6.349094166149724106e-02
6.458848802374261844e-02
6.540229101862470029e-02
6.589603115442410619e-02
6.581535213678979535e-02
6.573403984720661841e-02
6.565175478575348278e-02
6.556892920637441557e-02
6.548572373143210501e-02
6.540227653661868923e-02
6.531870985875856683e-02
6.523175864894549536e-02
6.514370121973801775e-02
6.505554679087140191e-02
6.496748307707507497e-02
6.487972093746093016e-02
6.479247003954052841e-02
6.470593673062463580e-02
6.462002333168806456e-02
6.453503001932997529e-02
6.445133061480518011e-02
6.436909965457916771e-02
6.428850098733136786e-02
6.420970324655964068e-02
6.413282514629863040e-02
6.405798990674517468e-02
6.398530474285711589e-02
6.391486118579835229e-02
6.384673517572875268e-02
6.378098739277254792e-02
6.371766377348388188e-02
6.365681249238844264e-02
6.359843462601699748e-02
6.354253677190771499e-02
6.348911333073405105e-02
6.343814788409021799e-02
6.338961410512099215e-02
6.334470983861986704e-02
6.330196028798018570e-02
6.326130859779327542e-02
6.322273194231775584e-02
6.318619753618823220e-02
6.315166350344007806e-02
6.311908009249243834e-02
6.308838983135747758e-02
6.305952840917480873e-02
6.303242492441951672e-02
6.300700213270989114e-02
6.298317755982267563e-02
6.296086302030756698e-02
6.293996432690743270e-02
6.292038148832748701e-02
6.290200849183660847e-02
6.288473505458543056e-02
6.286844477245683016e-02
6.285301549165102364e-02
6.287236581379550271e-02
6.320098255870190695e-02
6.362079760852450139e-02
6.516585504049807187e-02
6.828734869003270924e-02
7.146088214594822907e-02
7.471819080416440551e-02
7.806500845774785868e-02
8.150638235229601403e-02
8.503696738432686697e-02
8.866273054918884233e-02
9.236909100726566069e-02
9.615847430746374269e-02
1.000060582317396918e-01
1.039020590010582279e-01
1.078382473650252582e-01
1.117712700631283695e-01
1.156791511998641886e-01
1.195116615349949563e-01
1.251293083481881396e-01
1.347874892854983853e-01
1.439543140346801198e-01
1.526579220163706008e-01
1.609681924120596463e-01
1.689276157898497444e-01
1.765578719831701338e-01
1.838507197819231331e-01
1.907517799680945869e-01
1.971662018965759933e-01
2.029511742597623625e-01
2.079060204822041069e-01
2.119302438129142818e-01
2.157976819841864180e-01
2.196547283119407723e-01
2.234369011933177163e-01
2.270423437029212010e-01
2.303692295689207803e-01
2.332832608497855120e-01
2.356373929678027834e-01
2.372816562230878890e-01
2.382530750361214200e-01
2.387625321493659636e-01
2.390389939244930151e-01
2.393044968262830197e-01
2.393043587271433126e-01
2.393034079617637755e-01
2.393008938639278327e-01
2.392961341930702757e-01
2.392885270797352470e-01
2.392776071888157441e-01
2.392630148674809720e-01
2.392444401792561681e-01
2.392215395451452176e-01
2.391939078962231624e-01
2.391610783259902617e-01
2.391225219030352345e-01
2.390776480139745475e-01
2.390258056601874403e-01
2.389662852423301287e-01
2.388983206026253636e-01
2.388210911238436429e-01
2.387337239258650878e-01
2.386352960801875478e-01
2.385248367958731908e-01
2.384013295626596640e-01
2.382637142387462048e-01
2.381108890754755902e-01
2.379417126786262937e-01
2.377550059054839571e-01
2.375495536997587476e-01
2.373241068685351673e-01
2.370773838014565427e-01
2.368080694485612536e-01
2.365147997382204548e-01
2.361961305646946285e-01
2.358505134414299043e-01
2.354762714215358210e-01
2.350715714624186936e-01
2.346343922932888626e-01
2.341624866183098230e-01
2.336533361944898579e-01
2.331040979280554759e-01
2.325115370839035411e-01
2.318719448455032750e-01
2.311810509142875336e-01
2.304339020256555015e-01
2.296247056282139098e-01
2.287466302262850526e-01
2.277915468406883637e-01
2.267496903732451052e-01
