-4.510668174532205671e-02
-4.510668174532205671e-02
-4.510668174532205671e-02
-4.510668174532205671e-02
-4.510668174532205671e-02
-4.510668174532205671e-02
-4.510668174532205671e-02
-4.510668174532205671e-02
-4.510668174532205671e-02
-4.510668174532205671e-02
-4.473577995688030745e-02
-4.473577995688030745e-02
-4.473577995688030745e-02
-4.473577995688030745e-02
-4.473577995688030745e-02
-4.473577995688030745e-02
-4.473577995688030745e-02
-4.473577995688030745e-02
-4.473577995688030745e-02
-4.473577995688030745e-02
-4.626395059753746902e-02
-4.626395059753746902e-02
-4.626395059753746902e-02
-4.626395059753746902e-02
-4.626395059753746902e-02
-4.626395059753746902e-02
-4.626395059753746902e-02
-4.626395059753746902e-02
-4.626395059753746902e-02
-4.626395059753746902e-02
-4.674649315730901311e-02
-4.674649315730901311e-02
-4.674649315730901311e-02
-4.674649315730901311e-02
-4.674649315730901311e-02
-4.674649315730901311e-02
-4.674649315730901311e-02
-4.674649315730901311e-02
-4.674649315730901311e-02
-4.674649315730901311e-02
-4.706605644373521719e-02
-4.706605644373521719e-02
-4.706605644373521719e-02
-4.706605644373521719e-02
-4.706605644373521719e-02
-4.706605644373521719e-02
-4.706605644373521719e-02
-4.706605644373521719e-02
-4.706605644373521719e-02
-4.706605644373521719e-02
-4.749075098606952983e-02
-4.749075098606952983e-02
-4.749075098606952983e-02
-4.749075098606952983e-02
-4.749075098606952983e-02
-4.749075098606952983e-02
-4.749075098606952983e-02
-4.749075098606952983e-02
-4.749075098606952983e-02
-4.749075098606952983e-02
-4.799737081984042225e-02
-4.799737081984042225e-02
-4.799737081984042225e-02
-4.799737081984042225e-02
-4.799737081984042225e-02
-4.799737081984042225e-02
-4.799737081984042225e-02
-4.799737081984042225e-02
-4.799737081984042225e-02
-4.799737081984042225e-02
-4.847979379565741515e-02
-4.847979379565741515e-02
-4.847979379565741515e-02
-4.847979379565741515e-02
-4.847979379565741515e-02
-4.847979379565741515e-02
-4.847979379565741515e-02
-4.847979379565741515e-02
-4.847979379565741515e-02
-4.847979379565741515e-02
-4.883684810265487286e-02
-4.883684810265487286e-02
-4.883684810265487286e-02
-4.883684810265487286e-02
-4.883684810265487286e-02
-4.883684810265487286e-02
-4.883684810265487286e-02
-4.883684810265487286e-02
-4.883684810265487286e-02
-4.883684810265487286e-02
-4.899630382209469587e-02
-4.899630382209469587e-02
-4.899630382209469587e-02
-4.899630382209469587e-02
-4.899630382209469587e-02
-4.899630382209469587e-02
-4.899630382209469587e-02
-4.899630382209469587e-02
-4.899630382209469587e-02
-4.899630382209469587e-02
-4.891366298247074029e-02
-4.891366298247074029e-02
-4.891366298247074029e-02
-4.891366298247074029e-02
-4.891366298247074029e-02
-4.891366298247074029e-02
-4.891366298247074029e-02
-4.891366298247074029e-02
-4.891366298247074029e-02
-4.891366298247074029e-02
-4.856390934307026896e-02
-4.856390934307026896e-02
-4.856390934307026896e-02
-4.856390934307026896e-02
-4.856390934307026896e-02
-4.856390934307026896e-02
-4.856390934307026896e-02
-4.856390934307026896e-02
-4.856390934307026896e-02
-4.856390934307026896e-02
-4.794345812306732846e-02
-4.794345812306732846e-02
-4.794345812306732846e-02
-4.794345812306732846e-02
-4.794345812306732846e-02
-4.794345812306732846e-02
-4.794345812306732846e-02
-4.794345812306732846e-02
-4.794345812306732846e-02
-4.794345812306732846e-02
-4.708284532337977946e-02
-4.708284532337977946e-02
-4.708284532337977946e-02
-4.708284532337977946e-02
-4.708284532337977946e-02
-4.708284532337977946e-02
-4.708284532337977946e-02
-4.708284532337977946e-02
-4.708284532337977946e-02
-4.708284532337977946e-02
-4.602518229192097132e-02
-4.602518229192097132e-02
-4.602518229192097132e-02
-4.602518229192097132e-02
-4.602518229192097132e-02
-4.602518229192097132e-02
-4.602518229192097132e-02
-4.602518229192097132e-02
-4.602518229192097132e-02
-4.602518229192097132e-02
-4.488788693789080159e-02
-4.488788693789080159e-02
-4.488788693789080159e-02
-4.488788693789080159e-02
-4.488788693789080159e-02
-4.488788693789080159e-02
-4.488788693789080159e-02
-4.488788693789080159e-02
-4.488788693789080159e-02
-4.488788693789080159e-02
-4.377933856090580195e-02
-4.377933856090580195e-02
-4.377933856090580195e-02
-4.377933856090580195e-02
-4.377933856090580195e-02
-4.377933856090580195e-02
-4.377933856090580195e-02
-4.377933856090580195e-02
-4.377933856090580195e-02
-4.377933856090580195e-02
-4.277372097487930347e-02
-4.277372097487930347e-02
-4.277372097487930347e-02
-4.277372097487930347e-02
-4.277372097487930347e-02
-4.277372097487930347e-02
-4.277372097487930347e-02
-4.277372097487930347e-02
-4.277372097487930347e-02
-4.277372097487930347e-02
-4.191201897511032115e-02
-4.191201897511032115e-02
-4.191201897511032115e-02
-4.191201897511032115e-02
-4.191201897511032115e-02
-4.191201897511032115e-02
-4.191201897511032115e-02
-4.191201897511032115e-02
-4.191201897511032115e-02
-4.191201897511032115e-02
-4.120676514437836974e-02
-4.120676514437836974e-02
-4.120676514437836974e-02
-4.120676514437836974e-02
-4.120676514437836974e-02
-4.120676514437836974e-02
-4.120676514437836974e-02
-4.120676514437836974e-02
-4.120676514437836974e-02
-4.120676514437836974e-02
-4.065388481340920929e-02
-4.065388481340920929e-02
-4.065388481340920929e-02
-4.065388481340920929e-02
-4.065388481340920929e-02
-4.065388481340920929e-02
-4.065388481340920929e-02
-4.065388481340920929e-02
-4.065388481340920929e-02
-4.065388481340920929e-02
-4.024378450316895561e-02
-4.024378450316895561e-02
-4.024378450316895561e-02
-4.024378450316895561e-02
-4.024378450316895561e-02
-4.024378450316895561e-02
-4.024378450316895561e-02
-4.024378450316895561e-02
-4.024378450316895561e-02
-4.024378450316895561e-02
-4.085667466626546895e-02
-4.085667466626546895e-02
-4.085667466626546895e-02
-4.085667466626546895e-02
-4.085667466626546895e-02
-4.085667466626546895e-02
-4.085667466626546895e-02
-4.085667466626546895e-02
-4.085667466626546895e-02
-4.085667466626546895e-02
7.024497551423186659e-02
7.024497551423186659e-02
7.024497551423186659e-02
7.024497551423186659e-02
7.024497551423186659e-02
7.024497551423186659e-02
7.024497551423186659e-02
7.024497551423186659e-02
7.024497551423186659e-02
7.024497551423186659e-02
6.945146156981357732e-02
6.945146156981357732e-02
6.945146156981357732e-02
6.945146156981357732e-02
6.945146156981357732e-02
6.945146156981357732e-02
6.945146156981357732e-02
6.945146156981357732e-02
6.945146156981357732e-02
6.945146156981357732e-02
6.888487854451330605e-02
6.888487854451330605e-02
6.888487854451330605e-02
6.888487854451330605e-02
6.888487854451330605e-02
6.888487854451330605e-02
6.888487854451330605e-02
6.888487854451330605e-02
6.888487854451330605e-02
6.888487854451330605e-02
6.840506763126202872e-02
6.840506763126202872e-02
6.840506763126202872e-02
6.840506763126202872e-02
6.840506763126202872e-02
6.840506763126202872e-02
6.840506763126202872e-02
6.840506763126202872e-02
6.840506763126202872e-02
6.840506763126202872e-02
6.811880253654589712e-02
6.811880253654589712e-02
6.811880253654589712e-02
6.811880253654589712e-02
6.811880253654589712e-02
6.811880253654589712e-02
6.811880253654589712e-02
6.811880253654589712e-02
6.811880253654589712e-02
6.811880253654589712e-02
6.800869819598139021e-02
6.800869819598139021e-02
6.800869819598139021e-02
6.800869819598139021e-02
6.800869819598139021e-02
6.800869819598139021e-02
6.800869819598139021e-02
6.800869819598139021e-02
6.800869819598139021e-02
6.800869819598139021e-02
6.800916992624568558e-02
6.800916992624568558e-02
6.800916992624568558e-02
6.800916992624568558e-02
6.800916992624568558e-02
6.800916992624568558e-02
6.800916992624568558e-02
6.800916992624568558e-02
6.800916992624568558e-02
6.800916992624568558e-02
6.802510841745686154e-02
6.802510841745686154e-02
6.802510841745686154e-02
6.802510841745686154e-02
6.802510841745686154e-02
6.802510841745686154e-02
6.802510841745686154e-02
6.802510841745686154e-02
6.802510841745686154e-02
6.802510841745686154e-02
6.794673973518791654e-02
6.794673973518791654e-02
6.794673973518791654e-02
6.794673973518791654e-02
6.794673973518791654e-02
6.794673973518791654e-02
6.794673973518791654e-02
6.794673973518791654e-02
6.794673973518791654e-02
6.794673973518791654e-02
6.767553016776764463e-02
6.767553016776764463e-02
6.767553016776764463e-02
6.767553016776764463e-02
6.767553016776764463e-02
6.767553016776764463e-02
6.767553016776764463e-02
6.767553016776764463e-02
6.767553016776764463e-02
6.767553016776764463e-02
6.714534830387894337e-02
6.714534830387894337e-02
6.714534830387894337e-02
6.714534830387894337e-02
6.714534830387894337e-02
6.714534830387894337e-02
6.714534830387894337e-02
6.714534830387894337e-02
6.714534830387894337e-02
6.714534830387894337e-02
6.632814979072179651e-02
6.632814979072179651e-02
6.632814979072179651e-02
6.632814979072179651e-02
6.632814979072179651e-02
6.632814979072179651e-02
6.632814979072179651e-02
6.632814979072179651e-02
6.632814979072179651e-02
6.632814979072179651e-02
6.523392434828853559e-02
6.523392434828853559e-02
6.523392434828853559e-02
6.523392434828853559e-02
6.523392434828853559e-02
6.523392434828853559e-02
6.523392434828853559e-02
6.523392434828853559e-02
6.523392434828853559e-02
6.523392434828853559e-02
6.391551439301451643e-02
6.391551439301451643e-02
6.391551439301451643e-02
6.391551439301451643e-02
6.391551439301451643e-02
6.391551439301451643e-02
6.391551439301451643e-02
6.391551439301451643e-02
6.391551439301451643e-02
6.391551439301451643e-02
6.246479598596876848e-02
6.246479598596876848e-02
6.246479598596876848e-02
6.246479598596876848e-02
6.246479598596876848e-02
6.246479598596876848e-02
6.246479598596876848e-02
6.246479598596876848e-02
6.246479598596876848e-02
6.246479598596876848e-02
6.098472797487471120e-02
6.098472797487471120e-02
6.098472797487471120e-02
6.098472797487471120e-02
6.098472797487471120e-02
6.098472797487471120e-02
6.098472797487471120e-02
6.098472797487471120e-02
6.098472797487471120e-02
6.098472797487471120e-02
5.956460159935406118e-02
5.956460159935406118e-02
5.956460159935406118e-02
5.956460159935406118e-02
5.956460159935406118e-02
5.956460159935406118e-02
5.956460159935406118e-02
5.956460159935406118e-02
5.956460159935406118e-02
5.956460159935406118e-02
5.826575005461774592e-02
5.826575005461774592e-02
5.826575005461774592e-02
5.826575005461774592e-02
5.826575005461774592e-02
5.826575005461774592e-02
5.826575005461774592e-02
5.826575005461774592e-02
5.826575005461774592e-02
5.826575005461774592e-02
5.712126164567774000e-02
5.712126164567774000e-02
5.712126164567774000e-02
5.712126164567774000e-02
5.712126164567774000e-02
5.712126164567774000e-02
5.712126164567774000e-02
5.712126164567774000e-02
5.712126164567774000e-02
5.712126164567774000e-02
5.614260636751726430e-02
5.614260636751726430e-02
5.614260636751726430e-02
5.614260636751726430e-02
5.614260636751726430e-02
5.614260636751726430e-02
5.614260636751726430e-02
5.614260636751726430e-02
5.614260636751726430e-02
5.614260636751726430e-02
5.532919281219106367e-02
5.532919281219106367e-02
5.532919281219106367e-02
5.532919281219106367e-02
5.532919281219106367e-02
5.532919281219106367e-02
5.532919281219106367e-02
5.532919281219106367e-02
5.532919281219106367e-02
5.532919281219106367e-02
5.467653808703086538e-02
5.467653808703086538e-02
5.467653808703086538e-02
5.467653808703086538e-02
5.467653808703086538e-02
5.467653808703086538e-02
5.467653808703086538e-02
5.467653808703086538e-02
5.467653808703086538e-02
5.467653808703086538e-02
5.547866050156021606e-02
5.547866050156021606e-02
5.547866050156021606e-02
5.547866050156021606e-02
5.547866050156021606e-02
5.547866050156021606e-02
5.547866050156021606e-02
5.547866050156021606e-02
5.547866050156021606e-02
5.547866050156021606e-02
-5.719530195810583473e-02
-5.719530195810583473e-02
-5.719530195810583473e-02
-5.719530195810583473e-02
-5.719530195810583473e-02
-5.719530195810583473e-02
-5.719530195810583473e-02
-5.719530195810583473e-02
-5.719530195810583473e-02
-5.719530195810583473e-02
-5.685482870862317017e-02
-5.685482870862317017e-02
-5.685482870862317017e-02
-5.685482870862317017e-02
-5.685482870862317017e-02
-5.685482870862317017e-02
-5.685482870862317017e-02
-5.685482870862317017e-02
-5.685482870862317017e-02
-5.685482870862317017e-02
-5.581801653361247867e-02
-5.581801653361247867e-02
-5.581801653361247867e-02
-5.581801653361247867e-02
-5.581801653361247867e-02
-5.581801653361247867e-02
-5.581801653361247867e-02
-5.581801653361247867e-02
-5.581801653361247867e-02
-5.581801653361247867e-02
-5.512756437965279921e-02
-5.512756437965279921e-02
-5.512756437965279921e-02
-5.512756437965279921e-02
-5.512756437965279921e-02
-5.512756437965279921e-02
-5.512756437965279921e-02
-5.512756437965279921e-02
-5.512756437965279921e-02
-5.512756437965279921e-02
-5.478009324155885817e-02
-5.478009324155885817e-02
-5.478009324155885817e-02
-5.478009324155885817e-02
-5.478009324155885817e-02
-5.478009324155885817e-02
-5.478009324155885817e-02
-5.478009324155885817e-02
-5.478009324155885817e-02
-5.478009324155885817e-02
-5.468066800085830820e-02
-5.468066800085830820e-02
-5.468066800085830820e-02
-5.468066800085830820e-02
-5.468066800085830820e-02
-5.468066800085830820e-02
-5.468066800085830820e-02
-5.468066800085830820e-02
-5.468066800085830820e-02
-5.468066800085830820e-02
-5.469941907110279639e-02
-5.469941907110279639e-02
-5.469941907110279639e-02
-5.469941907110279639e-02
-5.469941907110279639e-02
-5.469941907110279639e-02
-5.469941907110279639e-02
-5.469941907110279639e-02
-5.469941907110279639e-02
-5.469941907110279639e-02
-5.468837801027154333e-02
-5.468837801027154333e-02
-5.468837801027154333e-02
-5.468837801027154333e-02
-5.468837801027154333e-02
-5.468837801027154333e-02
-5.468837801027154333e-02
-5.468837801027154333e-02
-5.468837801027154333e-02
-5.468837801027154333e-02
-5.451090456544310098e-02
-5.451090456544310098e-02
-5.451090456544310098e-02
-5.451090456544310098e-02
-5.451090456544310098e-02
-5.451090456544310098e-02
-5.451090456544310098e-02
-5.451090456544310098e-02
-5.451090456544310098e-02
-5.451090456544310098e-02
-5.407590289791204541e-02
-5.407590289791204541e-02
-5.407590289791204541e-02
-5.407590289791204541e-02
-5.407590289791204541e-02
-5.407590289791204541e-02
-5.407590289791204541e-02
-5.407590289791204541e-02
-5.407590289791204541e-02
-5.407590289791204541e-02
-5.335249887772814531e-02
-5.335249887772814531e-02
-5.335249887772814531e-02
-5.335249887772814531e-02
-5.335249887772814531e-02
-5.335249887772814531e-02
-5.335249887772814531e-02
-5.335249887772814531e-02
-5.335249887772814531e-02
-5.335249887772814531e-02
-5.235310122607783612e-02
-5.235310122607783612e-02
-5.235310122607783612e-02
-5.235310122607783612e-02
-5.235310122607783612e-02
-5.235310122607783612e-02
-5.235310122607783612e-02
-5.235310122607783612e-02
-5.235310122607783612e-02
-5.235310122607783612e-02
-5.114068110154380842e-02
-5.114068110154380842e-02
-5.114068110154380842e-02
-5.114068110154380842e-02
-5.114068110154380842e-02
-5.114068110154380842e-02
-5.114068110154380842e-02
-5.114068110154380842e-02
-5.114068110154380842e-02
-5.114068110154380842e-02
-4.979289383128857049e-02
-4.979289383128857049e-02
-4.979289383128857049e-02
-4.979289383128857049e-02
-4.979289383128857049e-02
-4.979289383128857049e-02
-4.979289383128857049e-02
-4.979289383128857049e-02
-4.979289383128857049e-02
-4.979289383128857049e-02
-6.230308990230406380e-02
-6.230308990230406380e-02
-6.230308990230406380e-02
-6.230308990230406380e-02
-6.230308990230406380e-02
-6.230308990230406380e-02
-6.230308990230406380e-02
-6.230308990230406380e-02
-6.230308990230406380e-02
-6.230308990230406380e-02
-9.473019156914803951e-02
-9.473019156914803951e-02
-9.473019156914803951e-02
-9.473019156914803951e-02
-9.473019156914803951e-02
-9.473019156914803951e-02
-9.473019156914803951e-02
-9.473019156914803951e-02
-9.473019156914803951e-02
-9.473019156914803951e-02
-1.263203778489677132e-01
-1.263203778489677132e-01
-1.263203778489677132e-01
-1.263203778489677132e-01
-1.263203778489677132e-01
-1.263203778489677132e-01
-1.263203778489677132e-01
-1.263203778489677132e-01
-1.263203778489677132e-01
-1.263203778489677132e-01
-1.574323762871059906e-01
-1.574323762871059906e-01
-1.574323762871059906e-01
-1.574323762871059906e-01
-1.574323762871059906e-01
-1.574323762871059906e-01
-1.574323762871059906e-01
-1.574323762871059906e-01
-1.574323762871059906e-01
-1.574323762871059906e-01
-1.882288667444588226e-01
-1.882288667444588226e-01
-1.882288667444588226e-01
-1.882288667444588226e-01
-1.882288667444588226e-01
-1.882288667444588226e-01
-1.882288667444588226e-01
-1.882288667444588226e-01
-1.882288667444588226e-01
-1.882288667444588226e-01
-2.187655667407511217e-01
-2.187655667407511217e-01
-2.187655667407511217e-01
-2.187655667407511217e-01
-2.187655667407511217e-01
-2.187655667407511217e-01
-2.187655667407511217e-01
-2.187655667407511217e-01
-2.187655667407511217e-01
-2.187655667407511217e-01
-2.490348790226402098e-01
-2.490348790226402098e-01
-2.490348790226402098e-01
-2.490348790226402098e-01
-2.490348790226402098e-01
-2.490348790226402098e-01
-2.490348790226402098e-01
-2.490348790226402098e-01
-2.490348790226402098e-01
-2.490348790226402098e-01
-2.668645573505656898e-01
-2.668645573505656898e-01
-2.668645573505656898e-01
-2.668645573505656898e-01
-2.668645573505656898e-01
-2.668645573505656898e-01
-2.668645573505656898e-01
-2.668645573505656898e-01
-2.668645573505656898e-01
-2.668645573505656898e-01
-2.604219462319426470e-01
-2.604219462319426470e-01
-2.604219462319426470e-01
-2.604219462319426470e-01
-2.604219462319426470e-01
-2.604219462319426470e-01
-2.604219462319426470e-01
-2.604219462319426470e-01
-2.604219462319426470e-01
-2.604219462319426470e-01
-1.332789876187502887e-01
-1.332789876187502887e-01
-1.332789876187502887e-01
-1.332789876187502887e-01
-1.332789876187502887e-01
-1.332789876187502887e-01
-1.332789876187502887e-01
-1.332789876187502887e-01
-1.332789876187502887e-01
-1.332789876187502887e-01
-1.461333716093349555e-01
-1.461333716093349555e-01
-1.461333716093349555e-01
-1.461333716093349555e-01
-1.461333716093349555e-01
-1.461333716093349555e-01
-1.461333716093349555e-01
-1.461333716093349555e-01
-1.461333716093349555e-01
-1.461333716093349555e-01
-1.464840090154387320e-01
-1.464840090154387320e-01
-1.464840090154387320e-01
-1.464840090154387320e-01
-1.464840090154387320e-01
-1.464840090154387320e-01
-1.464840090154387320e-01
-1.464840090154387320e-01
-1.464840090154387320e-01
-1.464840090154387320e-01
-1.466984423765424206e-01
-1.466984423765424206e-01
-1.466984423765424206e-01
-1.466984423765424206e-01
-1.466984423765424206e-01
-1.466984423765424206e-01
-1.466984423765424206e-01
-1.466984423765424206e-01
-1.466984423765424206e-01
-1.466984423765424206e-01
-1.468284689969244217e-01
-1.468284689969244217e-01
-1.468284689969244217e-01
-1.468284689969244217e-01
-1.468284689969244217e-01
-1.468284689969244217e-01
-1.468284689969244217e-01
-1.468284689969244217e-01
-1.468284689969244217e-01
-1.468284689969244217e-01
-1.469934244988879424e-01
-1.469934244988879424e-01
-1.469934244988879424e-01
-1.469934244988879424e-01
-1.469934244988879424e-01
-1.469934244988879424e-01
-1.469934244988879424e-01
-1.469934244988879424e-01
-1.469934244988879424e-01
-1.469934244988879424e-01
-1.473149909102174082e-01
-1.473149909102174082e-01
-1.473149909102174082e-01
-1.473149909102174082e-01
-1.473149909102174082e-01
-1.473149909102174082e-01
-1.473149909102174082e-01
-1.473149909102174082e-01
-1.473149909102174082e-01
-1.473149909102174082e-01
-1.478304095484964109e-01
-1.478304095484964109e-01
-1.478304095484964109e-01
-1.478304095484964109e-01
-1.478304095484964109e-01
-1.478304095484964109e-01
-1.478304095484964109e-01
-1.478304095484964109e-01
-1.478304095484964109e-01
-1.478304095484964109e-01
-1.484748991297682452e-01
-1.484748991297682452e-01
-1.484748991297682452e-01
-1.484748991297682452e-01
-1.484748991297682452e-01
-1.484748991297682452e-01
-1.484748991297682452e-01
-1.484748991297682452e-01
-1.484748991297682452e-01
-1.484748991297682452e-01
-1.491474290675994796e-01
-1.491474290675994796e-01
-1.491474290675994796e-01
-1.491474290675994796e-01
-1.491474290675994796e-01
-1.491474290675994796e-01
-1.491474290675994796e-01
-1.491474290675994796e-01
-1.491474290675994796e-01
-1.491474290675994796e-01
-4.888659879411501041e-01
-4.888659879411501041e-01
-4.888659879411501041e-01
-4.888659879411501041e-01
-4.888659879411501041e-01
-4.888659879411501041e-01
-4.888659879411501041e-01
-4.888659879411501041e-01
-4.888659879411501041e-01
-4.888659879411501041e-01
-5.071196462638576374e-01
-5.071196462638576374e-01
-5.071196462638576374e-01
-5.071196462638576374e-01
-5.071196462638576374e-01
-5.071196462638576374e-01
-5.071196462638576374e-01
-5.071196462638576374e-01
-5.071196462638576374e-01
-5.071196462638576374e-01
-5.075873274652614731e-01
-5.075873274652614731e-01
-5.075873274652614731e-01
-5.075873274652614731e-01
-5.075873274652614731e-01
-5.075873274652614731e-01
-5.075873274652614731e-01
-5.075873274652614731e-01
-5.075873274652614731e-01
-5.075873274652614731e-01
-5.078189557653945974e-01
-5.078189557653945974e-01
-5.078189557653945974e-01
-5.078189557653945974e-01
-5.078189557653945974e-01
-5.078189557653945974e-01
-5.078189557653945974e-01
-5.078189557653945974e-01
-5.078189557653945974e-01
-5.078189557653945974e-01
-5.079076929457437828e-01
-5.079076929457437828e-01
-5.079076929457437828e-01
-5.079076929457437828e-01
-5.079076929457437828e-01
-5.079076929457437828e-01
-5.079076929457437828e-01
-5.079076929457437828e-01
-5.079076929457437828e-01
-5.079076929457437828e-01
-5.079427732266390549e-01
-5.079427732266390549e-01
-5.079427732266390549e-01
-5.079427732266390549e-01
-5.079427732266390549e-01
-5.079427732266390549e-01
-5.079427732266390549e-01
-5.079427732266390549e-01
-5.079427732266390549e-01
-5.079427732266390549e-01
-5.079959422206832276e-01
-5.079959422206832276e-01
-5.079959422206832276e-01
-5.079959422206832276e-01
-5.079959422206832276e-01
-5.079959422206832276e-01
-5.079959422206832276e-01
-5.079959422206832276e-01
-5.079959422206832276e-01
-5.079959422206832276e-01
-5.081143539381971497e-01
-5.081143539381971497e-01
-5.081143539381971497e-01
-5.081143539381971497e-01
-5.081143539381971497e-01
-5.081143539381971497e-01
-5.081143539381971497e-01
-5.081143539381971497e-01
-5.081143539381971497e-01
-5.081143539381971497e-01
-5.083227778523653484e-01
-5.083227778523653484e-01
-5.083227778523653484e-01
-5.083227778523653484e-01
-5.083227778523653484e-01
-5.083227778523653484e-01
-5.083227778523653484e-01
-5.083227778523653484e-01
-5.083227778523653484e-01
-5.083227778523653484e-01
-5.086324438517466628e-01
-5.086324438517466628e-01
-5.086324438517466628e-01
-5.086324438517466628e-01
-5.086324438517466628e-01
-5.086324438517466628e-01
-5.086324438517466628e-01
-5.086324438517466628e-01
-5.086324438517466628e-01
-5.086324438517466628e-01
-5.090427964700675600e-01
-5.090427964700675600e-01
-5.090427964700675600e-01
-5.090427964700675600e-01
-5.090427964700675600e-01
-5.090427964700675600e-01
-5.090427964700675600e-01
-5.090427964700675600e-01
-5.090427964700675600e-01
-5.090427964700675600e-01
-5.095396948739396858e-01
-5.095396948739396858e-01
-5.095396948739396858e-01
-5.095396948739396858e-01
-5.095396948739396858e-01
-5.095396948739396858e-01
-5.095396948739396858e-01
-5.095396948739396858e-01
-5.095396948739396858e-01
-5.095396948739396858e-01
-5.100948024474020182e-01
-5.100948024474020182e-01
-5.100948024474020182e-01
-5.100948024474020182e-01
-5.100948024474020182e-01
-5.100948024474020182e-01
-5.100948024474020182e-01
-5.100948024474020182e-01
-5.100948024474020182e-01
-5.100948024474020182e-01
-5.106705721094594308e-01
-5.106705721094594308e-01
-5.106705721094594308e-01
-5.106705721094594308e-01
-5.106705721094594308e-01
-5.106705721094594308e-01
-5.106705721094594308e-01
-5.106705721094594308e-01
-5.106705721094594308e-01
-5.106705721094594308e-01
-5.112373604061861698e-01
-5.112373604061861698e-01
-5.112373604061861698e-01
-5.112373604061861698e-01
-5.112373604061861698e-01
-5.112373604061861698e-01
-5.112373604061861698e-01
-5.112373604061861698e-01
-5.112373604061861698e-01
-5.112373604061861698e-01
-5.117800390285474066e-01
-5.117800390285474066e-01
-5.117800390285474066e-01
-5.117800390285474066e-01
-5.117800390285474066e-01
-5.117800390285474066e-01
-5.117800390285474066e-01
-5.117800390285474066e-01
-5.117800390285474066e-01
-5.117800390285474066e-01
-5.122953437075306038e-01
-5.122953437075306038e-01
-5.122953437075306038e-01
-5.122953437075306038e-01
-5.122953437075306038e-01
-5.122953437075306038e-01
-5.122953437075306038e-01
-5.122953437075306038e-01
-5.122953437075306038e-01
-5.122953437075306038e-01
-5.127873885607537874e-01
-5.127873885607537874e-01
-5.127873885607537874e-01
-5.127873885607537874e-01
-5.127873885607537874e-01
-5.127873885607537874e-01
-5.127873885607537874e-01
-5.127873885607537874e-01
-5.127873885607537874e-01
-5.127873885607537874e-01
-5.133277323390340596e-01
-5.133277323390340596e-01
-5.133277323390340596e-01
-5.133277323390340596e-01
-5.133277323390340596e-01
-5.133277323390340596e-01
-5.133277323390340596e-01
-5.133277323390340596e-01
-5.133277323390340596e-01
-5.133277323390340596e-01
-4.924061010459817034e-01
-4.924061010459817034e-01
-4.924061010459817034e-01
-4.924061010459817034e-01
-4.924061010459817034e-01
-4.924061010459817034e-01
-4.924061010459817034e-01
-4.924061010459817034e-01
-4.924061010459817034e-01
-4.924061010459817034e-01
-3.659477612025595072e-01
-3.659477612025595072e-01
-3.659477612025595072e-01
-3.659477612025595072e-01
-3.659477612025595072e-01
-3.659477612025595072e-01
-3.659477612025595072e-01
-3.659477612025595072e-01
-3.659477612025595072e-01
-3.659477612025595072e-01
-3.584385169577534169e-01
-3.584385169577534169e-01
-3.584385169577534169e-01
-3.584385169577534169e-01
-3.584385169577534169e-01
-3.584385169577534169e-01
-3.584385169577534169e-01
-3.584385169577534169e-01
-3.584385169577534169e-01
-3.584385169577534169e-01
-3.624400021096998437e-01
-3.624400021096998437e-01
-3.624400021096998437e-01
-3.624400021096998437e-01
-3.624400021096998437e-01
-3.624400021096998437e-01
-3.624400021096998437e-01
-3.624400021096998437e-01
-3.624400021096998437e-01
-3.624400021096998437e-01
-3.690114483403970636e-01
-3.690114483403970636e-01
-3.690114483403970636e-01
-3.690114483403970636e-01
-3.690114483403970636e-01
-3.690114483403970636e-01
-3.690114483403970636e-01
-3.690114483403970636e-01
-3.690114483403970636e-01
-3.690114483403970636e-01
-3.757282330460598452e-01
-3.757282330460598452e-01
-3.757282330460598452e-01
-3.757282330460598452e-01
-3.757282330460598452e-01
-3.757282330460598452e-01
-3.757282330460598452e-01
-3.757282330460598452e-01
-3.757282330460598452e-01
-3.757282330460598452e-01
-3.819140880080547640e-01
-3.819140880080547640e-01
-3.819140880080547640e-01
-3.819140880080547640e-01
-3.819140880080547640e-01
-3.819140880080547640e-01
-3.819140880080547640e-01
-3.819140880080547640e-01
-3.819140880080547640e-01
-3.819140880080547640e-01
-3.874312491578113526e-01
-3.874312491578113526e-01
-3.874312491578113526e-01
-3.874312491578113526e-01
-3.874312491578113526e-01
-3.874312491578113526e-01
-3.874312491578113526e-01
-3.874312491578113526e-01
-3.874312491578113526e-01
-3.874312491578113526e-01
-3.923902027314016827e-01
-3.923902027314016827e-01
-3.923902027314016827e-01
-3.923902027314016827e-01
-3.923902027314016827e-01
-3.923902027314016827e-01
-3.923902027314016827e-01
-3.923902027314016827e-01
-3.923902027314016827e-01
-3.923902027314016827e-01
-3.970251136060124475e-01
-3.970251136060124475e-01
-3.970251136060124475e-01
-3.970251136060124475e-01
-3.970251136060124475e-01
-3.970251136060124475e-01
-3.970251136060124475e-01
-3.970251136060124475e-01
-3.970251136060124475e-01
-3.970251136060124475e-01
-4.015806435458155743e-01
-4.015806435458155743e-01
-4.015806435458155743e-01
-4.015806435458155743e-01
-4.015806435458155743e-01
-4.015806435458155743e-01
-4.015806435458155743e-01
-4.015806435458155743e-01
-4.015806435458155743e-01
-4.015806435458155743e-01
-4.062190054235999548e-01
-4.062190054235999548e-01
-4.062190054235999548e-01
-4.062190054235999548e-01
-4.062190054235999548e-01
-4.062190054235999548e-01
-4.062190054235999548e-01
-4.062190054235999548e-01
-4.062190054235999548e-01
-4.062190054235999548e-01
-4.109611559087522070e-01
-4.109611559087522070e-01
-4.109611559087522070e-01
-4.109611559087522070e-01
-4.109611559087522070e-01
-4.109611559087522070e-01
-4.109611559087522070e-01
-4.109611559087522070e-01
-4.109611559087522070e-01
-4.109611559087522070e-01
-4.156491278704482761e-01
-4.156491278704482761e-01
-4.156491278704482761e-01
-4.156491278704482761e-01
-4.156491278704482761e-01
-4.156491278704482761e-01
-4.156491278704482761e-01
-4.156491278704482761e-01
-4.156491278704482761e-01
-4.156491278704482761e-01
-4.200576942895179466e-01
-4.200576942895179466e-01
-4.200576942895179466e-01
-4.200576942895179466e-01
-4.200576942895179466e-01
-4.200576942895179466e-01
-4.200576942895179466e-01
-4.200576942895179466e-01
-4.200576942895179466e-01
-4.200576942895179466e-01
-4.240280400006853356e-01
-4.240280400006853356e-01
-4.240280400006853356e-01
-4.240280400006853356e-01
-4.240280400006853356e-01
-4.240280400006853356e-01
-4.240280400006853356e-01
-4.240280400006853356e-01
-4.240280400006853356e-01
-4.240280400006853356e-01
-4.274755345248302807e-01
-4.274755345248302807e-01
-4.274755345248302807e-01
-4.274755345248302807e-01
-4.274755345248302807e-01
-4.274755345248302807e-01
-4.274755345248302807e-01
-4.274755345248302807e-01
-4.274755345248302807e-01
-4.274755345248302807e-01
-4.304152451903978660e-01
-4.304152451903978660e-01
-4.304152451903978660e-01
-4.304152451903978660e-01
-4.304152451903978660e-01
-4.304152451903978660e-01
-4.304152451903978660e-01
-4.304152451903978660e-01
-4.304152451903978660e-01
-4.304152451903978660e-01
-4.327382778583653278e-01
-4.327382778583653278e-01
-4.327382778583653278e-01
-4.327382778583653278e-01
-4.327382778583653278e-01
-4.327382778583653278e-01
-4.327382778583653278e-01
-4.327382778583653278e-01
-4.327382778583653278e-01
-4.327382778583653278e-01
-4.345631553061098939e-01
-4.345631553061098939e-01
-4.345631553061098939e-01
-4.345631553061098939e-01
-4.345631553061098939e-01
-4.345631553061098939e-01
-4.345631553061098939e-01
-4.345631553061098939e-01
-4.345631553061098939e-01
-4.345631553061098939e-01
-4.359976494807049074e-01
-4.359976494807049074e-01
-4.359976494807049074e-01
-4.359976494807049074e-01
-4.359976494807049074e-01
-4.359976494807049074e-01
-4.359976494807049074e-01
-4.359976494807049074e-01
-4.359976494807049074e-01
-4.359976494807049074e-01
-4.370806411245228285e-01
-4.370806411245228285e-01
-4.370806411245228285e-01
-4.370806411245228285e-01
-4.370806411245228285e-01
-4.370806411245228285e-01
-4.370806411245228285e-01
-4.370806411245228285e-01
-4.370806411245228285e-01
-4.370806411245228285e-01
-4.360899713426382163e-01
-4.360899713426382163e-01
-4.360899713426382163e-01
-4.360899713426382163e-01
-4.360899713426382163e-01
-4.360899713426382163e-01
-4.360899713426382163e-01
-4.360899713426382163e-01
-4.360899713426382163e-01
-4.360899713426382163e-01
-5.307368321498098229e-01
-5.307368321498098229e-01
-5.307368321498098229e-01
-5.307368321498098229e-01
-5.307368321498098229e-01
-5.307368321498098229e-01
-5.307368321498098229e-01
-5.307368321498098229e-01
-5.307368321498098229e-01
-5.307368321498098229e-01
-5.014264865196850218e-01
-5.014264865196850218e-01
-5.014264865196850218e-01
-5.014264865196850218e-01
-5.014264865196850218e-01
-5.014264865196850218e-01
-5.014264865196850218e-01
-5.014264865196850218e-01
-5.014264865196850218e-01
-5.014264865196850218e-01
-5.062432378335217642e-01
-5.062432378335217642e-01
-5.062432378335217642e-01
-5.062432378335217642e-01
-5.062432378335217642e-01
-5.062432378335217642e-01
-5.062432378335217642e-01
-5.062432378335217642e-01
-5.062432378335217642e-01
-5.062432378335217642e-01
-5.076867129397345524e-01
-5.076867129397345524e-01
-5.076867129397345524e-01
-5.076867129397345524e-01
-5.076867129397345524e-01
-5.076867129397345524e-01
-5.076867129397345524e-01
-5.076867129397345524e-01
-5.076867129397345524e-01
-5.076867129397345524e-01
-5.082192052421050654e-01
-5.082192052421050654e-01
-5.082192052421050654e-01
-5.082192052421050654e-01
-5.082192052421050654e-01
-5.082192052421050654e-01
-5.082192052421050654e-01
-5.082192052421050654e-01
-5.082192052421050654e-01
-5.082192052421050654e-01
-5.084031242107877047e-01
-5.084031242107877047e-01
-5.084031242107877047e-01
-5.084031242107877047e-01
-5.084031242107877047e-01
-5.084031242107877047e-01
-5.084031242107877047e-01
-5.084031242107877047e-01
-5.084031242107877047e-01
-5.084031242107877047e-01
-5.083678508155533571e-01
-5.083678508155533571e-01
-5.083678508155533571e-01
-5.083678508155533571e-01
-5.083678508155533571e-01
-5.083678508155533571e-01
-5.083678508155533571e-01
-5.083678508155533571e-01
-5.083678508155533571e-01
-5.083678508155533571e-01
-5.081191715950259535e-01
-5.081191715950259535e-01
-5.081191715950259535e-01
-5.081191715950259535e-01
-5.081191715950259535e-01
-5.081191715950259535e-01
-5.081191715950259535e-01
-5.081191715950259535e-01
-5.081191715950259535e-01
-5.081191715950259535e-01
-5.076283947318551704e-01
-5.076283947318551704e-01
-5.076283947318551704e-01
-5.076283947318551704e-01
-5.076283947318551704e-01
-5.076283947318551704e-01
-5.076283947318551704e-01
-5.076283947318551704e-01
-5.076283947318551704e-01
-5.076283947318551704e-01
-5.068753310553506530e-01
-5.068753310553506530e-01
-5.068753310553506530e-01
-5.068753310553506530e-01
-5.068753310553506530e-01
-5.068753310553506530e-01
-5.068753310553506530e-01
-5.068753310553506530e-01
-5.068753310553506530e-01
-5.068753310553506530e-01
-5.058665469363348155e-01
-5.058665469363348155e-01
-5.058665469363348155e-01
-5.058665469363348155e-01
-5.058665469363348155e-01
-5.058665469363348155e-01
-5.058665469363348155e-01
-5.058665469363348155e-01
-5.058665469363348155e-01
-5.058665469363348155e-01
-5.046355622014597753e-01
-5.046355622014597753e-01
-5.046355622014597753e-01
-5.046355622014597753e-01
-5.046355622014597753e-01
-5.046355622014597753e-01
-5.046355622014597753e-01
-5.046355622014597753e-01
-5.046355622014597753e-01
-5.046355622014597753e-01
-5.032430294295312523e-01
-5.032430294295312523e-01
-5.032430294295312523e-01
-5.032430294295312523e-01
-5.032430294295312523e-01
-5.032430294295312523e-01
-5.032430294295312523e-01
-5.032430294295312523e-01
-5.032430294295312523e-01
-5.032430294295312523e-01
-5.018061500457069446e-01
-5.018061500457069446e-01
-5.018061500457069446e-01
-5.018061500457069446e-01
-5.018061500457069446e-01
-5.018061500457069446e-01
-5.018061500457069446e-01
-5.018061500457069446e-01
-5.018061500457069446e-01
-5.018061500457069446e-01
-5.004133271174087128e-01
-5.004133271174087128e-01
-5.004133271174087128e-01
-5.004133271174087128e-01
-5.004133271174087128e-01
-5.004133271174087128e-01
-5.004133271174087128e-01
-5.004133271174087128e-01
-5.004133271174087128e-01
-5.004133271174087128e-01
-4.991646124483765101e-01
-4.991646124483765101e-01
-4.991646124483765101e-01
-4.991646124483765101e-01
-4.991646124483765101e-01
-4.991646124483765101e-01
-4.991646124483765101e-01
-4.991646124483765101e-01
-4.991646124483765101e-01
-4.991646124483765101e-01
-4.981144983116065905e-01
-4.981144983116065905e-01
-4.981144983116065905e-01
-4.981144983116065905e-01
-4.981144983116065905e-01
-4.981144983116065905e-01
-4.981144983116065905e-01
-4.981144983116065905e-01
-4.981144983116065905e-01
-4.981144983116065905e-01
-4.972576557816040799e-01
-4.972576557816040799e-01
-4.972576557816040799e-01
-4.972576557816040799e-01
-4.972576557816040799e-01
-4.972576557816040799e-01
-4.972576557816040799e-01
-4.972576557816040799e-01
-4.972576557816040799e-01
-4.972576557816040799e-01
-4.965833932456180100e-01
-4.965833932456180100e-01
-4.965833932456180100e-01
-4.965833932456180100e-01
-4.965833932456180100e-01
-4.965833932456180100e-01
-4.965833932456180100e-01
-4.965833932456180100e-01
-4.965833932456180100e-01
-4.965833932456180100e-01
