1.710000000000000062e-02
1.710000000000000062e-02
1.710000000000000062e-02
1.710000000000000062e-02
1.710000000000000062e-02
1.710000000000000062e-02
1.710000000000000062e-02
1.710000000000000062e-02
1.710000000000000062e-02
1.710000000000000062e-02
1.710000000000000062e-02
1.710000000000000062e-02
1.710000000000000062e-02
1.710000000000000062e-02
1.710000000000000062e-02
1.710000000000000062e-02
1.710000000000000062e-02
1.710000000000000062e-02
1.710000000000000062e-02
1.710000000000000062e-02
1.710000000000000062e-02
1.710000000000000062e-02
1.710000000000000062e-02
1.710000000000000062e-02
1.710000000000000062e-02
1.710000000000000062e-02
1.710000000000000062e-02
1.710000000000000062e-02
1.710000000000000062e-02
1.710000000000000062e-02
1.710000000000000062e-02
1.710000000000000062e-02
1.710000000000000062e-02
1.710000000000000062e-02
1.710000000000000062e-02
1.710000000000000062e-02
1.710000000000000062e-02
1.710000000000000062e-02
1.710000000000000062e-02
1.710000000000000062e-02
1.710000000000000062e-02
1.710000000000000062e-02
1.710000000000000062e-02
1.710000000000000062e-02
1.710000000000000062e-02
1.710000000000000062e-02
1.710000000000000062e-02
1.710000000000000062e-02
1.710000000000000062e-02
1.710000000000000062e-02
1.710000000000000062e-02
1.710000000000000062e-02
1.710000000000000062e-02
1.710000000000000062e-02
1.710000000000000062e-02
1.710000000000000062e-02
1.710000000000000062e-02
1.710000000000000062e-02
1.710000000000000062e-02
1.710000000000000062e-02
1.710000000000000062e-02
1.710000000000000062e-02
1.710000000000000062e-02
1.710000000000000062e-02
1.710000000000000062e-02
1.710000000000000062e-02
1.710000000000000062e-02
1.710000000000000062e-02
1.710000000000000062e-02
1.710000000000000062e-02
1.710000000000000062e-02
1.710000000000000062e-02
1.710000000000000062e-02
1.710000000000000062e-02
1.710000000000000062e-02
1.710000000000000062e-02
1.710000000000000062e-02
1.710000000000000062e-02
1.710000000000000062e-02
1.710000000000000062e-02
1.710000000000000062e-02
1.710000000000000062e-02
1.710000000000000062e-02
1.710000000000000062e-02
1.710000000000000062e-02
1.710000000000000062e-02
1.710000000000000062e-02
1.710000000000000062e-02
1.710000000000000062e-02
1.710000000000000062e-02
1.710000000000000062e-02
1.710000000000000062e-02
1.710000000000000062e-02
1.710000000000000062e-02
1.710000000000000062e-02
1.710000000000000062e-02
1.710000000000000062e-02
1.710000000000000062e-02
1.710000000000000062e-02
1.710000000000000062e-02
1.710000000000000062e-02
1.710000000000000062e-02
1.710000000000000062e-02
1.710000000000000062e-02
1.710000000000000062e-02
1.710000000000000062e-02
1.710000000000000062e-02
1.710000000000000062e-02
1.710000000000000062e-02
1.710000000000000062e-02
1.710000000000000062e-02
1.710000000000000062e-02
1.710000000000000062e-02
1.710000000000000062e-02
1.710000000000000062e-02
1.710000000000000062e-02
1.710000000000000062e-02
1.710000000000000062e-02
1.710000000000000062e-02
1.710000000000000062e-02
1.710000000000000062e-02
1.710000000000000062e-02
1.710000000000000062e-02
1.710000000000000062e-02
1.710000000000000062e-02
1.710000000000000062e-02
1.710000000000000062e-02
1.710000000000000062e-02
1.710000000000000062e-02
1.710000000000000062e-02
1.710000000000000062e-02
1.710000000000000062e-02
1.710000000000000062e-02
1.710000000000000062e-02
1.710000000000000062e-02
1.710000000000000062e-02
1.710000000000000062e-02
1.710000000000000062e-02
1.710000000000000062e-02
1.710000000000000062e-02
1.710000000000000062e-02
1.710000000000000062e-02
1.710000000000000062e-02
1.710000000000000062e-02
1.710000000000000062e-02
1.710000000000000062e-02
1.710000000000000062e-02
1.710000000000000062e-02
1.710000000000000062e-02
1.710000000000000062e-02
1.710000000000000062e-02
1.710000000000000062e-02
1.710000000000000062e-02
1.710000000000000062e-02
1.710000000000000062e-02
1.710000000000000062e-02
1.710000000000000062e-02
1.710000000000000062e-02
1.710000000000000062e-02
1.710000000000000062e-02
1.710000000000000062e-02
1.710000000000000062e-02
1.710000000000000062e-02
1.710000000000000062e-02
1.710000000000000062e-02
1.710000000000000062e-02
1.710000000000000062e-02
1.710000000000000062e-02
1.710000000000000062e-02
1.710000000000000062e-02
1.710000000000000062e-02
1.710000000000000062e-02
1.710000000000000062e-02
1.710000000000000062e-02
1.710000000000000062e-02
1.710000000000000062e-02
1.710000000000000062e-02
1.710000000000000062e-02
1.710000000000000062e-02
1.710000000000000062e-02
1.710000000000000062e-02
1.710000000000000062e-02
1.710000000000000062e-02
1.710000000000000062e-02
1.710000000000000062e-02
1.710000000000000062e-02
1.710000000000000062e-02
1.710000000000000062e-02
1.710000000000000062e-02
1.710000000000000062e-02
1.710000000000000062e-02
1.710000000000000062e-02
1.710000000000000062e-02
1.710000000000000062e-02
1.710000000000000062e-02
1.710000000000000062e-02
1.710000000000000062e-02
1.710000000000000062e-02
1.710000000000000062e-02
1.710000000000000062e-02
1.710000000000000062e-02
1.710000000000000062e-02
1.710000000000000062e-02
1.710000000000000062e-02
1.710000000000000062e-02
1.710000000000000062e-02
1.710000000000000062e-02
1.710000000000000062e-02
1.710000000000000062e-02
1.710000000000000062e-02
1.710000000000000062e-02
1.710000000000000062e-02
1.710000000000000062e-02
1.710000000000000062e-02
1.710000000000000062e-02
1.710000000000000062e-02
1.710000000000000062e-02
1.710000000000000062e-02
1.710000000000000062e-02
1.710000000000000062e-02
1.710000000000000062e-02
1.710000000000000062e-02
1.710000000000000062e-02
1.710000000000000062e-02
1.710000000000000062e-02
1.710000000000000062e-02
1.710014341000944821e-02
1.710113884506267445e-02
1.710381412642638516e-02
1.710897050589001503e-02
1.711738276166100206e-02
1.712979929038888766e-02
1.714694219579914955e-02
1.716950737440917432e-02
1.719816459878736534e-02
1.723355759880694504e-02
1.727630414133947759e-02
1.732699610895346160e-02
1.738619957831066820e-02
1.745445489790402663e-02
1.753227676576795541e-02
1.762015430767044366e-02
1.771855115616450746e-02
1.782790553086252561e-02
1.794863032028382391e-02
1.808111316561104506e-02
1.822571654667346983e-02
1.838277787046388792e-02
1.855260956248278720e-02
1.873549916117750111e-02
1.893170941573311949e-02
1.914147838745455452e-02
1.936501955496121655e-02
1.960252192339775532e-02
1.985415013784688071e-02
2.012004460111188608e-02
2.040032159601649561e-02
2.069507341236423437e-02
2.100436847866959597e-02
2.132825149876620488e-02
2.166674359338632491e-02
2.201984244679611874e-02
2.238752245856391945e-02
2.276973490055136939e-02
2.316640807921081791e-02
2.357744750329174299e-02
2.400273605708693261e-02
2.444213417939610292e-02
2.489548004842934842e-02
2.536258977294069891e-02
2.584325758998134298e-02
2.633725606977809983e-02
2.684433632838273409e-02
2.736422824891140970e-02
2.789664071239423074e-02
2.844126183948932074e-02
2.899775924457950738e-02
2.956578030406120661e-02
3.014495244095059118e-02
3.073488342824692854e-02
3.133516171381667270e-02
3.194535676986030859e-02
3.256501947027030941e-02
3.319368249937305893e-02
3.383086079562652032e-02
3.447605203379854738e-02
3.512873714894804156e-02
3.578838090515930326e-02
3.645443251142137242e-02
3.712632628631178794e-02
3.780348237225121533e-02
3.848530749907749793e-02
3.917119579559304177e-02
3.986052964662543940e-02
4.055268059206970643e-02
4.124701026341534571e-02
4.194287135245272635e-02
4.263960860624360638e-02
4.333655984205500578e-02
4.403305697579805444e-02
4.472842705757860970e-02
4.542199330822516840e-02
4.611307615108454355e-02
4.680099423392061753e-02
4.748506543638161825e-02
4.816460785917359155e-02
4.883894079175939151e-02
4.950738565606623010e-02
5.016926692430567769e-02
5.082391300957821156e-02
5.147065712843576502e-02
5.210883813501002160e-02
5.273780132667905962e-02
5.335689922154686349e-02
5.396549230824677912e-02
5.456294976876865932e-02
5.514865017514372636e-02
5.572198216091929501e-02
5.628234506841882367e-02
5.682914957281219592e-02
5.736181828403372207e-02
5.787978632757456721e-02
5.838250190515534288e-02
5.886942683624576955e-02
5.934003708136012523e-02
5.979382324800676385e-02
6.023029108012444011e-02
6.064896193175665917e-02
6.104937322566460212e-02
6.143107889753554596e-02
6.179364982637991499e-02
6.213667425164852431e-02
6.245975817754435833e-02
6.276252576494426028e-02
6.304461971129189657e-02
6.330570161876736268e-02
6.354545235098486844e-02
6.376357237841820402e-02
6.395978211270175740e-02
6.413382222991313719e-02
6.428545398288473822e-02
6.441445950253685271e-02
6.452064208820258717e-02
6.460382648685611406e-02
6.466385916110739540e-02
6.470060854579802456e-02
6.471396529298030498e-02
6.470384250502701773e-02
6.467017595558009757e-02
6.461292429800685744e-02
6.453206926100198138e-02
6.442761583093452316e-02
6.429959242050564683e-02
6.414805102325135677e-02
6.397306735339532147e-02
6.377474097052394930e-02
6.355319538852974293e-02
6.330857816824157769e-02
6.304106099313248890e-02
6.275083972747334815e-02
6.243813445627441339e-02
6.210318950633628154e-02
6.174627344770715343e-02
6.136767907482709727e-02
6.096772336661447633e-02
6.054674742473660498e-02
6.010511638928356382e-02
5.964321933105147522e-02
5.916146911962201493e-02
5.866030226641098799e-02
5.814017874184242152e-02
5.760158176579252554e-02
5.704501757043295429e-02
5.647101513458961664e-02
5.588012588872241782e-02
5.527292338961900531e-02
5.465000296388439205e-02
5.401198131930048940e-02
5.335949612311691181e-02
5.269320554632919706e-02
5.201378777298981682e-02
5.132194047359718569e-02
5.061838024159270866e-02
4.990384199200009752e-02
4.917907832123943890e-02
4.844485882713454872e-02
4.770196938814869059e-02
4.695121140087563094e-02
4.619340097481813845e-02
4.542936810741314557e-02
4.465995588207780087e-02
4.388601954492940549e-02
4.310842549008278568e-02
4.232805019408450442e-02
4.154577910468558455e-02
4.076250548313287148e-02
3.997912919917183394e-02
3.919655547793238215e-02
3.841569359788075955e-02
3.763745553900135765e-02
3.686275458038008879e-02
3.609250384635023789e-02
3.532761480035923052e-02
3.456899568571203396e-02
3.381754991233901220e-02
3.307417438874049598e-02
3.233975779824352359e-02
3.161517881871866997e-02
3.090130428488707323e-02
3.019898729235131682e-02
2.950906524248172666e-02
2.883235782727877269e-02
2.816966495333830464e-02
2.752176460403568323e-02
2.688941063904875736e-02
2.627333053032989904e-02
2.567422303363447664e-02
2.509275579472874593e-02
2.452956288934404414e-02
2.398524229602743904e-02
2.346035330095591273e-02
2.295541383381038622e-02
2.247089773381904729e-02
2.200723194505721167e-02
2.156479364007551566e-02
2.114390727097253606e-02
2.074484154697564184e-02
2.036780633760798195e-02
2.001294950055376373e-02
1.968035363326780737e-02
1.937003274743081746e-02
1.908192886533898944e-02
1.881590853727554621e-02
1.857175927897352849e-02
1.834918594857620419e-02
1.814780708708368592e-02
1.796715107122525898e-02
1.780665211507003950e-02
1.766564627763544601e-02
1.754336740272771297e-02
1.743894297670383828e-02
1.735138990924938937e-02
1.727961023174173424e-02
1.722238671176551036e-02
1.717837838410329540e-02
1.714611599914555792e-02
1.712399739076219882e-02
1.711028276780255861e-02
1.710308993820208387e-02
1.710038948813330170e-02
1.709999998947009034e-02
1.710000000000000062e-02
1.710000000000000062e-02
1.710000000000000062e-02
1.710000000000000062e-02
1.710000000000000062e-02
1.710000000000000062e-02
1.710000000000000062e-02
1.710000000000000062e-02
1.710000000000000062e-02
1.710000000000000062e-02
1.710000000000000062e-02
1.710000000000000062e-02
1.710000000000000062e-02
1.710000000000000062e-02
1.710000000000000062e-02
1.710000000000000062e-02
1.710000000000000062e-02
1.710000000000000062e-02
1.710000000000000062e-02
1.710000000000000062e-02
1.710000000000000062e-02
1.710000000000000062e-02
1.710000000000000062e-02
1.710000000000000062e-02
1.710000000000000062e-02
1.710000000000000062e-02
1.710000000000000062e-02
1.710000000000000062e-02
1.710000000000000062e-02
1.710000000000000062e-02
1.710000000000000062e-02
1.710000000000000062e-02
1.710000000000000062e-02
1.710000000000000062e-02
1.710000000000000062e-02
1.710000000000000062e-02
1.710000000000000062e-02
1.710000000000000062e-02
1.710000000000000062e-02
1.710000000000000062e-02
1.710000000000000062e-02
1.710000000000000062e-02
1.710000000000000062e-02
1.710000000000000062e-02
1.710000000000000062e-02
1.710000000000000062e-02
1.710000000000000062e-02
1.710000000000000062e-02
1.710000000000000062e-02
1.710000000000000062e-02
1.710000000000000062e-02
1.710000000000000062e-02
1.710000000000000062e-02
1.710000000000000062e-02
1.710000000000000062e-02
1.710000000000000062e-02
1.710000000000000062e-02
1.710000000000000062e-02
1.710000000000000062e-02
1.710000000000000062e-02
1.710000000000000062e-02
1.710000000000000062e-02
1.710000000000000062e-02
1.710000000000000062e-02
1.710000000000000062e-02
1.710000000000000062e-02
1.710000000000000062e-02
1.710000000000000062e-02
1.710000000000000062e-02
1.710000000000000062e-02
1.710000000000000062e-02
1.710000000000000062e-02
1.710000000000000062e-02
1.710000000000000062e-02
1.710000000000000062e-02
1.710000000000000062e-02
1.710000000000000062e-02
1.710000000000000062e-02
1.710000000000000062e-02
1.710000000000000062e-02
1.710000000000000062e-02
1.710000000000000062e-02
1.710000000000000062e-02
1.710000000000000062e-02
1.710000000000000062e-02
1.710000000000000062e-02
1.710000000000000062e-02
1.710000000000000062e-02
1.710000000000000062e-02
1.710000000000000062e-02
1.710000000000000062e-02
1.710000000000000062e-02
1.710000000000000062e-02
1.710000000000000062e-02
1.710000000000000062e-02
1.710000000000000062e-02
1.710000000000000062e-02
1.710000000000000062e-02
1.710000000000000062e-02
1.710000000000000062e-02
1.710000000000000062e-02
1.710000000000000062e-02
1.710000000000000062e-02
1.710000000000000062e-02
1.710000000000000062e-02
1.710000000000000062e-02
1.710000000000000062e-02
1.710000000000000062e-02
1.710000000000000062e-02
1.710000000000000062e-02
1.710000000000000062e-02
1.710000000000000062e-02
1.710000000000000062e-02
1.710000000000000062e-02
1.710000000000000062e-02
1.710000000000000062e-02
1.710000000000000062e-02
1.710000000000000062e-02
1.710000000000000062e-02
1.710000000000000062e-02
1.710000000000000062e-02
1.710000000000000062e-02
1.710000000000000062e-02
1.710000000000000062e-02
1.710000000000000062e-02
1.710000000000000062e-02
1.710000000000000062e-02
1.710000000000000062e-02
1.710000000000000062e-02
1.710000000000000062e-02
1.710000000000000062e-02
1.710000000000000062e-02
1.710000000000000062e-02
1.710000000000000062e-02
1.710000000000000062e-02
1.710000000000000062e-02
1.710000000000000062e-02
1.710000000000000062e-02
1.710000000000000062e-02
1.710000000000000062e-02
1.710000000000000062e-02
1.710000000000000062e-02
1.710000000000000062e-02
1.710000000000000062e-02
1.710000000000000062e-02
1.710000000000000062e-02
1.710000000000000062e-02
1.710000000000000062e-02
1.710000000000000062e-02
1.710000000000000062e-02
1.710000000000000062e-02
1.710000000000000062e-02
1.710000000000000062e-02
1.710000000000000062e-02
1.710000000000000062e-02
1.710000000000000062e-02
1.710000000000000062e-02
1.710000000000000062e-02
1.710000000000000062e-02
1.710000000000000062e-02
1.710000000000000062e-02
1.710000000000000062e-02
1.710000000000000062e-02
1.710000000000000062e-02
1.710000000000000062e-02
1.710000000000000062e-02
1.710000000000000062e-02
1.710000000000000062e-02
1.710000000000000062e-02
1.710000000000000062e-02
1.710000000000000062e-02
1.710000000000000062e-02
1.710000000000000062e-02
1.710000000000000062e-02
1.710000000000000062e-02
1.710000000000000062e-02
1.710000000000000062e-02
1.710000000000000062e-02
1.710000000000000062e-02
1.710000000000000062e-02
1.710000000000000062e-02
1.710000000000000062e-02
1.710000000000000062e-02
1.710000000000000062e-02
1.710000000000000062e-02
1.710000000000000062e-02
1.710000000000000062e-02
1.710000000000000062e-02
1.710000000000000062e-02
1.710000000000000062e-02
1.710000000000000062e-02
1.710000000000000062e-02
1.710000000000000062e-02
1.710000000000000062e-02
1.710000000000000062e-02
1.710000000000000062e-02
1.710000000000000062e-02
1.710000000000000062e-02
1.710000000000000062e-02
1.710000000000000062e-02
1.710000000000000062e-02
1.710000000000000062e-02
1.710000000000000062e-02
1.710000000000000062e-02
1.710000000000000062e-02
1.710000000000000062e-02
1.710000000000000062e-02
1.710000000000000062e-02
1.710000000000000062e-02
1.710000000000000062e-02
1.710000000000000062e-02
1.710000000000000062e-02
1.710000000000000062e-02
1.710000000000000062e-02
1.710000000000000062e-02
1.710000000000000062e-02
1.710000000000000062e-02
1.710000000000000062e-02
1.710000000000000062e-02
1.710000000000000062e-02
1.710000000000000062e-02
1.710000000000000062e-02
1.710000000000000062e-02
1.710000000000000062e-02
1.710000000000000062e-02
1.710161887873717576e-02
1.711273446107180671e-02
1.714222353047351044e-02
1.719828509828131777e-02
1.728844562937736223e-02
1.741956397973632928e-02
1.759783617525771324e-02
1.782880015424139625e-02
1.811734058817416823e-02
1.846769388709811055e-02
1.888345348668741056e-02
1.936757550425205476e-02
1.992238484025536313e-02
2.054958179072064253e-02
2.125024922443172204e-02
2.202486036771908809e-02
2.287328722995966498e-02
2.379480969652381442e-02
2.478812531566517569e-02
2.585135981611040232e-02
2.698207841899498416e-02
2.817729805921607295e-02
2.943350071605364826e-02
3.074664817823191676e-02
3.211219873488564691e-02
3.352512647695866932e-02
3.497994407593026100e-02
3.647073001418835864e-02
3.799116119334901287e-02
3.953455157736474740e-02
4.109389702835468394e-02
4.266192584494649803e-02
4.423115387081819061e-02
4.579394257398982510e-02
4.734255831277699167e-02
4.886923110835995898e-02
5.036621155711373810e-02
5.182582492359763537e-02
5.324052185665645309e-02
5.460292550424536429e-02
5.590587504423615017e-02
5.714246580239358553e-02
5.830608621179929341e-02
5.939045190017305798e-02
6.038963719041752498e-02
6.129810427871312806e-02
6.211073032285710505e-02
6.282283263713281385e-02
6.343019215224747487e-02
6.392907526164182119e-02
6.431625413963405757e-02
6.458902558276376216e-02
6.474522839345032976e-02
6.478325929466127731e-02
6.470208733567416048e-02
6.450126672220937718e-02
6.418094797919812744e-02
6.374188733126176509e-02
6.318545416460129294e-02
6.251363641442179986e-02
6.172904370419765585e-02
6.083490804694070830e-02
5.983508190405492644e-02
5.873403338422913955e-02
5.753683835298364913e-02
5.624916921282666071e-02
5.487728010437710469e-02
5.342798827020867058e-02
5.190865131556754442e-02
5.032714009357733276e-02
4.869180693725708164e-02
4.701144895687250913e-02
4.529526611913310685e-02
4.355281434209204439e-02
4.179395400540419914e-02
4.002879026074958324e-02
3.826760602541551259e-02
3.652078857952475999e-02
3.479874968845339533e-02
3.311183900427400184e-02
3.147025049716595246e-02
2.988392166493999622e-02
2.836242526613954804e-02
2.691485331956788504e-02
2.554969311058516088e-02
2.427469494206723963e-02
2.309673136553152747e-02
2.202164762564184572e-02
2.105410304894638970e-02
2.019740310550593651e-02
1.945332186976838837e-02
1.882191460480952747e-02
1.830132019177099431e-02
1.788755312403400230e-02
1.757428478332256558e-02
1.735261371252394200e-02
1.721082459762512604e-02
1.713413566852805756e-02
1.710443422609886008e-02
1.710000000000055573e-02
1.710000000000000062e-02
1.710000000000000062e-02
1.710000000000000062e-02
1.710000000000000062e-02
1.710000000000000062e-02
1.710000000000000062e-02
1.710000000000000062e-02
1.710000000000000062e-02
1.710000000000000062e-02
1.710000000000000062e-02
1.710000000000000062e-02
1.710000000000000062e-02
1.710000000000000062e-02
1.710000000000000062e-02
1.710000000000000062e-02
1.710000000000000062e-02
1.710000000000000062e-02
1.710000000000000062e-02
1.710000000000000062e-02
1.710000000000000062e-02
1.710000000000000062e-02
1.710000000000000062e-02
1.710000000000000062e-02
1.710000000000000062e-02
1.710000000000000062e-02
1.710000000000000062e-02
1.710000000000000062e-02
1.710000000000000062e-02
1.710000000000000062e-02
1.710000000000000062e-02
1.710000000000000062e-02
1.710000000000000062e-02
1.710000000000000062e-02
1.710000000000000062e-02
1.710000000000000062e-02
1.710000000000000062e-02
1.710000000000000062e-02
1.710000000000000062e-02
1.710000000000000062e-02
1.710000000000000062e-02
1.710000000000000062e-02
1.710000000000000062e-02
1.710000000000000062e-02
1.710000000000000062e-02
1.710000000000000062e-02
1.710000000000000062e-02
1.710000000000000062e-02
1.710000000000000062e-02
1.710000000000000062e-02
1.710000000000000062e-02
1.710000000000000062e-02
1.710000000000000062e-02
1.710000000000000062e-02
1.710000000000000062e-02
1.710000000000000062e-02
1.710000000000000062e-02
1.710000000000000062e-02
1.710000000000000062e-02
1.710000000000000062e-02
1.710000000000000062e-02
1.710000000000000062e-02
1.710000000000000062e-02
1.710000000000000062e-02
1.710000000000000062e-02
1.710000000000000062e-02
1.710000000000000062e-02
1.710000000000000062e-02
1.710000000000000062e-02
1.710000000000000062e-02
1.710000000000000062e-02
1.710000000000000062e-02
1.710000000000000062e-02
1.710000000000000062e-02
1.710000000000000062e-02
1.710000000000000062e-02
1.710000000000000062e-02
1.710000000000000062e-02
1.710000000000000062e-02
1.710000000000000062e-02
1.710000000000000062e-02
1.710000000000000062e-02
1.710000000000000062e-02
1.710000000000000062e-02
1.710000000000000062e-02
1.710000000000000062e-02
1.710000000000000062e-02
1.710000000000000062e-02
1.710000000000000062e-02
1.710000000000000062e-02
1.710000000000000062e-02
1.710000000000000062e-02
1.710000000000000062e-02
1.710000000000000062e-02
1.710000000000000062e-02
1.710000000000000062e-02
1.710000000000000062e-02
1.710000000000000062e-02
1.710000000000000062e-02
1.710000000000000062e-02
1.710000000000000062e-02
1.710161887873717576e-02
1.711273446107180671e-02
1.714222353047351044e-02
1.719828509828131777e-02
1.728844562937736223e-02
1.741956397973632928e-02
1.759783617525771324e-02
1.782880015424139625e-02
1.811734058817416823e-02
1.846769388709811055e-02
1.888345348668741056e-02
1.936757550425205476e-02
1.992238484025536313e-02
2.054958179072064253e-02
2.125024922443172204e-02
2.202486036771908809e-02
2.287328722995966498e-02
2.379480969652381442e-02
2.478812531566517569e-02
2.585135981611040232e-02
2.698207841899498416e-02
2.817729805921607295e-02
2.943350071605364826e-02
3.074664817823191676e-02
3.211219873488564691e-02
3.352512647695866932e-02
3.497994407593026100e-02
3.647073001418835864e-02
3.799116119334901287e-02
3.953455157736474740e-02
4.109389702835468394e-02
4.266192584494649803e-02
4.423115387081819061e-02
4.579394257398982510e-02
4.734255831277699167e-02
4.886923110835995898e-02
5.036621155711373810e-02
5.182582492359763537e-02
5.324052185665645309e-02
5.460292550424536429e-02
5.590587504423615017e-02
5.714246580239358553e-02
5.830608621179929341e-02
5.939045190017305798e-02
6.038963719041752498e-02
6.129810427871312806e-02
6.211073032285710505e-02
6.282283263713281385e-02
6.343019215224747487e-02
6.392907526164182119e-02
6.431625413963405757e-02
6.458902558276370665e-02
6.474522839345032976e-02
6.478325929466126343e-02
6.470208733567410497e-02
6.450126672220923840e-02
6.418094797919793315e-02
6.374188733126157080e-02
6.318545416460109865e-02
6.251363641442164720e-02
6.172904370419750320e-02
6.083490804694048626e-02
5.983508190405464888e-02
5.873403338422890363e-02
5.753683835298338545e-02
5.624916921282646642e-02
5.487728010437691040e-02
5.342798827020846242e-02
5.190865131556761380e-02
5.032714009357731888e-02
4.869180693725706777e-02
4.701144895687218994e-02
4.529526611913271827e-02
4.355281434209175295e-02
4.179395400540414363e-02
4.002879026074918078e-02
3.826760602541531830e-02
3.652078857952445468e-02
3.479874968845331207e-02
3.311183900427400184e-02
3.147025049716581369e-02
2.988392166493991295e-02
2.836242526613885415e-02
2.691485331956732993e-02
2.554969311058455025e-02
2.427469494206685105e-02
2.309673136553080583e-02
2.202164762564123510e-02
2.105410304894566806e-02
2.019740310550504833e-02
1.945332186976744468e-02
1.882191460480836173e-02
1.830132019177093880e-02
1.788755312403444639e-02
1.757428478332312069e-02
1.735261371252494120e-02
1.721082459762634728e-02
1.713413566852916778e-02
1.710443422609874906e-02
1.710000000000033368e-02
1.710000000000000062e-02
1.710000000000000062e-02
1.710000000000000062e-02
1.710000000000000062e-02
1.710000000000000062e-02
1.710000000000000062e-02
1.710000000000000062e-02
1.710000000000000062e-02
1.710000000000000062e-02
1.710000000000000062e-02
1.710000000000000062e-02
1.710000000000000062e-02
1.710000000000000062e-02
1.710000000000000062e-02
1.710000000000000062e-02
1.710000000000000062e-02
1.710000000000000062e-02
1.710000000000000062e-02
1.710000000000000062e-02
1.710000000000000062e-02
1.710000000000000062e-02
1.710000000000000062e-02
1.710000000000000062e-02
1.710000000000000062e-02
1.710000000000000062e-02
1.710000000000000062e-02
1.710000000000000062e-02
1.710000000000000062e-02
1.710000000000000062e-02
1.710000000000000062e-02
1.710000000000000062e-02
1.710000000000000062e-02
1.710000000000000062e-02
1.710000000000000062e-02
1.710000000000000062e-02
1.710000000000000062e-02
1.710000000000000062e-02
1.710000000000000062e-02
1.710000000000000062e-02
1.710000000000000062e-02
1.710000000000000062e-02
1.710000000000000062e-02
1.710000000000000062e-02
1.710000000000000062e-02
1.710000000000000062e-02
1.710000000000000062e-02
1.710000000000000062e-02
1.710000000000000062e-02
1.710000000000000062e-02
1.710000000000000062e-02
1.710000000000000062e-02
1.710000000000000062e-02
1.710000000000000062e-02
1.710000000000000062e-02
1.710000000000000062e-02
1.710000000000000062e-02
1.710000000000000062e-02
1.710000000000000062e-02
1.710000000000000062e-02
1.710000000000000062e-02
1.710000000000000062e-02
1.710000000000000062e-02
1.710000000000000062e-02
1.710000000000000062e-02
1.710000000000000062e-02
1.710000000000000062e-02
1.710000000000000062e-02
1.710000000000000062e-02
1.710000000000000062e-02
1.710000000000000062e-02
1.710000000000000062e-02
1.710000000000000062e-02
1.710000000000000062e-02
1.710000000000000062e-02
1.710000000000000062e-02
1.710000000000000062e-02
1.710000000000000062e-02
1.710000000000000062e-02
1.710000000000000062e-02
1.710000000000000062e-02
1.710000000000000062e-02
1.710000000000000062e-02
1.710000000000000062e-02
1.710000000000000062e-02
1.710000000000000062e-02
1.710000000000000062e-02
1.710000000000000062e-02
1.710000000000000062e-02
1.710000000000000062e-02
1.710000000000000062e-02
1.710000000000000062e-02
1.710000000000000062e-02
1.710000000000000062e-02
1.710000000000000062e-02
1.710000000000000062e-02
1.710000000000000062e-02
1.710000000000000062e-02
1.710000000000000062e-02
1.710000000000000062e-02
1.710000000000000062e-02
1.710000000000000062e-02
1.710000000000000062e-02
1.710000000000000062e-02
1.710000000000000062e-02
1.710000000000000062e-02
1.710000000000000062e-02
1.710000000000000062e-02
1.710000000000000062e-02
1.710000000000000062e-02
1.710000000000000062e-02
1.710000000000000062e-02
1.710000000000000062e-02
1.710000000000000062e-02
1.710000000000000062e-02
1.710000000000000062e-02
1.710000000000000062e-02
1.710000000000000062e-02
1.710000000000000062e-02
1.710000000000000062e-02
1.710000000000000062e-02
1.710000000000000062e-02
1.710000000000000062e-02
1.710000000000000062e-02
1.710000000000000062e-02
1.710000000000000062e-02
1.710000000000000062e-02
1.710000000000000062e-02
1.710000000000000062e-02
1.710000000000000062e-02
1.710000000000000062e-02
1.710000000000000062e-02
1.710000000000000062e-02
1.710000000000000062e-02
1.710000000000000062e-02
1.710000000000000062e-02
1.710000000000000062e-02
1.710000000000000062e-02
1.710000000000000062e-02
1.710000000000000062e-02
1.710000000000000062e-02
1.710000000000000062e-02
1.710000000000000062e-02
1.710000000000000062e-02
1.710000000000000062e-02
1.710000000000000062e-02
1.710000000000000062e-02
1.710000000000000062e-02
1.710000000000000062e-02
1.710000000000000062e-02
1.710000000000000062e-02
1.710000000000000062e-02
1.710000000000000062e-02
1.710000000000000062e-02
1.710000000000000062e-02
1.710000000000000062e-02
1.710000000000000062e-02
1.710000000000000062e-02
1.710000000000000062e-02
1.710000000000000062e-02
1.710000000000000062e-02
1.710000000000000062e-02
1.710000000000000062e-02
1.710000000000000062e-02
1.710000000000000062e-02
1.710000000000000062e-02
1.710000000000000062e-02
1.710000000000000062e-02
1.710000000000000062e-02
1.710000000000000062e-02
1.710000000000000062e-02
1.710000000000000062e-02
1.710000000000000062e-02
1.710000000000000062e-02
1.710000000000000062e-02
1.710000000000000062e-02
1.710000000000000062e-02
1.710014835114508427e-02
1.710118040138814202e-02
1.710396677331083026e-02
1.710936589586514386e-02
1.711822442982650558e-02
1.713137747949579695e-02
1.714964773709007004e-02
1.717384449502396340e-02
1.720476206892871535e-02
1.724317803384191328e-02
1.728985131377048720e-02
1.734552016999897639e-02
1.741090018744570478e-02
1.748668235588297232e-02
1.757353133617386987e-02
1.767208399165264704e-02
1.778294825242930990e-02
1.790670236699086829e-02
1.804389458230346716e-02
1.819504328188840600e-02
1.836063895641645502e-02
1.854115575113813447e-02
1.873707539589595725e-02
1.894890070347850577e-02
1.917718434082545803e-02
1.942256779043902148e-02
1.968581586404787725e-02
1.996781624173639413e-02
2.026949144606872075e-02
2.059156973442947264e-02
2.093426188333562601e-02
2.129715614787512298e-02
2.167943378765472065e-02
2.207994823756303029e-02
2.249724932156104210e-02
2.292960910822093926e-02
2.337504878606604108e-02
2.383136607371800011e-02
2.429616279369580661e-02
2.476687233215727618e-02
2.524078678260355257e-02
2.571503578641605794e-02
2.618644588933469186e-02
2.665160505865590834e-02
2.710698133813520261e-02
2.754902028383483803e-02
2.797422078247791682e-02
2.837919293471770354e-02
2.876070131558400994e-02
2.911569654884355388e-02
2.944133776646447320e-02
2.973500817604217417e-02
2.999432563088818768e-02
3.021714979061240411e-02
3.040158717469109914e-02
3.054599514777002131e-02
3.064898563336335841e-02
3.070943247499081236e-02
3.072649178205924189e-02
3.069962145963513883e-02
3.062858781703133026e-02
3.051346827703342590e-02
3.035465291228808121e-02
3.015284471356003901e-02
2.990905848527934327e-02
2.962461825539926957e-02
2.930115307925777041e-02
2.894059111064090084e-02
2.854515180825251131e-02
2.811733614167262474e-02
2.765991465794907095e-02
2.717591326881874103e-02
2.666859661782117544e-02
2.614144888805462752e-02
2.559815191360053505e-02
2.504256046141412756e-02
2.447867455568564221e-02
2.391060872326191203e-02
2.334255804666681561e-02
2.277876092028055868e-02
2.222345841616265791e-02
2.168085017768071540e-02
2.115504677214294013e-02
2.065001844780879267e-02
2.016954025615227616e-02
1.971713351596854000e-02
1.929600361321248334e-02
1.890897414803654683e-02
1.855841752993880531e-02
1.824618209520811538e-02
1.797351531747892403e-02
1.774098347416380381e-02
1.754838824890036716e-02
1.739468036912377932e-02
1.727787033986183038e-02
1.719493638439517288e-02
1.714172948490799361e-02
1.711287559205109873e-02
1.710167513766946631e-02
1.709999999999933448e-02
1.709999999999933448e-02
1.710000000000000062e-02
1.710000000000000062e-02
1.710000000000000062e-02
1.710000000000000062e-02
1.710000000000000062e-02
1.710000000000000062e-02
1.710000000000000062e-02
1.710000000000000062e-02
1.710000000000000062e-02
1.710000000000000062e-02
1.710000000000000062e-02
1.710000000000000062e-02
1.710000000000000062e-02
1.710000000000000062e-02
1.710000000000000062e-02
1.710000000000000062e-02
1.710000000000000062e-02
1.710000000000000062e-02
1.710000000000000062e-02
1.710000000000000062e-02
1.710000000000000062e-02
1.710000000000000062e-02
1.710000000000000062e-02
1.710000000000000062e-02
1.710000000000000062e-02
1.710000000000000062e-02
1.710000000000000062e-02
1.710000000000000062e-02
1.710000000000000062e-02
1.710000000000000062e-02
1.710000000000000062e-02
1.710000000000000062e-02
1.710000000000000062e-02
1.710000000000000062e-02
1.710000000000000062e-02
1.710000000000000062e-02
1.710000000000000062e-02
1.710000000000000062e-02
1.710000000000000062e-02
1.710000000000000062e-02
1.710000000000000062e-02
1.710000000000000062e-02
1.710000000000000062e-02
1.710000000000000062e-02
1.710000000000000062e-02
1.710000000000000062e-02
1.710000000000000062e-02
1.710000000000000062e-02
1.710000000000000062e-02
1.710000000000000062e-02
1.710000000000000062e-02
1.710000000000000062e-02
1.710000000000000062e-02
1.710000000000000062e-02
1.710000000000000062e-02
1.710000000000000062e-02
1.710000000000000062e-02
1.710000000000000062e-02
1.710000000000000062e-02
1.710000000000000062e-02
1.710000000000000062e-02
1.710000000000000062e-02
1.710000000000000062e-02
1.710000000000000062e-02
1.710000000000000062e-02
1.710000000000000062e-02
1.710000000000000062e-02
1.710000000000000062e-02
1.710000000000000062e-02
1.710000000000000062e-02
1.710000000000000062e-02
1.710000000000000062e-02
1.710000000000000062e-02
1.710000000000000062e-02
1.710000000000000062e-02
1.710000000000000062e-02
1.710000000000000062e-02
1.710000000000000062e-02
1.710000000000000062e-02
1.710000000000000062e-02
1.710000000000000062e-02
1.710000000000000062e-02
1.710000000000000062e-02
1.710000000000000062e-02
1.710000000000000062e-02
1.710000000000000062e-02
1.710000000000000062e-02
1.710000000000000062e-02
1.710000000000000062e-02
1.710000000000000062e-02
1.710000000000000062e-02
1.710000000000000062e-02
1.710000000000000062e-02
1.710000000000000062e-02
1.710000000000000062e-02
1.710000000000000062e-02
1.710000000000000062e-02
1.710000000000000062e-02
1.710000000000000062e-02
1.710000000000000062e-02
1.710000000000000062e-02
1.710014538756730873e-02
1.710115386453240488e-02
1.710386086532251354e-02
1.710907207667587346e-02
1.711756472009654667e-02
1.713008910348462477e-02
1.714736896100067451e-02
1.717010123439431310e-02
1.719895584322147022e-02
1.723457602908202990e-02
1.727757865907366200e-02
1.732855439539736711e-02
1.738806784006236700e-02
1.745665767472401320e-02
1.753483679452483637e-02
1.762309243565375258e-02
1.772188629693755013e-02
1.783165465619931944e-02
1.795280848233142199e-02
1.808573354412870010e-02
1.823079051695209590e-02
1.838831508824055605e-02
1.855861806280634241e-02
1.874198546874533342e-02
1.893867866468241373e-02
1.914893444896410141e-02
1.937296517130779328e-02
1.961095884733433936e-02
1.986308276045371107e-02
2.012949695360156249e-02
2.041035488494222921e-02
2.070579779320702932e-02
2.101595462285471907e-02
2.134094311576958600e-02
2.168086998074648247e-02
2.203582960447906386e-02
2.240590063837752041e-02
2.279113970450884208e-02
2.319157143657429518e-02
2.360717410297019647e-02
2.403786034046123676e-02
2.448345288732182989e-02
2.494365548812380387e-02
2.541801929950326250e-02
2.590590503616663209e-02
2.640644061208488255e-02
