-1.926165900745291371e-03
-3.021709785583887031e-03
-4.534938381763053972e-03
-6.616880853065360002e-03
-9.301104905418716706e-03
-1.165562866343894388e-02
-1.165387700406411708e-02
-1.165200140165681408e-02
-1.165000682483671723e-02
-1.164789040812572174e-02
-1.164565389361343906e-02
-1.164329678607620155e-02
-1.164081751002282727e-02
-1.163821422363695013e-02
-1.163548504795944294e-02
-1.163262814116589050e-02
-1.162963902946573258e-02
-1.162651914419635113e-02
-1.162326707431451944e-02
-1.161988156068288758e-02
-1.161636044873920470e-02
-1.161270431181382623e-02
-1.160891208619829751e-02
-1.160498235765486386e-02
-1.160091509169183799e-02
-1.159670988912181455e-02
-1.159236659145951309e-02
-1.158788551163325575e-02
-1.158326721248559288e-02
-1.157851236567544739e-02
-1.157362176871007398e-02
-1.156859671570686920e-02
-1.156343814168117601e-02
-1.155814695701601336e-02
-1.155272431327888927e-02
-1.154717150390410785e-02
-1.154149009836422102e-02
-1.153568190970255536e-02
-1.152974877042500790e-02
-1.152369266874700426e-02
-1.151751569946674048e-02
-1.151122004812193955e-02
-1.150480763389369332e-02
-1.149828019574691829e-02
-1.149163960491939029e-02
-1.148488784222437276e-02
-1.147802687789509224e-02
-1.147105884259477793e-02
-1.146398606596296665e-02
-1.145681073844795339e-02
-1.144953511103916077e-02
-1.144216144635243348e-02
-1.143469164055815890e-02
-1.142712731924491742e-02
-1.141947017344391302e-02
-1.141172194190638589e-02
-1.140388439465794823e-02
-1.139595931804904261e-02
-1.138794850160006200e-02
-1.137985372671897200e-02
-1.137167675723306515e-02
-1.136341940658130989e-02
-1.135508302844967510e-02
-1.134666847652587851e-02
-1.133817681991322601e-02
-1.132960911719403663e-02
-1.132096643880665943e-02
-1.131224985518196335e-02
-1.130346042650121063e-02
-1.129459919415878866e-02
-1.128566717387591289e-02
-1.127666535034237139e-02
-1.126759426636063377e-02
-1.125845412864352746e-02
-1.124924518255542016e-02
-1.123996771267195272e-02
-1.123062199780684722e-02
-1.122120832938271195e-02
-1.121172700223399543e-02
-1.120217829534232712e-02
-1.119256247229316603e-02
-1.118287977712853487e-02
-1.117313001783777626e-02
-1.116331258229515122e-02
-1.115342702091076665e-02
-1.114347297423197436e-02
-1.113345004473678679e-02
-1.112335784614217060e-02
-1.111319600469992674e-02
-1.110296378868891320e-02
-1.109266122958565970e-02
-1.108228795730423211e-02
-1.107184318690980496e-02
-1.106132551854360768e-02
-1.105073393816918825e-02
-1.104006165235141279e-02
-1.102931527487432950e-02
-1.101849303664309554e-02
-1.100759397807757334e-02
-1.099661354719175255e-02
-1.098555571896168981e-02
-1.097441905721940891e-02
-1.096320206172367306e-02
-1.095190327441275535e-02
-1.094052167744002935e-02
-1.092905491328401146e-02
-1.091750183223874626e-02
-1.090586155545035518e-02
-1.089413303394887178e-02
-1.088231531539242403e-02
-1.087040736032333921e-02
-1.085840885004243916e-02
-1.084631839001538867e-02
-1.083413525772607133e-02
-1.082185816961289682e-02
-1.080948615624729992e-02
-1.079701823546190542e-02
-1.078445341930760193e-02
-1.077179071923738130e-02
-1.075902419083393791e-02
-1.074615775996723421e-02
-1.073318578079372754e-02
-1.072011232341919806e-02
-1.070693719544159317e-02
-1.069366040354353953e-02
-1.068027869694752885e-02
-1.066679434566511486e-02
-1.065320430211867675e-02
-1.063951159445820915e-02
-1.062571577783741339e-02
-1.061181651714011853e-02
-1.059792217855917706e-02
-1.058392882292139014e-02
-1.056983947717304861e-02
-1.055563843393847456e-02
-1.054132424222664621e-02
-1.052689731228245718e-02
-1.051235793416085973e-02
-1.049770631625757122e-02
-1.048294261422347273e-02
-1.046806695470982318e-02
-1.045307945492424118e-02
-1.043798114150058798e-02
-1.042277365482509321e-02
-1.040745836497458665e-02
-1.039203644441598351e-02
-1.037650892291935856e-02
-1.036087673079225113e-02
-1.034514073325866479e-02
-1.032929601400009445e-02
-1.031334944781593654e-02
-1.029730151865658472e-02
-1.028115401070325841e-02
-1.026490935099624857e-02
-1.024856968742075825e-02
-1.023213696142873108e-02
-1.021561296326353729e-02
-1.019899937527064815e-02
-1.018229780615008406e-02
-1.016550981818860333e-02
-1.014863694895645763e-02
-1.013168072857524582e-02
-1.011464365327854886e-02
-1.009752885932524435e-02
-1.008034466822671504e-02
-1.006308780223852395e-02
-1.004576106924587320e-02
-1.002836678646422397e-02
-1.001090718087588316e-02
-9.993384416450146190e-03
-9.975800615714097708e-03
-9.958157876803708231e-03
-9.940459214419480882e-03
-9.922708254682652274e-03
-9.904908312211815891e-03
-9.887062464743384682e-03
-9.869173608410289344e-03
-9.851244500665393145e-03
-9.833277793893910323e-03
-9.815276061877251101e-03
-9.797241820677093926e-03
-9.779177545102532565e-03
-9.761086518629807918e-03
-9.742972559217757955e-03
-9.724839185034986344e-03
-9.706689683999902840e-03
-9.688527164849108919e-03
-9.670354596548816350e-03
-9.652174838975138838e-03
-9.633990666936639857e-03
-9.615809467395680654e-03
-9.597628829496607228e-03
-9.579452230681559377e-03
-9.561285379673600815e-03
-9.543132850899901931e-03
-9.524994170824876982e-03
-9.506872700279611621e-03
-9.488771393821149314e-03
-9.470693112374709011e-03
-9.452640642189133469e-03
-9.434616709402571244e-03
-9.416623991212874634e-03
-9.398669031765310988e-03
-9.380750465396436866e-03
-9.362872650390652307e-03
-9.345040114095079509e-03
-9.327252163724861211e-03
-9.309511642608236937e-03
-9.291821242916067924e-03
-9.274183616076833725e-03
-9.256601380216278319e-03
-9.239077124559846865e-03
-9.221613320595026253e-03
-9.204212267526018509e-03
-9.186876291810641693e-03
-9.169607749843100564e-03
-9.152414536346895058e-03
-9.135300284768152479e-03
-9.118261740903618739e-03
-9.101301633412009484e-03
-9.087672579617261936e-03
-9.069460003157059358e-03
-9.051308841502236913e-03
-9.033199126785851352e-03
-9.015137393091010587e-03
-8.997125965475236131e-03
-8.979156580549527145e-03
-8.961227851605732542e-03
-8.943342982854637913e-03
-8.925500873727371109e-03
-8.928227553990548265e-03
-8.936407594780077998e-03
-8.950040996095960308e-03
-8.969127757938195195e-03
-8.993667880306782658e-03
-9.023661363201724434e-03
-9.059108206623018786e-03
-9.100008410570665715e-03
-9.146361975044665221e-03
-9.198168900045019039e-03
-9.255264031032594055e-03
-9.317482213468258889e-03
-9.384823447352013542e-03
-9.457287732683858014e-03
-9.534875069463792305e-03
-9.617585457691818149e-03
-9.705418897367933811e-03
-9.798375388492139293e-03
-9.896454931064434593e-03
-9.999657525084819712e-03
-1.010764649929835751e-02
-1.022008518245010739e-02
-1.033697357454007107e-02
-1.045831167556824683e-02
-1.058409948553463639e-02
-1.071433700443923803e-02
-1.084902423228205348e-02
-1.098816116906308100e-02
-1.113174781478232234e-02
-1.127978416943977574e-02
-1.143200946930358897e-02
-1.158816295064190802e-02
-1.174824461345473289e-02
-1.191225445774206360e-02
-1.208019248350390012e-02
-1.225205869074024248e-02
-1.242785307945109066e-02
-1.260757564963644467e-02
-1.279122640129630277e-02
-1.297880533443066670e-02
-1.317011952738893731e-02
-1.336497605852051372e-02
-1.356337492782539594e-02
-1.376531613530358224e-02
-1.397079968095507434e-02
-1.417982556477987224e-02
-1.439239378677797596e-02
-1.460850434694938547e-02
-1.482815724529410080e-02
-1.505135248181212193e-02
-1.527794582105283967e-02
-1.550779302756564657e-02
-1.574089410135054434e-02
-1.597724904240753127e-02
-1.621685785073660735e-02
-1.645972052633777258e-02
-1.670583706921102696e-02
-1.695520747935637049e-02
-1.720783175677380317e-02
-1.746370990146332500e-02
-1.772272048302974898e-02
-1.798474207107788811e-02
-1.824977466560774239e-02
-1.851781826661931182e-02
-1.878887287411259988e-02
-1.906293848808760308e-02
-1.934001510854432143e-02
-1.962010273548275494e-02
-1.990320136890290359e-02
-2.018931100880476739e-02
-2.047830333310607029e-02
-2.077005001972453274e-02
-2.106455106866015475e-02
-2.136180647991293632e-02
-2.166181625348287745e-02
-2.196458038936998161e-02
-2.227009888757424533e-02
-2.257837174809566860e-02
-2.288939897093425144e-02
-2.320318055608999383e-02
-2.351955148665435535e-02
-2.383834674571879558e-02
-2.415956633328331105e-02
-2.448321024934790521e-02
-2.480927849391257461e-02
-2.513777106697732272e-02
-2.546868796854214606e-02
-2.580202919860704810e-02
-2.613779475717202885e-02
-2.647598464423708484e-02
-2.681637105654559317e-02
-2.715872619084092401e-02
-2.750305004712307738e-02
-2.784934262539205327e-02
-2.819760392564785167e-02
-2.854783394789047260e-02
-2.890003269211991604e-02
-2.925420015833618201e-02
-2.961033634653927049e-02
-2.996844125672918149e-02
-3.032820460821583977e-02
-3.068931612030917008e-02
-3.105177579300916896e-02
-3.141558362631583640e-02
-3.178073962022917587e-02
-3.214724377474918737e-02
-3.251509608987586397e-02
-3.288429656560921260e-02
-3.325484520194923327e-02
-3.362674199889592597e-02
-3.399958094215944221e-02
-3.437295601744994045e-02
-3.474686722476742068e-02
-3.512131456411188291e-02
-3.549629803548332713e-02
-3.587181763888175334e-02
-3.624787337430716155e-02
-3.662446524175955870e-02
-3.700159324123893784e-02
-3.737925737274529897e-02
-3.775694779891990843e-02
-3.813415468240403949e-02
-3.851087802319769909e-02
-3.888711782130088029e-02
-3.926287407671358309e-02
-3.963814678943580749e-02
-4.001293595946755349e-02
-4.038724158680882109e-02
-4.076106367145961723e-02
-4.113440221341993497e-02
-4.150664487780599682e-02
-4.187717932973403917e-02
-4.224600556920405509e-02
-4.261312359621604456e-02
-4.297853341077001454e-02
-4.334223501286595809e-02
-4.370422840250387519e-02
-4.406451357968377280e-02
-4.442309054440564398e-02
-4.477995929666948871e-02
-4.513441996044566251e-02
-4.548577265970450700e-02
-4.583401739444602913e-02
-4.617915416467022888e-02
-4.652118297037709932e-02
-4.686010381156664739e-02
-4.719591668823886615e-02
-4.752862160039376255e-02
-4.785821854803132963e-02
-4.818470753115157434e-02
-4.850732687190627973e-02
-4.882531489244724271e-02
-4.913867159277445634e-02
-4.944739697288792063e-02
-4.975149103278763557e-02
-5.005095377247360117e-02
-5.034578519194581742e-02
-5.063598529120429126e-02
-5.092155407024901576e-02
-5.120249152907999091e-02
-5.147800699528529145e-02
-5.174730979645298518e-02
-5.201039993258307209e-02
-5.226727740367555219e-02
-5.251794220973042548e-02
-5.276239435074769196e-02
-5.300063382672735857e-02
-5.323266063766941836e-02
-5.345847478357387134e-02
-5.367807626444071750e-02
-5.389068704698839196e-02
-5.409552909793532288e-02
-5.429260241728151720e-02
-5.448190700502696798e-02
-5.466344286117168216e-02
-5.483720998571565280e-02
-5.500320837865888685e-02
-5.516143804000137735e-02
-5.531189896974312431e-02
-5.545459116788413467e-02
-5.558880817774260880e-02
-5.571384354263675398e-02
-5.582969726256657023e-02
-5.593636933753205753e-02
-5.603385976753322284e-02
-5.612216855257005921e-02
-5.620129569264256664e-02
-5.627124118775074513e-02
-5.633200503789459468e-02
-5.638358724307411529e-02
-5.642544500825736470e-02
-5.645703553841239369e-02
-5.647835883353920922e-02
-5.648941489363780433e-02
-5.649020371870817903e-02
-5.648072530875034025e-02
-5.646097966376428107e-02
-5.643096678375000841e-02
-5.639068666870751534e-02
-5.634013931863680186e-02
-5.627907422909351337e-02
-5.620724089563328835e-02
-5.612463931825612679e-02
-5.603126949696202869e-02
-5.592713143175099405e-02
-5.581222512262302982e-02
-5.568655056957812904e-02
-5.555010777261629173e-02
-5.540289673173751789e-02
-5.524491744694180750e-02
-5.507632133279343617e-02
-5.489725980385667253e-02
-5.470773286013152353e-02
-5.450774050161798917e-02
-5.429728272831606251e-02
-5.407635954022575048e-02
-5.384497093734705309e-02
-5.360311691967996339e-02
-5.335079748722448834e-02
-5.308801263998062792e-02
-5.281583885889658270e-02
-5.253535262492056712e-02
-5.224655393805257425e-02
-5.194944279829261102e-02
-5.164401920564067050e-02
-5.133028316009675268e-02
-5.100823466166086451e-02
-5.067787371033299904e-02
-5.033920030611316321e-02
-4.999221444900135009e-02
-5.209501951166709000e-02
-5.195465102701563032e-02
-5.192188504306520513e-02
-5.192379447068813658e-02
-5.192581859726529137e-02
-5.192794920335419562e-02
-5.193018390064128853e-02
-5.193251994587069764e-02
-5.193495272406531416e-02
-5.193747928355262056e-02
-5.194009484391955145e-02
-5.194279654651359768e-02
-5.194558177325656056e-02
-5.194844827819054822e-02
-5.195139417308276830e-02
-5.195441788813159878e-02
-5.195751813831210597e-02
-5.196069507261719123e-02
-5.196394637472070976e-02
-5.196727169055523343e-02
-5.197067062400805015e-02
-5.197414426789859210e-02
-5.197769077948403982e-02
-5.198131123069389681e-02
-5.198500704387443161e-02
-5.198877654796739411e-02
-5.199261934719702494e-02
-5.199653642582091617e-02
-5.200052853801329089e-02
-5.200459458053355299e-02
-5.200874097292500220e-02
-5.201296496198601349e-02
-5.201727151306961838e-02
-5.202165844561479346e-02
-5.202612705213505162e-02
-5.203068198323301807e-02
-5.203532092186856362e-02
-5.204004579391334484e-02
-5.204485828438794315e-02
-5.204976124725041453e-02
-5.205475597699381340e-02
-5.205984271962839360e-02
-5.206502334566819046e-02
-5.207029954650899128e-02
-5.207567297416285101e-02
-5.208114549259215686e-02
-5.208671977070890302e-02
-5.209239566382639630e-02
-5.209817533649947763e-02
-5.210406039844094062e-02
-5.211005243771077433e-02
-5.211615301384543708e-02
-5.212236354655683246e-02
-5.212868532736332494e-02
-5.213511960321202954e-02
-5.214166756488350374e-02
-5.214833033641272375e-02
-5.215510896535564822e-02
-5.216200441402989163e-02
-5.216901787654702749e-02
-5.217614980427805194e-02
-5.218340084909518783e-02
-5.219077141720451785e-02
-5.219826167784112625e-02
-5.220587168561212355e-02
-5.221360137277156199e-02
-5.222145054292354205e-02
-5.222941855406343370e-02
-5.223750524966719322e-02
-5.224571003447893436e-02
-5.225403216063231882e-02
-5.226247073994175207e-02
-5.227102457049197237e-02
-5.227969216642952555e-02
-5.228847190813558365e-02
-5.229736204229822050e-02
-5.230636068318794685e-02
-5.231546581495097326e-02
-5.232467529499892911e-02
-5.233398685846912812e-02
-5.234339775184970733e-02
-5.235290539748278793e-02
-5.236250763990560331e-02
-5.237220134550937822e-02
-5.238198338784383346e-02
-5.239184990972545197e-02
-5.240179751991544399e-02
-5.241182410162958938e-02
-5.242192596706207741e-02
-5.243209951482627473e-02
-5.244234002565367758e-02
-5.245264450088411856e-02
-5.246301044712965711e-02
-5.247343352335800959e-02
-5.248390865131118133e-02
-5.249443246125023999e-02
-5.250500115582794336e-02
-5.251561085834198506e-02
-5.252625749457509596e-02
-5.253693700145520284e-02
-5.254764533123547354e-02
-5.255837845907154748e-02
-5.256913226493482860e-02
-5.257996017657268206e-02
-5.259079458067239532e-02
-5.260162543406539382e-02
-5.261246433913437104e-02
-5.262328711394154146e-02
-5.263408367930144660e-02
-5.264484942953512325e-02
-5.265557906883988615e-02
-5.266626781738917296e-02
-5.267691280251518560e-02
-5.268750963131360598e-02
-5.269805429915901118e-02
-5.270854279125583575e-02
-5.271897110581350021e-02
-5.272933527392485720e-02
-5.273963137664049172e-02
-5.274985555961599071e-02
-5.276000404564702706e-02
-5.277007314535507587e-02
-5.278005998999885096e-02
-5.278996228925326994e-02
-5.279977766393857685e-02
-5.280950369117558274e-02
-5.281913793948003755e-02
-5.282867736586205343e-02
-5.283812027937398459e-02
-5.284746333115217243e-02
-5.285670570551539993e-02
-5.286584480759878857e-02
-5.287487938085264072e-02
-5.288380878219438308e-02
-5.289263224693221965e-02
-5.290134893746543943e-02
-5.290995798107234194e-02
-5.291845849977892813e-02
-5.292689522385503331e-02
-5.293525902222198654e-02
-5.294353596803413886e-02
-5.295171475307332287e-02
-5.295978391217244508e-02
-5.296773243224819905e-02
-5.297555173724373401e-02
-5.298323529051714165e-02
-5.299077825181933155e-02
-5.299817718206163708e-02
-5.300542978989748744e-02
-5.301253471470916689e-02
-5.301949134116577811e-02
-5.302629964108476757e-02
-5.303295180162137523e-02
-5.303943540066236029e-02
-5.304574125063928058e-02
-5.305186284124090157e-02
-5.305779586119797886e-02
-5.306353778791660092e-02
-5.306908753662548106e-02
-5.307444516139848967e-02
-5.307961160117002919e-02
-5.308458846462994762e-02
-5.308936899102952023e-02
-5.309394142262527372e-02
-5.309829740918255159e-02
-5.310243139766003539e-02
-5.310634010903844682e-02
-5.311002209020621034e-02
-5.311347733181873143e-02
-5.311670694372369605e-02
-5.311971288032517335e-02
-5.312249770908462898e-02
-5.312505480343371334e-02
-5.312737199934036703e-02
-5.312944071682790259e-02
-5.313125530987926337e-02
-5.313281250886708884e-02
-5.313411094298876869e-02
-5.313515073330042637e-02
-5.313593314750053587e-02
-5.313646030836406686e-02
-5.313673494854917467e-02
-5.313675014197513646e-02
-5.313649313674083385e-02
-5.313595490759048801e-02
-5.313512948091667076e-02
-5.313401335537351611e-02
-5.313260500542453524e-02
-5.313090445833161535e-02
-5.312891293552246541e-02
-5.312663255136704232e-02
-5.312406638809680226e-02
-5.312120791074601001e-02
-5.311804648855350530e-02
-5.311457457559676243e-02
-5.311078735541044371e-02
-5.310668224667565440e-02
-5.310225844859960131e-02
-5.309751655391095615e-02
-5.309245822120202407e-02
-5.308708588936984774e-02
-5.308140257628034264e-02
-5.307540780701584804e-02
-5.306909901294817877e-02
-5.306247512830410129e-02
-5.305553630727985470e-02
-5.304828389248208986e-02
-5.304076270664206949e-02
-5.303299263517922968e-02
-5.302499924096389095e-02
-5.301680573392132667e-02
-5.300843182378611740e-02
-5.299991024477353208e-02
-5.299128021890293916e-02
-5.298257394227996742e-02
-5.297381775852806618e-02
-5.296503308511596453e-02
-5.295668294118387187e-02
-5.294598489906202077e-02
-5.293156346253971578e-02
-5.291425007673263015e-02
-5.289473938640527895e-02
-5.287352196506253654e-02
-5.285093414711584947e-02
-5.282727091498509719e-02
-5.280280533038592128e-02
-5.277779070070690026e-02
-5.275246151327062094e-02
-5.272704324615701266e-02
-5.270187607323201240e-02
-5.270125457392363377e-02
-5.269939007599850483e-02
-5.269628257945662558e-02
-5.269193208429798908e-02
-5.268633859052260227e-02
-5.267950209813046514e-02
-5.267142260712157076e-02
-5.266210011749592607e-02
-5.265153462925353106e-02
-5.263972614239437881e-02
-5.262774707989779227e-02
-5.261666986474308749e-02
-5.260649449693026447e-02
-5.259722097645933014e-02
-5.258884930333027757e-02
-5.258137947754310676e-02
-5.257481149909781770e-02
-5.256914536799441040e-02
-5.256438108423288486e-02
-5.256051864781324107e-02
-5.255717774614289406e-02
-5.255397806662925886e-02
-5.255091960927233546e-02
-5.254800237407213082e-02
-5.254522636102863797e-02
-5.254259157014185694e-02
-5.254009800141178771e-02
-5.253774565483843029e-02
-5.253553453042179161e-02
-5.253346462816186474e-02
-5.253083923887309770e-02
-5.252696165336993156e-02
-5.252183187165237327e-02
-5.251544989372041589e-02
-5.250781571957406635e-02
-5.249892934921332466e-02
-5.248879078263818387e-02
-5.247740001984865094e-02
-5.246475706084471891e-02
-5.245086190562639472e-02
-5.243599919566198364e-02
-5.242045357241979786e-02
-5.240422503589983738e-02
-5.238731358610210220e-02
-5.236971922302658539e-02
-5.235144194667329387e-02
-5.233248175704222765e-02
-5.231283865413338674e-02
-5.229251263794677113e-02
-5.227150370848237387e-02
-5.224990163034970436e-02
-5.222779616815825809e-02
-5.220518732190803507e-02
-5.218207509159903529e-02
-5.215845947723125875e-02
-5.213434047880470545e-02
-5.210971809631938234e-02
-5.208459232977528247e-02
-5.205896317917240584e-02
-5.203283064451075246e-02
-5.200541545010492483e-02
-5.197593832026951854e-02
-5.194439925500453359e-02
-5.191079825430997691e-02
-5.187513531818584156e-02
-5.183741044663212755e-02
-5.179762363964884181e-02
-5.175577489723597741e-02
-5.171186421939354128e-02
-5.166589160612152648e-02
-5.161604905940884308e-02
-5.156052858124439420e-02
-5.149933017162817983e-02
-5.143245383056019998e-02
-5.135989955804045465e-02
-5.128166735406895077e-02
-5.119775721864568141e-02
-5.110816915177064657e-02
-5.101290315344384624e-02
-5.091195922366528043e-02
-5.080353148000098934e-02
-5.068581404001699930e-02
-5.055880690371331726e-02
-5.042251007108993627e-02
-5.027692354214686327e-02
-5.012204731688409132e-02
-4.995788139530162736e-02
-4.978442577739946445e-02
-4.960168046317760954e-02
-4.940964545263605567e-02
-4.920792840737755330e-02
-4.899613698900484593e-02
-4.877427119751792661e-02
-4.854233103291680229e-02
-4.830031649520147297e-02
-4.804822758437193864e-02
-4.778606430042819236e-02
-4.751382664337024109e-02
-4.723151461319808481e-02
-4.693912820991171658e-02
-5.915243709310513687e-02
-5.877996688537044656e-02
-5.868066258395543411e-02
-5.909141171210398336e-02
-6.000951494989407997e-02
-6.143257242669393492e-02
-6.335802513743936382e-02
-6.334887904447394913e-02
-6.334716749473248698e-02
-6.334601465300815359e-02
-6.334532621896166171e-02
-6.334502369952504930e-02
-6.334505221004646525e-02
-6.334537303734977254e-02
-6.334595253654000391e-02
-6.334676183374006453e-02
-6.334777533196811472e-02
-6.334897162024187567e-02
-6.335033246171299648e-02
-6.335184215457624612e-02
-6.335348764772777419e-02
-6.335525632152419484e-02
-6.335713552989957753e-02
-6.335912127374863922e-02
-6.336120189981266082e-02
-6.336337178289173921e-02
-6.336562555991462342e-02
-6.336795854673782369e-02
-6.337036666249679095e-02
-6.337284542870753878e-02
-6.337539315682755303e-02
-6.337800703560629578e-02
-6.338068521592354898e-02
-6.338342640422453544e-02
-6.338622943471350357e-02
-6.338909284157293045e-02
-6.339201536628472078e-02
-6.339499608104483264e-02
-6.339803363066928710e-02
-6.340112690540569695e-02
-6.340427493875107345e-02
-6.340747685121506105e-02
-6.341073260727266014e-02
-6.341404171752261509e-02
-6.341740373393080221e-02
-6.342081803872723356e-02
-6.342428392449173113e-02
-6.342780059733120479e-02
-6.343136719897413123e-02
-6.343498282207743477e-02
-6.343864652081605826e-02
-6.344235731814547308e-02
-6.344611456961607443e-02
-6.344991770678430620e-02
-6.345376584019504773e-02
-6.345765782934921495e-02
-6.346159233187848026e-02
-6.346556783880261121e-02
-6.346958270048984330e-02
-6.347363482413953539e-02
-6.347772257363668014e-02
-6.348184408973089887e-02
-6.348599397829514379e-02
-6.349016471683475993e-02
-6.349434985467322656e-02
-6.349854383996078599e-02
-6.350274162430080693e-02
-6.350693909931963421e-02
-6.351113279188135008e-02
-6.351531944840746458e-02
-6.351949613447717413e-02
-6.352365994994772780e-02
-6.352780895572636422e-02
-6.353194189214787790e-02
-6.353605686042190781e-02
-6.354015152266916100e-02
-6.354422357013236877e-02
-6.354827086813992498e-02
-6.355232913496906832e-02
-6.355637863599511439e-02
-6.356039577842287347e-02
-6.356437770582865077e-02
-6.356832194660179403e-02
-6.357222617603322523e-02
-6.357608760742809728e-02
-6.357990336595450986e-02
-6.358366960926896405e-02
-6.358738242359002202e-02
-6.359103813115464521e-02
-6.359463235679081727e-02
-6.359816134253883091e-02
-6.360162122470429391e-02
-6.360500797621838898e-02
-6.360832036131408573e-02
-6.361155540009937048e-02
-6.361470995598393630e-02
-6.361778055493018391e-02
-6.362076346469597299e-02
-6.362365407296931286e-02
-6.362644918549219264e-02
-6.362914449017137430e-02
-6.363173581967028480e-02
-6.363422080380223833e-02
-6.363659821191598731e-02
-6.363886626805029256e-02
-6.364102277273757380e-02
-6.364306520875209761e-02
-6.364499083246570599e-02
-6.364679675215859089e-02
-6.364847999472809936e-02
-6.365003756220856401e-02
-6.365146647942511449e-02
-6.365277239112503149e-02
-6.365396602953657390e-02
-6.365505492354556205e-02
-6.365604397271548698e-02
-6.365693593259526273e-02
-6.365773182604655966e-02
-6.365843129099602038e-02
-6.365903287363826324e-02
-6.365953427489558225e-02
-6.365993255687253660e-02
-6.366022469530377426e-02
-6.366040756834281944e-02
-6.366047771234599473e-02
-6.366043144876562532e-02
-6.366026498647314735e-02
-6.365997450369145771e-02
-6.365955621296250089e-02
-6.365900641199966070e-02
-6.365832152280667677e-02
-6.365749812105513106e-02
-6.365653322061953778e-02
-6.365542416704372819e-02
-6.365416839343546185e-02
-6.365276345651411927e-02
-6.365120705996092643e-02
-6.364949706845084154e-02
-6.364763151474862879e-02
-6.364560860163731570e-02
-6.364342669999907554e-02
-6.364108434405243986e-02
-6.363858031952346339e-02
-6.363591358917303209e-02
-6.363308318882084091e-02
-6.363008824551395770e-02
-6.362692798467071975e-02
-6.362360251591073212e-02
-6.362011159023277240e-02
-6.361645328440868052e-02
-6.361262750487849116e-02
-6.360863389976609272e-02
-6.360447203626493073e-02
-6.360014140788722292e-02
-6.359564154944977177e-02
-6.359097204497761446e-02
-6.358613252570864682e-02
-6.358112266252252676e-02
-6.357594215532362536e-02
-6.357059072098154850e-02
-6.356506808082688920e-02
-6.355937394830907250e-02
-6.355350758699149227e-02
-6.354746793039184327e-02
-6.354125397852303236e-02
-6.353486478619052580e-02
-6.352829944581907251e-02
-6.352155706809507751e-02
-6.351463676227626920e-02
-6.350753883562840207e-02
-6.350026233835835698e-02
-6.349280558546502307e-02
-6.348516618621023733e-02
-6.347734177895897334e-02
-6.346933012846443789e-02
-6.346183669556837437e-02
-6.345415443205255912e-02
-6.344621499295451106e-02
-6.343803252630857148e-02
-6.342960727590049586e-02
-6.342093931674132323e-02
-6.341202855371499969e-02
-6.340287700915483993e-02
-6.339348988698183252e-02
-6.338392288136086850e-02
-6.337418570779279614e-02
-6.336424616842760427e-02
-6.335408945638816569e-02
-6.334371355669474180e-02
-6.333311550110501398e-02
-6.333349266360403795e-02
-6.333462415110112376e-02
-6.333650996359627139e-02
-6.333915010108948085e-02
-6.334254456358075214e-02
-6.334669335107007138e-02
-6.335159646355745244e-02
-6.335725390104289534e-02
-6.336366566352640006e-02
-6.337083175100796661e-02
-6.337962200288538295e-02
-6.339090625855642314e-02
-6.340468451802110106e-02
-6.342095678127941671e-02
-6.343972304833137010e-02
-6.346098331917696123e-02
-6.348473759381619008e-02
-6.351098587224905667e-02
-6.353972815447554712e-02
-6.357096444049567530e-02
-6.360441941732634941e-02
-6.363981777198449152e-02
-6.367715950447010165e-02
-6.371644461478316590e-02
-6.375767310292369816e-02
-6.380084496889168455e-02
-6.384596021268713895e-02
-6.389301883431004747e-02
-6.394202083376042400e-02
-6.399296621103825466e-02
-6.404561745620157565e-02
-6.409973705930839538e-02
-6.415532502035871387e-02
-6.421238133935253112e-02
-6.427090601628984712e-02
-6.433089905117066187e-02
-6.439236044399496151e-02
-6.445529019476275989e-02
-6.451968830347405703e-02
-6.458555477012885293e-02
-6.465270524805032115e-02
-6.472095539056163527e-02
-6.479030519766279528e-02
-6.486075466935380118e-02
-6.493230380563465298e-02
-6.500495260650535068e-02
-6.507870107196589426e-02
-6.515354920201628375e-02
-6.522949699665650525e-02
-6.530654445588657264e-02
-6.538455684799431011e-02
-6.546339944126751409e-02
-6.554307223570619845e-02
-6.562357523131036319e-02
-6.570490842807999443e-02
-6.578707182601510606e-02
-6.587006542511569807e-02
-6.595388922538175658e-02
-6.603854322681329547e-02
-6.612402742941031475e-02
-6.621024284188865849e-02
-6.629709047296418467e-02
-6.638457032263690716e-02
-6.647268239090681208e-02
-6.656142667777389943e-02
-6.665080318323818309e-02
-6.674081190729964919e-02
-6.683145284995829771e-02
-6.692272601121412867e-02
-6.701463139106715594e-02
-6.710708428949131721e-02
-6.720000000646057792e-02
-6.729337854197493807e-02
-6.738721989603439766e-02
-6.748152406863895669e-02
-6.757629105978861517e-02
-6.767152086948337308e-02
-6.776721349772323044e-02
-6.786336894450818724e-02
-6.795998720983824348e-02
-6.805696908072680906e-02
-6.815421534418728000e-02
-6.825172600021965630e-02
-6.834950104882393795e-02
-6.844754049000012497e-02
-6.854584432374821734e-02
-6.864441255006821507e-02
-6.874324516896011816e-02
-6.884234218042392661e-02
-6.894170358445964042e-02
-6.904118173006656978e-02
-6.914062896624401100e-02
-6.924004529299195021e-02
-6.933943071031040128e-02
-6.943878521819936422e-02
-6.953810881665883903e-02
-6.963740150568882570e-02
-6.973666328528932423e-02
-6.983589415546032075e-02
-6.993509411620182914e-02
-7.003403357698494147e-02
-7.013248294728076371e-02
-7.023044222708929585e-02
-7.032791141641052401e-02
-7.042489051524446209e-02
-7.052137952359109618e-02
-7.061737844145044019e-02
-7.071288726882248021e-02
-7.080790600570723015e-02
-7.090243465210467610e-02
-7.099613466918332227e-02
-7.108866751811164508e-02
-7.118003319888965841e-02
-7.127023171151734837e-02
-7.135926305599472885e-02
-7.144712723232178597e-02
-7.153382424049853361e-02
-7.161935408052495788e-02
-7.170371675240107268e-02
-7.178691225612686411e-02
-7.186847679076352469e-02
-7.194794655537221917e-02
-7.202532154995296143e-02
-7.210060177450575147e-02
-7.217378722903057542e-02
-7.224487791352744714e-02
-7.231387382799636665e-02
-7.238077497243732006e-02
-7.244558134685032125e-02
-7.250829295123537022e-02
-7.256832203067524467e-02
-7.262508083025273620e-02
-7.267856934996784479e-02
-7.272878758982057046e-02
-7.277573554981091319e-02
-7.281941322993887300e-02
-7.285982063020444988e-02
-7.289695775060764382e-02
-7.293082459114845484e-02
-7.296142115182688292e-02
-7.298805813123877828e-02
-7.301004622798000498e-02
-7.302738544205054916e-02
-7.304007577345042468e-02
-7.304811722217961767e-02
-7.305150978823814201e-02
-7.305025347162598381e-02
-7.304434827234315697e-02
-7.303379419038966147e-02
-7.301859122576548344e-02
-7.299798505403021220e-02
-7.297122135074340932e-02
-7.293830011590508866e-02
-7.289922134951523636e-02
-7.285398505157386628e-02
-7.280259122208097844e-02
-7.274503986103655895e-02
-7.268133096844062169e-02
-7.261146454429315278e-02
-7.253544058859416610e-02
-7.245247748943808852e-02
-7.236179363491933303e-02
-7.226338902503791350e-02
-7.215726365979381607e-02
-7.204341753918705460e-02
-7.192185066321761522e-02
-7.179256303188551180e-02
-7.165555464519073048e-02
-7.151082550313328512e-02
-7.135837560571317573e-02
-7.119742130926808021e-02
-7.102717897013567649e-02
-7.084764858831597845e-02
-7.065883016380897219e-02
-7.046072369661465773e-02
-7.025332918673304894e-02
-7.003664663416413194e-02
-6.981067603890792062e-02
-6.957541740096440108e-02
-6.933087072033358722e-02
-6.907637021203559546e-02
-6.881125009109055612e-02
-6.853551035749848308e-02
-6.824915101125936245e-02
-6.795217205237320812e-02
-6.764457348084000621e-02
-6.732635529665975671e-02
-6.699751749983247351e-02
-6.665806009035814272e-02
-6.630798306823677823e-02
-6.594681693417239754e-02
-6.557409218886903202e-02
-6.518980883232668166e-02
-6.479396686454534648e-02
-6.438656628552502648e-02
-6.396760709526572164e-02
-6.353708929376743197e-02
-6.309501288103015748e-02
-6.264137785705389816e-02
-6.217618422183865401e-02
-6.169929490587609117e-02
-6.121057283965788270e-02
-6.071001802318402168e-02
-6.019763045645450811e-02
-5.967341013946934197e-02
-5.913735707222852328e-02
-5.858947125473205897e-02
-5.802975268697994210e-02
-5.745820136897217267e-02
-5.687481730070875069e-02
-5.627992134709144251e-02
-5.567383437302201449e-02
-5.505655637850046663e-02
-5.442808736352679200e-02
-5.378842732810099753e-02
-5.313757627222307628e-02
-5.247553419589303519e-02
-5.180230109911087427e-02
-5.111787698187658657e-02
-5.042226184419017904e-02
-4.971602167669766231e-02
-4.899972247004504705e-02
-4.827336422423233325e-02
-4.753694693925952092e-02
-4.679047061512660310e-02
-4.603393525183358675e-02
-4.526734084938047187e-02
-4.449068740776725844e-02
-4.370397492699394648e-02
-4.290720340706053598e-02
-4.861108164966695955e-02
-4.797898103734239694e-02
-4.750691484180867563e-02
-4.734590726111458092e-02
-4.750104657492708327e-02
-4.797708211710191573e-02
-4.877831318378755832e-02
-4.977668967946563550e-02
-4.977022646245811421e-02
-4.976458040901662883e-02
-4.975986700140218322e-02
-4.975596910882232327e-02
-4.975278823682441343e-02
-4.975024181876809559e-02
-4.974825776935516697e-02
-4.974678080500866129e-02
-4.974574928645955629e-02
-4.974512114474688440e-02
-4.974485634409800405e-02
-4.974492026219171081e-02
-4.974528068475084219e-02
-4.974591364596284149e-02
-4.974679486149020946e-02
-4.974790568870800234e-02
-4.974922937094228281e-02
-4.975075194352172880e-02
-4.975246105431886667e-02
-4.975434593850076859e-02
-4.975639723015126692e-02
-4.975861571233498870e-02
-4.976098858782551648e-02
-4.976351072448212398e-02
-4.976617718059370143e-02
-4.976897947721375948e-02
-4.977192196829881288e-02
-4.977499375295101058e-02
-4.977819213200569692e-02
-4.978151835673355619e-02
-4.978496620429311015e-02
-4.978853397057382557e-02
-4.979222006956948721e-02
-4.979602830364621147e-02
-4.979995186464059032e-02
-4.980399059113432836e-02
-4.980814367787736452e-02
-4.981241034671389512e-02
-4.981678986090135042e-02
-4.982128198159427312e-02
-4.982588563969288231e-02
-4.983060024090033013e-02
-4.983542526305163867e-02
-4.984036023548653327e-02
-4.984540492538661050e-02
-4.985055917552602689e-02
-4.985582267866911499e-02
-4.986119501692072575e-02
-4.986667568841149367e-02
-4.987226412536858999e-02
-4.987795970638697618e-02
-4.988376176474894341e-02
-4.988966959402905965e-02
-4.989568245181762174e-02
-4.990179970958805167e-02
-4.990802070414612768e-02
-4.991434455325018116e-02
-4.992077020047747116e-02
-4.992729644724440419e-02
-4.993392197613193140e-02
-4.994064536836567703e-02
-4.994746511731829042e-02
-4.995437963927103209e-02
-4.996138728226015568e-02
-4.996848644129653350e-02
-4.997567542476472058e-02
-4.998295230930309418e-02
-4.999031479706175785e-02
-4.999776065355425458e-02
-5.000528769280293551e-02
-5.001289346621863585e-02
-5.002057542948148972e-02
-5.002833097579477417e-02
-5.003615718452021632e-02
-5.004405144735786515e-02
-5.005201136086948055e-02
-5.006003402698132321e-02
-5.006811604126447379e-02
-5.007625175811011853e-02
-5.008444118019010627e-02
-5.009267815126126899e-02
-5.010096268366891203e-02
-5.010929097546341915e-02
-5.011765727835895690e-02
-5.012605808783152095e-02
-5.013449400314259896e-02
-5.014295757639700146e-02
-5.015144613597863343e-02
-5.015996003254223623e-02
-5.016849057708938631e-02
-5.017703523237389274e-02
-5.018558971987950590e-02
-5.019415175224241354e-02
-5.020272545423244692e-02
-5.021130567325596261e-02
-5.021988789889604565e-02
-5.022846812674744421e-02
-5.023704253493721517e-02
-5.024560337443985392e-02
-5.025414730833434318e-02
-5.026266996146078192e-02
-5.027116816922604092e-02
-5.027963810853426641e-02
-5.028807671821632075e-02
-5.029648123352380151e-02
-5.030484773543097976e-02
-5.031317440976176836e-02
-5.032145728945698615e-02
-5.032969488917488077e-02
-5.033788441204600783e-02
-5.034601986390155326e-02
-5.035410137961339461e-02
-5.036212689950142485e-02
-5.037009360466784824e-02
-5.037799939426100548e-02
-5.038584299459433757e-02
-5.039362288494347863e-02
-5.040133764396882710e-02
-5.040898578181668421e-02
-5.041656597966497066e-02
-5.042407724883168907e-02
-5.043151852085378528e-02
-5.043888880047524281e-02
-5.044618717268074815e-02
-5.045341321605271989e-02
-5.046056692154947398e-02
-5.046764832908900988e-02
-5.047468223940630716e-02
-5.048169241795245898e-02
-5.048860513569047859e-02
-5.049543154410029988e-02
-5.050213827191811500e-02
-5.050871191098360580e-02
-5.051515499968835254e-02
-5.052147040863677607e-02
-5.052766121474161487e-02
-5.053372863712074503e-02
-5.053967679274727620e-02
-5.054550796032525328e-02
-5.055122428114561250e-02
-5.055682776502808118e-02
-5.056232031802054827e-02
-5.056770376532110367e-02
-5.057297987014024165e-02
-5.057815100552014165e-02
-5.058321995978104502e-02
-5.058818934295755687e-02
-5.059306162055597633e-02
-5.059783914064734656e-02
-5.060252415608014476e-02
-5.060711884260142568e-02
-5.061162531356061534e-02
-5.061604563176630434e-02
-5.062038181897561551e-02
-5.062463649028388357e-02
-5.062881265793320318e-02
-5.063291315850093621e-02
-5.063694198653367895e-02
-5.064090033361212662e-02
-5.064479070159963459e-02
-5.064861547409592324e-02
-5.065237695981272825e-02
-5.065607740252019153e-02
-5.065972069812646472e-02
-5.066330735387133966e-02
-5.066684086474756987e-02
-5.067032407028473906e-02
-5.067375966061708759e-02
-5.067715019874195759e-02
-5.068049813801214776e-02
-5.068380583594520039e-02
-5.068707556517663970e-02
-5.069030952218052388e-02
-5.069350983423259738e-02
-5.069667898763663416e-02
-5.069981969758394214e-02
-5.070293452294324932e-02
-5.070602589145530026e-02
-5.070909611757466740e-02
-5.071214741591209552e-02
-5.071518191147489363e-02
-5.071820164755336258e-02
