-9.261566659651700173e-03
-9.051936708973043477e-03
-8.925183519534994614e-03
-8.945811157178393258e-03
-9.060192994720862869e-03
-9.230536403242013688e-03
-9.492466684394490484e-03
-9.781699477464288195e-03
-1.008782741625845886e-02
-1.040389191280576692e-02
-1.072508672755544124e-02
-1.104803038159964113e-02
-1.137029198878444086e-02
-1.169009855368839668e-02
-1.200614322788365329e-02
-1.231744752330388160e-02
-1.262327060920333255e-02
-1.292304800496532624e-02
-1.321635122005573176e-02
-1.350285946130825449e-02
-1.378233595400363276e-02
-1.405462034778642844e-02
-1.431957419398106890e-02
-1.457710606714766183e-02
-1.482721459075654613e-02
-1.506995501479593130e-02
-1.530542434855508560e-02
-1.553375345492395004e-02
-1.575510007830346199e-02
-1.596963875163173729e-02
-1.617755456884211601e-02
-1.637905087417884653e-02
-1.657428923290509698e-02
-1.676343045068089815e-02
-1.694668348459930224e-02
-1.712428343088914090e-02
-1.729648179727878016e-02
-1.746353886421454088e-02
-1.762571417201802548e-02
-1.778326485247876815e-02
-1.793644359329445853e-02
-1.808549722721133207e-02
-1.823061393893812138e-02
-1.837196540392150440e-02
-1.850976251453863297e-02
-1.864423557027753559e-02
-1.877562020515772395e-02
-1.890415304576747307e-02
-1.903006769925396496e-02
-1.915358791639083097e-02
-1.927492788496146248e-02
-1.939429164223472474e-02
-1.951181875360209067e-02
-1.962762873437962768e-02
-1.974187972839373112e-02
-1.985474852379930794e-02
-1.996641817027740989e-02
-2.007707043569983280e-02
-2.018688132607917435e-02
-2.029601853935515676e-02
-2.040464013484224320e-02
-2.051289574421279183e-02
-2.062086881233238939e-02
-2.072862140647564050e-02
-2.083625779104450459e-02
-2.094390230008249393e-02
-2.105168663614070262e-02
-2.115974224934263209e-02
-2.126819582123378599e-02
-2.137716670877427838e-02
-2.148676562002648643e-02
-2.159709405809424193e-02
-2.170819142739750796e-02
-2.182008029578232783e-02
-2.193282457420861475e-02
-2.204651125704494563e-02
-2.216123334094963204e-02
-2.227708283944879186e-02
-2.239415020944839074e-02
-2.251251948516701240e-02
-2.263226696595494608e-02
-2.275346064542123348e-02
-2.287611003324434289e-02
-2.300021257628703797e-02
-2.312580468351614627e-02
-2.325294154178739886e-02
-2.338168945316200509e-02
-2.351211608637487210e-02
-2.364428572297632564e-02
-2.377826157052320699e-02
-2.391408933382522389e-02
-2.405181203448845950e-02
-2.419141896644780299e-02
-2.433289028435762363e-02
-2.447624269187666929e-02
-2.462152581926366213e-02
-2.476876816710765761e-02
-2.491801363747810083e-02
-2.506930781663134489e-02
-2.522268670262097640e-02
-2.537818168322394236e-02
-2.553580977775632421e-02
-2.569554725472011913e-02
-2.585735291907696048e-02
-2.602122707273783753e-02
-2.618718719602269873e-02
-2.635525967195329750e-02
-2.652546686130952819e-02
-2.669782786864351859e-02
-2.687235508789601740e-02
-2.704905327299620549e-02
-2.722792042138341001e-02
-2.740895479119309641e-02
-2.759215063496511799e-02
-2.777748660232568639e-02
-2.796492906403111323e-02
-2.815443477924334942e-02
-2.834595284745879129e-02
-2.853942618235572742e-02
-2.873480189515250499e-02
-2.893200558259206856e-02
-2.913097451290201645e-02
-2.933167885466139713e-02
-2.953409075920382376e-02
-2.973812730446450531e-02
-2.994367948447012456e-02
-3.015061143530992777e-02
-3.035878782188312225e-02
-3.056805746691725750e-02
-3.077828016989535981e-02
-3.098932106201547632e-02
-3.120127442735230738e-02
-3.141381130512322511e-02
-3.162693032350549077e-02
-3.184073934211959639e-02
-3.205509990666331049e-02
-3.226982811322373634e-02
-3.248474493429499843e-02
-3.269968046767207648e-02
-3.291447630703477067e-02
-3.312898672115126980e-02
-3.334307908308783985e-02
-3.355666063948435640e-02
-3.376963880331007584e-02
-3.398188662575497149e-02
-3.419326348671022919e-02
-3.440362772002225622e-02
-3.461284410390259858e-02
-3.482078810541898439e-02
-3.502734871731262578e-02
-3.523242759222689618e-02
-3.543594069939799696e-02
-3.563783485647427363e-02
-3.583805250494220829e-02
-3.603650641695044926e-02
-3.623309860595495813e-02
-3.642773169495496649e-02
-3.662031550418672066e-02
-3.681077063516027120e-02
-3.699903018036493352e-02
-3.718504027588754451e-02
-3.736875995200478889e-02
-3.755016955720226479e-02
-3.772924058146202159e-02
-3.790591783467810866e-02
-3.808013803959760940e-02
-3.825183851221793802e-02
-3.842096307480395712e-02
-3.858746523486716873e-02
-3.875130953427755737e-02
-3.891247187350171249e-02
-3.907093922396878694e-02
-3.922671259695942325e-02
-3.937978154371410411e-02
-3.953011278370019421e-02
-3.967766506027882445e-02
-3.982239790271693142e-02
-3.996427655507633209e-02
-4.010327452043647295e-02
-4.023937463725864999e-02
-4.037256926721034811e-02
-4.050285995961550034e-02
-4.063025865869734216e-02
-4.075476641170491798e-02
-4.087636483482458283e-02
-4.099502869997932730e-02
-4.111073331200366943e-02
-4.122345861886939772e-02
-4.133319129742379222e-02
-4.143992559961696270e-02
-4.154366286003449010e-02
-4.164441302678785484e-02
-4.174219689736142352e-02
-4.183702883451474036e-02
-4.192890725822658732e-02
-4.201782566348255532e-02
-4.210377721390030220e-02
-4.218675824350538728e-02
-4.226676997008313452e-02
-4.234381912579857077e-02
-4.241791800375468990e-02
-4.248908416824968143e-02
-4.255735281705504136e-02
-4.262276348202357484e-02
-4.268534320282782457e-02
-4.274511411526400045e-02
-4.280209755928417875e-02
-4.285631596255912168e-02
-4.290779390283568084e-02
-4.295655869098983365e-02
-4.300264039746436173e-02
-4.304607165237708810e-02
-4.308691452229177626e-02
-4.312524785995374560e-02
-4.316114163260074965e-02
-4.319466061832676063e-02
-4.322586635228785334e-02
-4.325481870335757401e-02
-4.328157642282449979e-02
-4.330619740090736053e-02
-4.331466323748375119e-02
-4.331791401349310844e-02
-4.332880502573206727e-02
-4.334524637850017958e-02
-4.336582051245262137e-02
-4.338953583622804505e-02
-4.341568227535361202e-02
-4.344373519309088771e-02
-4.347329476593197323e-02
-4.350404683967364072e-02
-4.353573723432874881e-02
-4.356815491933403034e-02
-4.358300831155850069e-02
-4.358211052887525638e-02
-4.358123471776488567e-02
-4.358035157416529498e-02
-4.357946780046924318e-02
-4.357858341891168719e-02
-4.357769832688399014e-02
-4.357681240707322184e-02
-4.357592879604930275e-02
-4.357504723469177860e-02
-4.357416403396300458e-02
-4.357327903946760228e-02
-4.357239207957412652e-02
-4.357150297953400753e-02
-4.357061156367932064e-02
-4.356971765736721014e-02
-4.356882429480263969e-02
-4.356793092824370883e-02
-4.356703380737718401e-02
-4.356613276404143476e-02
-4.356523101776067081e-02
-4.356432757287840435e-02
-4.356342266263875385e-02
-4.356251511155317946e-02
-4.356159779931866038e-02
-4.356067095850217619e-02
-4.355973728533819866e-02
-4.355879728899092473e-02
-4.355785092913321693e-02
-4.355689823502802149e-02
-4.355594165196682160e-02
-4.355498492577693226e-02
-4.355402309235629349e-02
-4.355305615235815359e-02
-4.355208414639855086e-02
-4.355110710163435928e-02
-4.355013241666547130e-02
-4.354915313195149851e-02
-4.354816932007062047e-02
-4.354718104826117014e-02
-4.354618836265590487e-02
-4.354519130073290084e-02
-4.354418989895117442e-02
-4.354318419404087925e-02
-4.354217422309671764e-02
-4.354116002323026036e-02
-4.354014163106392776e-02
-4.353911908217428239e-02
-4.353809241052286616e-02
-4.353706513921006688e-02
-4.353603713937093111e-02
-4.353500510984922162e-02
-4.353396910686064408e-02
-4.353292916286283926e-02
-4.353188528418324571e-02
-4.353083746092979017e-02
-4.352978567111560199e-02
-4.352872988232218965e-02
-4.352767005232784092e-02
-4.352660612931279205e-02
-4.352553805092836126e-02
-4.352446574150238556e-02
-4.352338911558745194e-02
-4.352230807644409671e-02
-4.352122251527247576e-02
-4.352013231093194989e-02
-4.351903732996952739e-02
-4.351793742684345601e-02
-4.351683244427236030e-02
-4.351572221366386412e-02
-4.351460314396651125e-02
-4.351347858479115427e-02
-4.351234483914045298e-02
-4.351120523852190780e-02
-4.351005954864579223e-02
-4.350890751320649064e-02
-4.350774888145943209e-02
-4.350658339950613102e-02
-4.350541080699556890e-02
-4.350423083617963732e-02
-4.350304320474546876e-02
-4.350184761577116643e-02
-4.350064377115482606e-02
-4.349943136885896233e-02
-4.349821010164021257e-02
-4.349697965670997618e-02
-4.349573971594462851e-02
-4.349448351434152815e-02
-4.349321694137398692e-02
-4.349194045015695315e-02
-4.349065364261264083e-02
-4.348935613962321561e-02
-4.348804758343523258e-02
-4.348672762516390261e-02
-4.348538830862471588e-02
-4.348403795768070179e-02
-4.348267630962771024e-02
-4.348130295793788819e-02
-4.347991753346477223e-02
-4.347851968196957129e-02
-4.347710903184950210e-02
-4.347568563652615126e-02
-4.347425115496769688e-02
-4.347280504233124593e-02
-4.347134714711999026e-02
-4.346987310801245230e-02
-4.346837797704819484e-02
-4.346686752870586312e-02
-4.346534145965108564e-02
-4.346379459320440231e-02
-4.346222670845986680e-02
-4.346064092426613068e-02
-4.345903686491740109e-02
-4.345741413343073151e-02
-4.345577234524260202e-02
-4.345411112842030577e-02
-4.345242579642975833e-02
-4.345071622157163638e-02
-4.344898565740275970e-02
-4.344723379937075192e-02
-4.344546023864379047e-02
-4.344366452793567424e-02
-4.344184623820200597e-02
-4.344000496298328073e-02
-4.343814032024728711e-02
-4.343625195274809780e-02
-4.343433952749464061e-02
-4.343240273469940738e-02
-4.343044128644407698e-02
-4.342845491520670037e-02
-4.342644324677685103e-02
-4.342440173711950568e-02
-4.342233405788751416e-02
-4.342023593679013305e-02
-4.341811085630700034e-02
-4.341595852222741858e-02
-4.341377866943492425e-02
-4.341157105816215861e-02
-4.340933547164185780e-02
-4.340707171375290940e-02
-4.340477947108264956e-02
-4.340245836886889169e-02
-4.340010806327110338e-02
-4.339772824244091803e-02
-4.339531862561192554e-02
-4.339287896110609333e-02
-4.339040902378550613e-02
-4.338790861227413004e-02
-4.338537754614670006e-02
-4.338281566319941718e-02
-4.338022266969072255e-02
-4.337759820253141163e-02
-4.337494192969150453e-02
-4.337225355051264192e-02
-4.336953279420616841e-02
-4.336677941740530590e-02
-4.336399320127677648e-02
-4.336117394849739459e-02
-4.335832148027694843e-02
-4.335543563352879659e-02
-4.335251610691170238e-02
-4.334956252644470154e-02
-4.334657454869934867e-02
-4.334355186052647746e-02
-4.334049417717075747e-02
-4.333740123958716023e-02
-4.333427281142580856e-02
-4.333110867596173810e-02
-4.332790863313125407e-02
-4.332467249676079379e-02
-4.332139994639180869e-02
-4.331809059199648315e-02
-4.331474407274084337e-02
-4.331136005629484392e-02
-4.330793823675543192e-02
-4.330447833191738982e-02
-4.330098008030796447e-02
-4.329744323822774105e-02
-4.329387001270307289e-02
-4.329025924268986580e-02
-4.328660904490642947e-02
-4.328291902950755221e-02
-4.327919296290928114e-02
-4.327542633163693198e-02
-4.327161878540078388e-02
-4.326777002279534601e-02
-4.326387975979281708e-02
-4.325994772729473137e-02
-4.325597366876318683e-02
-4.325195733801177195e-02
-4.324789840946321323e-02
-4.324379652993321638e-02
-4.323965136019670974e-02
-4.323546257567730672e-02
-4.323122986576163201e-02
-4.322695293242558023e-02
-4.322263148854980919e-02
-4.321826525615084930e-02
-4.321385396465711459e-02
-4.320939734929857279e-02
-4.320489514287018107e-02
-4.320034708296255355e-02
-4.319575696099627743e-02
-4.319112022095104170e-02
-4.318644095771412283e-02
-4.318171448291979048e-02
-4.317694045638951345e-02
-4.317211860155404507e-02
-4.316724864042574550e-02
-4.316233029311247055e-02
-4.315736339706158220e-02
-4.315234782931701152e-02
-4.314728343542306721e-02
-4.314217407885738431e-02
-4.313701964135663314e-02
-4.313181507071574966e-02
-4.312655999112049998e-02
-4.312125412923061007e-02
-4.311834168687288943e-02
-4.311264854178276790e-02
-4.310697229944096542e-02
-4.310129986987105977e-02
-4.309561906400567743e-02
-4.308993184379042440e-02
-4.308423339995336859e-02
-4.307851960200435176e-02
-4.307278686564549458e-02
-4.306700625204449434e-02
-4.306102097233134585e-02
-4.305503606589930476e-02
-4.305076500873630807e-02
-4.304479610986143567e-02
-4.303888441811676985e-02
-4.303303531476452420e-02
-4.302749727422586212e-02
-4.302248391731962329e-02
-4.301800354367259216e-02
-4.301404020709545528e-02
-4.301058580648146890e-02
-4.300762147184188089e-02
-4.300511710568312440e-02
-4.300304323824889058e-02
-4.300138365391494716e-02
-4.300013123294454259e-02
-4.299928520703799606e-02
-4.299884214404826183e-02
-4.299881723399402722e-02
-4.299922039869433221e-02
-4.300006258441992774e-02
-4.300134919281669438e-02
-4.300308751558974685e-02
-4.300527045458264752e-02
-4.300790258608597205e-02
-4.301100016782256896e-02
-4.301458820944134565e-02
-4.301868446126150269e-02
-4.302330641924149990e-02
-4.302846969669286981e-02
-4.303418252785412568e-02
-4.304046696866556387e-02
-4.304731655004520596e-02
-4.305472988478985241e-02
-4.306271376965587622e-02
-4.307127180020305784e-02
-4.308042407392521922e-02
-4.309018615433561628e-02
-4.310057246999039055e-02
-4.311159254660169859e-02
-4.312325804666246321e-02
-4.313558330601247048e-02
-4.314856046090221470e-02
-4.316217589210687849e-02
-4.317642849353945517e-02
-4.319132335551855578e-02
-4.320686444244086627e-02
-4.322306711690562103e-02
-4.323994311303933774e-02
-4.325750198945722824e-02
-4.327575220064094202e-02
-4.329470091639835150e-02
-4.331433516838130438e-02
-4.333463665749442278e-02
-4.335560200410049081e-02
-4.337723625440778608e-02
-4.339954884533563789e-02
-4.342255112890829744e-02
-4.344625488084728759e-02
-4.347066755178052855e-02
-4.349580342825415391e-02
-4.352167176449781710e-02
-4.354825968965377048e-02
-4.357554884153522212e-02
-4.360353785907303270e-02
-4.363223502626437100e-02
-4.366165366521343461e-02
-4.369181328117191510e-02
-4.372272571630884952e-02
-4.375440624243874532e-02
-4.378686894402886859e-02
-4.382012633966521353e-02
-4.385416634042874073e-02
-4.388897045662034507e-02
-4.392453853508962447e-02
-4.396088065392998734e-02
-4.399801202637623754e-02
-4.403594982707050715e-02
-4.407471124142642305e-02
-4.411431229208186838e-02
-4.415477176201414167e-02
-4.419610120155570421e-02
-4.423828014910164558e-02
-4.428128496749918208e-02
-4.432511168771249149e-02
-4.436977211069789706e-02
-4.441527702707886993e-02
-4.446163387086743413e-02
-4.450885456393594009e-02
-4.455695028238368383e-02
-4.460593510925167648e-02
-4.465581520319240882e-02
-4.470656109375282378e-02
-4.475813922958599145e-02
-4.481054184967955822e-02
-4.486376177351162481e-02
-4.491780204695321188e-02
-4.497266255563867748e-02
-4.502834725645016994e-02
-4.508485864102786816e-02
-4.514219685949957123e-02
-4.520035942257076556e-02
-4.525931277551435705e-02
-4.531909430167169878e-02
-4.537961043340793532e-02
-4.544083490385601720e-02
-4.550284529039485409e-02
-4.556566364874144182e-02
-4.562928960058172667e-02
-4.569372189038269083e-02
-4.575895627779028724e-02
-4.582498483035657433e-02
-4.589179364915142723e-02
-4.595935970485589411e-02
-4.602765200854488925e-02
-4.609663408272682283e-02
-4.616626564000750332e-02
-4.623650373015488618e-02
-4.630730354401266236e-02
-4.637861899460275772e-02
-4.645040315232355776e-02
-4.652260858337033123e-02
-4.659520955903780071e-02
-4.666817561662037900e-02
-4.674144483803039513e-02
-4.681493784647815931e-02
-4.688856667457556165e-02
-4.696224045381845735e-02
-4.703586845510106945e-02
-4.710936265099596038e-02
-4.718263894525755175e-02
-4.725561754945092896e-02
-4.732824344524705351e-02
-4.740045939154805682e-02
-4.747218052648898706e-02
-4.754330876634601383e-02
-4.761374176176103035e-02
-4.768337836380745487e-02
-4.773925619924761915e-02
-4.778198817181014690e-02
-4.781273765689229849e-02
-4.783259167481752894e-02
-4.784291598327961720e-02
-4.784523514240905662e-02
-4.784091363029883276e-02
-4.783118153754081087e-02
-4.781715315422593177e-02
-4.779984088374759910e-02
-4.778016605452581334e-02
-4.775896763842568671e-02
-4.773700952556000909e-02
-4.771498677572763580e-02
-4.769450158685614033e-02
-4.767776830567604235e-02
-4.766674681793288404e-02
-4.766318293693961455e-02
-4.766863806396219594e-02
-4.768451173445895780e-02
-4.771205938311248035e-02
-4.775240683373006834e-02
-4.780656249020188292e-02
-4.787542786487453128e-02
-4.796083669759191453e-02
-4.806524450983961499e-02
-4.819081152092544867e-02
-4.833944806437281971e-02
-4.851284850001980758e-02
-4.871251741771309707e-02
-4.893979059479405119e-02
-4.919585230447451329e-02
-4.948175001633332848e-02
-4.979840717269584660e-02
-5.014772909922740607e-02
-5.053227439433959078e-02
-5.095428156429158972e-02
-5.141571820263465820e-02
-5.191831794008763129e-02
-5.246360915571974398e-02
-5.305293804553855297e-02
-5.368748773631099036e-02
-5.436829454830288677e-02
-5.509626213462562316e-02
-5.587329198822051091e-02
-5.670194926000350633e-02
-5.758446986010977431e-02
-5.852281092863724499e-02
-5.951868887687054854e-02
-6.057360902736814295e-02
-6.168888947723299987e-02
-6.286568089197429321e-02
-6.410498336561495925e-02
-6.540766109312155796e-02
-6.677543333247543123e-02
-6.821058401798409110e-02
-6.971509464687460078e-02
-7.129068972863464304e-02
-7.293887132236549775e-02
-7.466094599978861934e-02
-7.645804661074996622e-02
-7.833115036302386314e-02
-8.028109422154969255e-02
-8.230858821777262135e-02
-8.441465366123965253e-02
-8.660049757417932759e-02
-8.886713847438808267e-02
-9.121543375974169865e-02
-9.364610045212358458e-02
-9.617238370562911087e-02
-9.879400904508948977e-02
-1.015100645765289328e-01
-1.043196367312896333e-01
-1.072218171488223126e-01
-1.102143124572862454e-01
-1.132938524764211946e-01
-1.164574340651143292e-01
-1.197022901070930179e-01
-1.230258643835751009e-01
-1.234241305796634630e-01
-1.237913236590099247e-01
-1.246194826081411661e-01
-1.258651553819906954e-01
-1.274909957046513054e-01
-1.294620638638088739e-01
-1.317454429816097283e-01
-1.343114368596796393e-01
-1.371329946801940758e-01
-1.401853865771034713e-01
-1.434459527558692715e-01
-1.468939006935605363e-01
-1.505076646047533717e-01
-1.542063402217118406e-01
-1.580397547656176571e-01
-1.617992102238751673e-01
-1.653397399877489238e-01
-1.673933102405281981e-01
-1.674362846671523242e-01
-1.674794082221517377e-01
-1.675226197473200784e-01
-1.675658734833636032e-01
-1.676091278529979189e-01
-1.676523450635412082e-01
-1.676954960606627798e-01
-1.677385623273414117e-01
-1.677815262445686018e-01
-1.678243699874764072e-01
-1.678670878252564447e-01
-1.679096609554635022e-01
-1.679520797313066305e-01
-1.679943373460574263e-01
-1.680364274952211023e-01
-1.680783558048725979e-01
-1.681201102267633751e-01
-1.681616919223465068e-01
-1.682030989157461132e-01
-1.682443243310970948e-01
-1.682853657806091252e-01
-1.683262261478989663e-01
-1.683669042718904107e-01
-1.684073942027126125e-01
-1.684476944912564889e-01
-1.684878038859390637e-01
-1.685277212739099695e-01
-1.685674418558972265e-01
-1.686069588510205330e-01
-1.686462670302492362e-01
-1.686853624657317363e-01
-1.687242433661286234e-01
-1.687629113291245209e-01
-1.688013663419819788e-01
-1.688396025472869710e-01
-1.688776200168451425e-01
-1.689154192865557347e-01
-1.689530024094365035e-01
-1.689903726495855518e-01
-1.690275278465594722e-01
-1.690644718294199988e-01
-1.691012144976175025e-01
-1.691377600387463376e-01
-1.691741126992249988e-01
-1.692102767745365111e-01
-1.692462565787562490e-01
-1.692820564167947517e-01
-1.693176712777086645e-01
-1.693531217714397963e-01
-1.693884092028788702e-01
-1.694235373160153935e-01
-1.694585115341398773e-01
-1.694933727808120572e-01
-1.695281098984194879e-01
-1.695627115112998962e-01
-1.695971757349035436e-01
-1.696315043188402483e-01
-1.696657127476953186e-01
-1.696998073695451248e-01
-1.697337789976473554e-01
-1.697676441695945837e-01
-1.698014063967737131e-01
-1.698350685800746052e-01
-1.698686189428588456e-01
-1.699020721688354885e-01
-1.699354297824697824e-01
-1.699686919073764568e-01
-1.700018516465525154e-01
-1.700349222996552223e-01
-1.700679064720431732e-01
-1.701008061095506951e-01
-1.701336226365445237e-01
-1.701663475177200846e-01
-1.701989904705784040e-01
-1.702315519602806138e-01
-1.702640322803037343e-01
-1.702964315919494043e-01
-1.703287514745168152e-01
-1.703609943389006454e-01
-1.703931612100581527e-01
-1.704252470332381642e-01
-1.704572597501275433e-01
-1.704892001911424149e-01
-1.705210690216030500e-01
-1.705528667933921272e-01
-1.705845939834409741e-01
-1.706162505244370742e-01
-1.706478523625380161e-01
-1.706793915897351077e-01
-1.707108861187784377e-01
-1.707423451453451979e-01
-1.707737694955817342e-01
-1.708051597918360531e-01
-1.708365164921028245e-01
-1.708678399251654656e-01
-1.708991303212019641e-01
-1.709303878382594510e-01
-1.709617405504293697e-01
-1.709932697389536238e-01
-1.710248406353930828e-01
-1.710591128293709184e-01
-1.711019402463682115e-01
-1.710898845728150430e-01
-1.711146621132109691e-01
-1.711693006524095950e-01
-1.712574810291998539e-01
-1.713820551181970409e-01
-1.715437271729037538e-01
-1.717418426980661939e-01
-1.719759295201566118e-01
-1.722456199409497513e-01
-1.725506116783326882e-01
-1.728906261495930796e-01
-1.732653989682855222e-01
-1.736746692247485568e-01
-1.741181749084569907e-01
-1.745956531700082193e-01
-1.751067148601443968e-01
-1.756508771315085093e-01
-1.762277246686216325e-01
-1.768368654715211929e-01
-1.774779277888918760e-01
-1.781505560281916867e-01
-1.788544071087233289e-01
-1.795891486155926364e-01
-1.803544562143340468e-01
-1.811500148980413338e-01
-1.819753791298303336e-01
-1.828300341977685539e-01
-1.837135383171422665e-01
-1.846254941052461740e-01
-1.855655377308428888e-01
-1.865333279532016275e-01
-1.875285508930746581e-01
-1.885509060592078789e-01
-1.896001073095472944e-01
-1.906758815380825423e-01
-1.917778123450172290e-01
-1.929054223961641501e-01
-1.940583079099015562e-01
-1.952361169761532844e-01
-1.964385347722284458e-01
-1.976652741577479833e-01
-1.989160693521604684e-01
-2.001906717825218118e-01
-2.014888473136916547e-01
-2.028103743601541442e-01
-2.041548815072571632e-01
-2.055219247126501836e-01
-2.069111407021245463e-01
-2.083222211840486948e-01
-2.097548962939175254e-01
-2.112089239288959530e-01
-2.126840828312155374e-01
-2.141801725541532253e-01
-2.156969975777580095e-01
-2.172343761563412246e-01
-2.187923878184873105e-01
-2.203713205944478892e-01
-2.219714554867921463e-01
-2.235930585244070568e-01
-2.252363797977944282e-01
-2.269016440813663160e-01
-2.285890508967382273e-01
-2.302987819212567178e-01
-2.320309976346250358e-01
-2.337858421135713405e-01
-2.355632001405206233e-01
-2.373628137498603186e-01
-2.391845161700389966e-01
-2.410281967356306676e-01
-2.428937685867703089e-01
-2.447811558888783323e-01
-2.466903439798519837e-01
-2.486212513833837290e-01
-2.505737824590376084e-01
-2.525478643619888941e-01
-2.545431939139727318e-01
-2.565593445371561199e-01
-2.585959836639687426e-01
-2.606528367774208488e-01
-2.627296604766420351e-01
-2.648262509766327599e-01
-2.669424103435447670e-01
-2.690779424301616429e-01
-2.712326629216324503e-01
-2.734063825403892367e-01
-2.755987989192612564e-01
-2.778094922445891735e-01
-2.800380712797117533e-01
-2.822841632321706484e-01
-2.845474117106627232e-01
-2.868274759207668501e-01
-2.891240419652358340e-01
-2.914367861416293226e-01
-2.937654097276626297e-01
-2.961096281722340740e-01
-2.984691287344996002e-01
-3.008435360272474490e-01
-3.032324355289753859e-01
-3.056354023053490798e-01
-3.080520183295877845e-01
-3.104818826021827904e-01
-3.129246167517857335e-01
-3.153798678122020638e-01
-3.178473092455023075e-01
-3.203266408858516656e-01
-3.228167635187510487e-01
-3.253159586278862037e-01
-3.278226064202369727e-01
-3.303352034918939917e-01
-3.328523699053945184e-01
-3.353728497898317285e-01
-3.378955080778267561e-01
-3.404193250212588784e-01
-3.429433895133064403e-01
-3.454668918564402502e-01
-3.479891694791472645e-01
-3.505096601426019309e-01
-3.530278425098528627e-01
-3.555432467452113166e-01
-3.580554586613646229e-01
-3.605641199945670561e-01
-3.630689264276166228e-01
-3.655696243645041310e-01
-3.680660070752287405e-01
-3.705579105883506918e-01
-3.730452565523885711e-01
-3.755280166167113132e-01
-3.780061636262309621e-01
-3.804796813211364093e-01
-3.829485689899238543e-01
-3.854128431013509881e-01
-3.878725371750642581e-01
-3.903277006642550950e-01
-3.927783973220408953e-01
-3.952247033364580386e-01
-3.976667462321096802e-01
-4.001046797086210693e-01
-4.025386441238226753e-01
-4.049687737936788490e-01
-4.073952008219794418e-01
-4.098180548539401280e-01
-4.122374680128434443e-01
-4.146535742249397583e-01
-4.170665048181661505e-01
-4.194763897643642436e-01
-4.218833935553567560e-01
-4.242876983885335296e-01
-4.266894710187262296e-01
-4.290888672071416776e-01
-4.314860342002328486e-01
-4.338811120424182488e-01
-4.362742342124949491e-01
-4.386655278775584144e-01
-4.410551139394144338e-01
-4.434431069765950584e-01
-4.458296493507670766e-01
-4.482148999581060944e-01
-4.505990042861984235e-01
-4.529820965642905595e-01
-4.553643011103952754e-01
-4.577457332027782266e-01
-4.601264996731968537e-01
-4.625066991663612237e-01
-4.648864230218707205e-01
-4.672657550514391356e-01
-4.696448051669183110e-01
-4.720237006689819714e-01
-4.744025574543681012e-01
-4.767814617739559724e-01
-4.791611530738755231e-01
-4.815416434538167256e-01
-4.839229008519582709e-01
-4.863048993542204990e-01
-4.886876171143104686e-01
-4.910710358935462816e-01
-4.934549830964131689e-01
-4.958391744926845535e-01
-4.982233443125624328e-01
-5.006072921192790126e-01
-5.029908211173300669e-01
-5.053737310133104010e-01
-5.077558342529955304e-01
-5.101369526461109194e-01
-5.125169158583677831e-01
-5.148955600469107274e-01
-5.173143088596833250e-01
-5.198025456743778916e-01
-5.223519403572357556e-01
-5.249534543178552282e-01
-5.265519761834669410e-01
-5.265928126455339253e-01
-5.266330842126747402e-01
-5.266727948697343953e-01
-5.267119471185706114e-01
-5.267505432946792965e-01
-5.267885882705698464e-01
-5.268260905351931367e-01
-5.268630708406697449e-01
-5.268995677725510918e-01
-5.269356214555186435e-01
-5.269712666457168071e-01
-5.270065338288755230e-01
-5.270414458681714764e-01
-5.270760245161418833e-01
-5.271102883760550029e-01
-5.271442559385017823e-01
-5.271779323714228527e-01
-5.272113309109552892e-01
-5.272444684440156237e-01
-5.272773540106426848e-01
-5.273099967725372039e-01
-5.273424035494765905e-01
-5.273745787137389396e-01
-5.274065276631365595e-01
-5.274382550245718670e-01
-5.274697646574614263e-01
-5.275010598127456429e-01
-5.275321422736641841e-01
-5.275630155798434195e-01
-5.275936812866478531e-01
-5.276241423726815150e-01
-5.276544009804020607e-01
-5.276844585476185845e-01
-5.277143165666977609e-01
-5.277439763706167630e-01
-5.277734389042799679e-01
-5.278027048431916946e-01
-5.278317748652421315e-01
-5.278606496372131307e-01
-5.278893298050518768e-01
-5.279178159867200515e-01
-5.279461087670008768e-01
-5.279742086938241652e-01
-5.280021162757965181e-01
-5.280298319807068541e-01
-5.280573559703058972e-01
-5.280846882225527228e-01
-5.281118288109459824e-01
-5.281387778810330280e-01
-5.281655356323586847e-01
-5.281921023044786612e-01
-5.282184781661765083e-01
-5.282446635072378660e-01
-5.282706586322937214e-01
-5.282964638563397708e-01
-5.283220792450438186e-01
-5.283475047394996515e-01
-5.283727404234169756e-01
-5.283977864979797490e-01
-5.284226432622558534e-01
-5.284473110977878640e-01
-5.284717904564486535e-01
-5.284960818508682712e-01
-5.285201858468947522e-01
-5.285441030576697452e-01
-5.285678339063611952e-01
-5.285913787461427038e-01
-5.286147381010682933e-01
-5.286379126393432326e-01
-5.286609031518053614e-01
-5.286837105343265009e-01
-5.287063357732505464e-01
-5.287287799332006655e-01
-5.287510441467473399e-01
-5.287731296055427910e-01
-5.287950373493841560e-01
-5.288167683758262516e-01
-5.288383238490381721e-01
-5.288597050705433622e-01
-5.288809134549490309e-01
-5.289019505094934015e-01
-5.289228177304722278e-01
-5.289435166282536738e-01
-5.289640488991133038e-01
-5.289844163739705341e-01
-5.290046206706557896e-01
-5.290246633294849454e-01
-5.290445460100714481e-01
-5.290642704666549401e-01
-5.290838385251592779e-01
-5.291032520628131675e-01
-5.291225129903711633e-01
-5.291416232366988881e-01
-5.291605847354310388e-01
-5.291793994134162959e-01
-5.291980686389292643e-01
-5.292165939428994381e-01
-5.292349774016804620e-01
-5.292532209377152075e-01
-5.292713264316443178e-01
-5.292892957479917726e-01
-5.293071303056159360e-01
-5.293248317935387304e-01
-5.293424024067381328e-01
-5.293598440574164288e-01
-5.293771584649160644e-01
-5.293943474925342230e-01
-5.294114125915493352e-01
-5.294283551431030466e-01
-5.294451767456229696e-01
-5.294618788512555074e-01
-5.294784628111677272e-01
-5.294949298933079307e-01
-5.295112813976492472e-01
-5.295275184694536730e-01
-5.295436420441906877e-01
-5.295596531147820363e-01
-5.295755493223812671e-01
-5.295913342594468221e-01
-5.296070085844777342e-01
-5.296225728386466658e-01
-5.296380274763609064e-01
-5.296533728721255496e-01
-5.296686093265273731e-01
-5.296837370715539173e-01
-5.296987562640037561e-01
-5.297136669723527813e-01
-5.297284676076181587e-01
-5.297431581818505819e-01
-5.297577397009510802e-01
-5.297722119844501254e-01
-5.297865747393237790e-01
-5.298008276275879558e-01
-5.298149702721318688e-01
-5.298290022617772044e-01
-5.298429231198877876e-01
-5.298567323004532703e-01
-5.298704292024042362e-01
-5.298840131833967293e-01
-5.298974835703207376e-01
-5.299108396674090393e-01
-5.299240807626390826e-01
-5.299372061328907479e-01
-5.299502150481791851e-01
-5.299631067751816582e-01
-5.299758805380048177e-01
-5.299885355178481916e-01
-5.300010708709714802e-01
-5.300134857410003786e-01
-5.300257792678573221e-01
-5.300379505942736102e-01
-5.300499968097635017e-01
-5.300619142870387490e-01
-5.300737087452540575e-01
-5.300853782524370672e-01
-5.300969227934634320e-01
-5.301083413703086000e-01
-5.301196277797897149e-01
-5.301307843539349030e-01
-5.301418101781653069e-01
-5.301527043755568380e-01
-5.301634661136054305e-01
-5.301740946020049305e-01
-5.301845890905424463e-01
-5.301949488671441335e-01
-5.302051732604680101e-01
-5.302152635710647433e-01
-5.302252172478711945e-01
-5.302350386385615844e-01
-5.302447458706748273e-01
-5.302543151567711277e-01
-5.302637450922360607e-01
-5.302730351382750618e-01
-5.302821847659311416e-01
-5.302911934580747388e-01
-5.303000608157329987e-01
-5.303087865014846081e-01
-5.303173701290715414e-01
-5.303258112826061410e-01
-5.303341095304777708e-01
-5.303422644355461069e-01
-5.303502755627180765e-01
-5.303581424846535164e-01
-5.303658647861038133e-01
-5.303734420672350236e-01
-5.303808741813729188e-01
-5.303881611273009167e-01
-5.303953028248701296e-01
-5.304022991379128138e-01
-5.304091498915153302e-01
-5.304158548852551114e-01
-5.304224139034906527e-01
-5.304288267234569254e-01
-5.304350931216954557e-01
-5.304412128791954339e-01
-5.304471862093320667e-01
-5.304530156138712593e-01
-5.304586993948013918e-01
-5.304642377378224749e-01
-5.304696307954853696e-01
-5.304748786595209209e-01
-5.304799836426671300e-01
-5.304849434090918026e-01
-5.304897579829499499e-01
-5.304944273381023701e-01
-5.304989521261693763e-01
-5.305033333711757226e-01
-5.305075718942466878e-01
-5.305116683508792619e-01
-5.305156232615165779e-01
-5.305194370370431844e-01
-5.305231100001452926e-01
-5.305266424032656358e-01
-5.305300344437261506e-01
-5.305332862764764457e-01
-5.305363993484504270e-01
-5.305404342697175313e-01
-5.305472708957991168e-01
-5.305517983105155766e-01
-5.305555745803809398e-01
-5.305586937498895095e-01
-5.305612489234191598e-01
-5.305633148233911411e-01
-5.305649640277402268e-01
-5.305662561592882076e-01
-5.305677898684308946e-01
-5.305699924430511416e-01
-5.305727774992056167e-01
-5.305757417411283150e-01
-5.305756562150311106e-01
-5.305634311147082727e-01
-5.305437141765546594e-01
-5.305235631790415907e-01
-5.305004650762814578e-01
-5.304758505697069193e-01
-5.304506700716224987e-01
-5.304255167477973654e-01
-5.304008337299211950e-01
-5.303769264145029583e-01
-5.303540210212687178e-01
-5.303322557877879762e-01
-5.303117079732264649e-01
-5.302923975416856672e-01
-5.302743133630156702e-01
-5.302573992691431704e-01
-5.302415768084262071e-01
-5.302267374690573520e-01
-5.302127655964022912e-01
-5.301995386662273768e-01
-5.301869270193012573e-01
-5.301747955680439217e-01
-5.301630051303952706e-01
-5.301514074093465201e-01
-5.301398575971290050e-01
-5.301282101925796075e-01
-5.301163004086536512e-01
-5.301039578932745799e-01
-5.300910115938920475e-01
-5.300773250260631952e-01
-5.300627653070488776e-01
-5.300472004015583938e-01
-5.300305074739040112e-01
-5.300125730081565179e-01
-5.299932870218427849e-01
-5.299725344597517873e-01
-5.299501950888048096e-01
-5.299261442853754334e-01
-5.299002714972194106e-01
-5.298724820081961440e-01
-5.298426938855091972e-01
-5.298108321282327671e-01
-5.297768382333740700e-01
-5.297406581249795021e-01
-5.297022448126105232e-01
-5.296615580535857237e-01
-5.296185353486911884e-01
-5.295731083013605067e-01
-5.295252312254347116e-01
-5.294748752519544688e-01
-5.294220244152449961e-01
-5.293666730070104576e-01
-5.293088237414181885e-01
-5.292484864401164613e-01
-5.291856770518156283e-01
-5.291204168883384407e-01
-5.290527025485098900e-01
-5.289825231141437323e-01
-5.289098896792940874e-01
-5.288348287597244290e-01
-5.287573778912676437e-01
-5.286775826373215637e-01
-5.285954945038383590e-01
-5.285111694421678052e-01
-5.284246667360351646e-01
-5.283360481427656907e-01
-5.282453468332732882e-01
-5.281525853724094999e-01
-5.280578062635380432e-01
-5.279610669750046670e-01
-5.278624310250707996e-01
-5.277619645861255648e-01
-5.276597389442834185e-01
-5.275558270039010234e-01
-5.274503019593489439e-01
-5.273432389224296246e-01
-5.272346776487423226e-01
-5.271246414377703804e-01
-5.270131741290763339e-01
-5.269003334068730338e-01
-5.267861901093381372e-01
-5.266707942785924246e-01
-5.265542139419705503e-01
-5.264365110152466887e-01
-5.263177471668846197e-01
-5.261979862598469282e-01
-5.260772578487610263e-01
-5.259555565565515733e-01
-5.258329105468682041e-01
-5.257093578406221157e-01
-5.255849319091239202e-01
-5.254596788550588427e-01
-5.253336423596023375e-01
-5.252068649820040847e-01
-5.250793843592292953e-01
-5.249512335381087968e-01
-5.248224050788019568e-01
-5.246928799447720948e-01
-5.245626582661131465e-01
-5.244317510732624532e-01
-5.243001745401585367e-01
-5.241679547822490903e-01
-5.240351247753245456e-01
-5.239017020400095204e-01
-5.237677026917492151e-01
-5.236331410540547848e-01
-5.234980292527926515e-01
-5.233623676753985654e-01
-5.232261472562831361e-01
-5.230893654532215997e-01
-5.229520065919027738e-01
-5.228140604072804010e-01
-5.226755313077805498e-01
-5.225363957983518715e-01
-5.223966373198084545e-01
-5.222562448199808971e-01
-5.221152323523815530e-01
-5.219736139869169955e-01
-5.218313783350662094e-01
-5.216884975687103854e-01
-5.215449370836918730e-01
-5.214006546245909535e-01
-5.212556029504227251e-01
-5.211097374286457473e-01
-5.209630146618127178e-01
-5.208153928058728566e-01
-5.206668610638067740e-01
-5.205174133827963345e-01
-5.203670154865818187e-01
-5.202156637615068524e-01
-5.200631380350810851e-01
-5.199094331319452644e-01
-5.197545561593376329e-01
-5.195989430131587872e-01
-5.194426901891038284e-01
-5.192856639358621740e-01
-5.191277750568480398e-01
-5.189689484458482882e-01
-5.188090870038186697e-01
-5.186480833408045887e-01
-5.184858278327754144e-01
-5.183222131345449624e-01
-5.181571367183080978e-01
-5.179905023305260148e-01
-5.178222206907674430e-01
-5.176522097187206128e-01
-5.174804302758359009e-01
-5.173068545685984843e-01
-5.171314257522059421e-01
-5.169540723021492923e-01
-5.167747169564341769e-01
-5.165932821714578349e-01
-5.164096933552881907e-01
-5.162238806901027210e-01
-5.160357800647836779e-01
-5.158453334516744926e-01
-5.156525302043041270e-01
-5.154573734389742423e-01
-5.152598346288075337e-01
-5.150598683880961426e-01
-5.148574221900908965e-01
-5.146524415853651613e-01
-5.144448736285631707e-01
-5.142346689164263296e-01
-5.140217825958410813e-01
-5.138061748061177880e-01
-5.135878577262036337e-01
-5.133668608737347316e-01
-5.131431801269812354e-01
-5.129167928264397602e-01
-5.126876671864226687e-01
-5.124557680830897910e-01
-5.122210605335607569e-01
-5.119835117099345023e-01
-5.117430920292469487e-01
-5.114997756658574701e-01
-5.112535944196289206e-01
-5.110046016033367167e-01
-5.107528160175703880e-01
-5.104982366370316438e-01
-5.102408518272205651e-01
-5.099806450524571044e-01
-5.097175983470429994e-01
-5.094516943655006402e-01
