-1.926165900745291371e-03
-3.021709785583887031e-03
-4.534938381763053972e-03
-6.616880853065360002e-03
-9.301104905418716706e-03
-1.165562866343894388e-02
-1.165387700406411708e-02
-1.165200140165681408e-02
-1.165000682483671723e-02
-1.164789040812572174e-02
-1.164565389361343906e-02
-1.164329678607620155e-02
-1.164081751002282727e-02
-1.163821422363695013e-02
-1.163548504795944294e-02
-1.163262814116589050e-02
-1.162963902946573258e-02
-1.162651914419635113e-02
-1.162326707431451944e-02
-1.161988156068288758e-02
-1.161636044873920470e-02
-1.161270431181382623e-02
-1.160891208619829751e-02
-1.160498235765486386e-02
-1.160091509169183799e-02
-1.159670988912181455e-02
-1.159236659145951309e-02
-1.158788551163325575e-02
-1.158326721248559288e-02
-1.157851236567544739e-02
-1.157362176871007398e-02
-1.156859671570686920e-02
-1.156343814168117601e-02
-1.155814695701601336e-02
-1.155272431327888927e-02
-1.154717150390410785e-02
-1.154149009836422102e-02
-1.153568190970255536e-02
-1.152974877042500790e-02
-1.152369266874700426e-02
-1.151751569946674048e-02
-1.151122004812193955e-02
-1.150480763389369332e-02
-1.149828019574691829e-02
-1.149163960491939029e-02
-1.148488784222437276e-02
-1.147802687789509224e-02
-1.147105884259477793e-02
-1.146398606596296665e-02
-1.145681073844795339e-02
-1.144953511103916077e-02
-1.144216144635243348e-02
-1.143469164055815890e-02
-1.142712731924491742e-02
-1.141947017344391302e-02
-1.141172194190638589e-02
-1.140388439465794823e-02
-1.139595931804904261e-02
-1.138794850160006200e-02
-1.137985372671897200e-02
-1.137167675723306515e-02
-1.136341940658130989e-02
-1.135508302844967510e-02
-1.134666847652587851e-02
-1.133817681991322601e-02
-1.132960911719403663e-02
-1.132096643880665943e-02
-1.131224985518196335e-02
-1.130346042650121063e-02
-1.129459919415878866e-02
-1.128566717387591289e-02
-1.127666535034237139e-02
-1.126759426636063377e-02
-1.125845412864352746e-02
-1.124924518255542016e-02
-1.123996771267195272e-02
-1.123062199780684722e-02
-1.122120832938271195e-02
-1.121172700223399543e-02
-1.120217829534232712e-02
-1.119256247229316603e-02
-1.118287977712853487e-02
-1.117313001783777626e-02
-1.116331258229515122e-02
-1.115342702091076665e-02
-1.114347297423197436e-02
-1.113345004473678679e-02
-1.112335784614217060e-02
-1.111319600469992674e-02
-1.110296378868891320e-02
-1.109266122958565970e-02
-1.108228795730423211e-02
-1.107184318690980496e-02
-1.106132551854360768e-02
-1.105073393816918825e-02
-1.104006165235141279e-02
-1.102931527487432950e-02
-1.101849303664309554e-02
-1.100759397807757334e-02
-1.099661354719175255e-02
-1.098555571896168981e-02
-1.097441905721940891e-02
-1.096320206172367306e-02
-1.095190327441275535e-02
-1.094052167744002935e-02
-1.092905491328401146e-02
-1.091750183223874626e-02
-1.090586155545035518e-02
-1.089413303394887178e-02
-1.088231531539242403e-02
-1.087040736032333921e-02
-1.085840885004243916e-02
-1.084631839001538867e-02
-1.083413525772607133e-02
-1.082185816961289682e-02
-1.080948615624729992e-02
-1.079701823546190542e-02
-1.078445341930760193e-02
-1.077179071923738130e-02
-1.075902419083393791e-02
-1.074615775996723421e-02
-1.073318578079372754e-02
-1.072011232341919806e-02
-1.070693719544159317e-02
-1.069366040354353953e-02
-1.068027869694752885e-02
-1.066679434566511486e-02
-1.065320430211867675e-02
-1.063951159445820915e-02
-1.062571577783741339e-02
-1.061181651714011853e-02
-1.059792217855917706e-02
-1.058392882292139014e-02
-1.056983947717304861e-02
-1.055563843393847456e-02
-1.054132424222664621e-02
-1.052689731228245718e-02
-1.051235793416085973e-02
-1.049770631625757122e-02
-1.048294261422347273e-02
-1.046806695470982318e-02
-1.045307945492424118e-02
-1.043798114150058798e-02
-1.042277365482509321e-02
-1.040745836497458665e-02
-1.039203644441598351e-02
-1.037650892291935856e-02
-1.036087673079225113e-02
-1.034514073325866479e-02
-1.032929601400009445e-02
-1.031334944781593654e-02
-1.029730151865658472e-02
-1.028115401070325841e-02
-1.026490935099624857e-02
-1.024856968742075825e-02
-1.023213696142873108e-02
-1.021561296326353729e-02
-1.019899937527064815e-02
-1.018229780615008406e-02
-1.016550981818860333e-02
-1.014863694895645763e-02
-1.013168072857524582e-02
-1.011464365327854886e-02
-1.009752885932524435e-02
-1.008034466822671504e-02
-1.006308780223852395e-02
-1.004576106924587320e-02
-1.002836678646422397e-02
-1.001090718087588316e-02
-9.993384416450146190e-03
-9.975800615714097708e-03
-9.958157876803708231e-03
-9.940459214419480882e-03
-9.922708254682652274e-03
-9.904908312211815891e-03
-9.887062464743384682e-03
-9.869173608410289344e-03
-9.851244500665393145e-03
-9.833277793893910323e-03
-9.815276061877251101e-03
-9.797241820677093926e-03
-9.779177545102532565e-03
-9.761086518629807918e-03
-9.742972559217757955e-03
-9.724839185034986344e-03
-9.706689683999902840e-03
-9.688527164849108919e-03
-9.670354596548816350e-03
-9.652174838975138838e-03
-9.633990666936639857e-03
-9.615809467395680654e-03
-9.597628829496607228e-03
-9.579452230681559377e-03
-9.561285379673600815e-03
-9.543132850899901931e-03
-9.524994170824876982e-03
-9.506872700279611621e-03
-9.488771393821149314e-03
-9.470693112374709011e-03
-9.452640642189133469e-03
-9.434616709402571244e-03
-9.416623991212874634e-03
-9.398669031765310988e-03
-9.380750465396436866e-03
-9.362872650390652307e-03
-9.345040114095079509e-03
-9.327252163724861211e-03
-9.309511642608236937e-03
-9.291821242916067924e-03
-9.274183616076833725e-03
-9.256601380216278319e-03
-9.239077124559846865e-03
-9.221613320595026253e-03
-9.204212267526018509e-03
-9.186876291810641693e-03
-9.169607749843100564e-03
-9.152414536346895058e-03
-9.135300284768152479e-03
-9.118261740903618739e-03
-9.101301633412009484e-03
-9.087672579617261936e-03
-9.069460003157059358e-03
-9.051308841502236913e-03
-9.033199126785851352e-03
-9.015137393091010587e-03
-8.997125965475236131e-03
-8.979156580549527145e-03
-8.961227851605732542e-03
-8.943342982854637913e-03
-8.925500873727371109e-03
-8.907701138390136664e-03
-8.889943689733392773e-03
-8.874047174433005725e-03
-8.856322077982592411e-03
-8.837926618820088343e-03
-8.817186079149608169e-03
-8.792001321438175365e-03
-8.762178351485794270e-03
-8.727789592085588577e-03
-8.689067985050841214e-03
-8.646342267541823334e-03
-8.599995844407334888e-03
-8.550723929273959523e-03
-8.499351319618209111e-03
-8.446537456964442470e-03
-8.392831094515218471e-03
-8.338705444464411531e-03
-8.284580918952955120e-03
-8.230839944738096992e-03
-8.177836619674624941e-03
-8.125903122720309901e-03
-8.075354365785977762e-03
-8.026716920460974514e-03
-7.980595427141051745e-03
-7.937445823142721957e-03
-7.897626643228849996e-03
-7.861431778025743111e-03
-7.829111769060606574e-03
-7.800887599323153010e-03
-7.776959076506467783e-03
-7.757511402570263503e-03
-7.742718649685439991e-03
-7.732998447519567886e-03
-7.728864003581595310e-03
-7.730671334112759752e-03
-7.738676182427767225e-03
-7.753068655678957422e-03
-7.773996002509331316e-03
-7.801577779178239802e-03
-7.835912952771140194e-03
-7.877088510534049903e-03
-7.925182123664761824e-03
-7.980541184091929918e-03
-8.043621174050621936e-03
-8.114709338215425616e-03
-8.193984515234939425e-03
-8.281555270866602925e-03
-8.377484192599871093e-03
-8.481803365963852537e-03
-8.594524229742009358e-03
-8.715643846639434256e-03
-8.845149205779292978e-03
-8.983314712091780563e-03
-9.130529441205709196e-03
-9.287002274828579096e-03
-9.452825042584392379e-03
-9.628013327479686967e-03
-9.812532405978541261e-03
-1.000631381827087052e-02
-1.020926597679006065e-02
-1.042128098275006687e-02
-1.064223903225847145e-02
-1.087231835821288184e-02
-1.111181509737838025e-02
-1.136083653972708163e-02
-1.161936796416711271e-02
-1.188731540224680083e-02
-1.216453305957930497e-02
-1.245084097395456058e-02
-1.274603645965033394e-02
-1.304990159614526080e-02
-1.336220819778108360e-02
-1.368302958078612686e-02
-1.401255983672217154e-02
-1.435080343109827739e-02
-1.469764539679792315e-02
-1.505289368519610593e-02
-1.541630811791362687e-02
-1.578761854355065219e-02
-1.616653676761867220e-02
-1.655276441936839871e-02
-1.694599821535949791e-02
-1.734623436210586123e-02
-1.775358985425694314e-02
-1.816800123450586224e-02
-1.858929228177035042e-02
-1.901721749879990708e-02
-1.945149011717547949e-02
-1.989180020601338805e-02
-2.033782579265640267e-02
-2.078924282905239562e-02
-2.124572762804062542e-02
-2.170724585254711625e-02
-2.217388133964824648e-02
-2.264554993978538933e-02
-2.312206466830263318e-02
-2.360317675729237119e-02
-2.408860519076860829e-02
-2.457805052499276166e-02
-2.507120760118222713e-02
-2.556777258132032771e-02
-2.606744754682019383e-02
-2.657020506808698002e-02
-2.707612800038099177e-02
-2.758514478052441488e-02
-2.809709054578889142e-02
-2.861174691522704039e-02
-2.912886638167612452e-02
-2.964818845463024211e-02
-3.016945030917142501e-02
-3.069239254425011609e-02
-3.121676377987624151e-02
-3.174223698579510533e-02
-3.226845232863606583e-02
-3.279510024749793251e-02
-3.332190918801516966e-02
-3.384863717269843975e-02
-3.437506633601833395e-02
-3.490099922438127944e-02
-3.542625634450502492e-02
-3.595067447985760001e-02
-3.647410500383020671e-02
-3.699597768836891676e-02
-3.751554468487219851e-02
-3.803231313139152081e-02
-3.854595761216848826e-02
-3.905626369495004968e-02
-3.956309146266931420e-02
-4.006635188120347135e-02
-4.056599141488219373e-02
-4.106198194758928222e-02
-4.155431412204632635e-02
-4.204252640008530884e-02
-4.252596220102733415e-02
-4.300423140921323661e-02
-4.347711660253703037e-02
-4.394451314593320057e-02
-4.440638987744914556e-02
-4.486276425858803929e-02
-4.531368583080441770e-02
-4.575922554255172636e-02
-4.619946874631616907e-02
-4.663401635331200501e-02
-4.706225576028338908e-02
-4.748384929454887993e-02
-4.789863621335532784e-02
-4.830656950779255165e-02
-4.870767513816358363e-02
-4.910202569462381039e-02
-4.948972334189576106e-02
-4.987088874542089378e-02
-5.024565385644817750e-02
-5.061364217228292439e-02
-5.097425015728793141e-02
-5.132715603924223324e-02
-5.167221833105023476e-02
-5.200941044084099463e-02
-5.233877854162483079e-02
-5.266041439857285789e-02
-5.297443782187671868e-02
-5.328098531949437833e-02
-5.358020274799750460e-02
-5.387171482451290350e-02
-5.415491202797299841e-02
-5.442946986077912275e-02
-5.469524551614662888e-02
-5.495221135242825405e-02
-5.520041208278081424e-02
-5.543993721061016289e-02
-5.567090327182455667e-02
-5.589344239012575266e-02
-5.610769490030101392e-02
-5.631328240604650814e-02
-5.650959289690994647e-02
-5.669629652402853603e-02
-5.687324283354082410e-02
-5.704039467363863913e-02
-5.719778571717508420e-02
-5.734549315716588880e-02
-5.748362015554077387e-02
-5.761228458220934989e-02
-5.773161163999709911e-02
-5.784123223751803933e-02
-5.794055516087880109e-02
-5.802925828714156076e-02
-5.810718989101652798e-02
-5.817430586465152653e-02
-5.823062879054281826e-02
-5.827622210980457074e-02
-5.831117342292573003e-02
-5.833558379036925257e-02
-5.834956089166100368e-02
-5.835277693174516223e-02
-5.834470972037586467e-02
-5.832507556849982067e-02
-5.829374152311933566e-02
-5.825066908206305571e-02
-5.819587813949998745e-02
-5.812942390552242045e-02
-5.805138214786119411e-02
-5.796183977325265746e-02
-5.786088883602795441e-02
-5.774829338420488234e-02
-5.762367348399395628e-02
-5.748683183508930539e-02
-5.733768553237590659e-02
-5.717622289807777758e-02
-5.700247538607315645e-02
-5.681650008181279854e-02
-5.661836809525264136e-02
-5.640815761059020383e-02
-5.618594937881937756e-02
-5.595164573179967071e-02
-5.570507449251926868e-02
-5.544616725412476743e-02
-5.517491933665158443e-02
-5.489136419160728364e-02
-5.459555727622485144e-02
-5.428756614205540454e-02
-5.396746359507820223e-02
-5.386445883818499758e-02
-5.381532207289904668e-02
-5.370212014417585777e-02
-5.354430176285451815e-02
-5.335431001740251200e-02
-5.314001571348976605e-02
-5.290637895844257921e-02
-5.265651137218926858e-02
-5.239235409917039621e-02
-5.214329783250684636e-02
-5.209501951166709000e-02
-5.195465102701563032e-02
-5.192188504306520513e-02
-5.192379447068813658e-02
-5.192581859726529137e-02
-5.192794920335419562e-02
-5.193018390064128853e-02
-5.193251994587069764e-02
-5.193495272406531416e-02
-5.193747928355262056e-02
-5.194009484391955145e-02
-5.194279654651359768e-02
-5.194558177325656056e-02
-5.194844827819054822e-02
-5.195139417308276830e-02
-5.195441788813159878e-02
-5.195751813831210597e-02
-5.196069507261719123e-02
-5.196394637472070976e-02
-5.196727169055523343e-02
-5.197067062400805015e-02
-5.197414426789859210e-02
-5.197769077948403982e-02
-5.198131123069389681e-02
-5.198500704387443161e-02
-5.198877654796739411e-02
-5.199261934719702494e-02
-5.199653642582091617e-02
-5.200052853801329089e-02
-5.200459458053355299e-02
-5.200874097292500220e-02
-5.201296496198601349e-02
-5.201727151306961838e-02
-5.202165844561479346e-02
-5.202612705213505162e-02
-5.203068198323301807e-02
-5.203532092186856362e-02
-5.204004579391334484e-02
-5.204485828438794315e-02
-5.204976124725041453e-02
-5.205475597699381340e-02
-5.205984271962839360e-02
-5.206502334566819046e-02
-5.207029954650899128e-02
-5.207567297416285101e-02
-5.208114549259215686e-02
-5.208671977070890302e-02
-5.209239566382639630e-02
-5.209817533649947763e-02
-5.210406039844094062e-02
-5.211005243771077433e-02
-5.211615301384543708e-02
-5.212236354655683246e-02
-5.212868532736332494e-02
-5.213511960321202954e-02
-5.214166756488350374e-02
-5.214833033641272375e-02
-5.215510896535564822e-02
-5.216200441402989163e-02
-5.216901787654702749e-02
-5.217614980427805194e-02
-5.218340084909518783e-02
-5.219077141720451785e-02
-5.219826167784112625e-02
-5.220587168561212355e-02
-5.221360137277156199e-02
-5.222145054292354205e-02
-5.222941855406343370e-02
-5.223750524966719322e-02
-5.224571003447893436e-02
-5.225403216063231882e-02
-5.226247073994175207e-02
-5.227102457049197237e-02
-5.227969216642952555e-02
-5.228847190813558365e-02
-5.229736204229822050e-02
-5.230636068318794685e-02
-5.231546581495097326e-02
-5.232467529499892911e-02
-5.233398685846912812e-02
-5.234339775184970733e-02
-5.235290539748278793e-02
-5.236250763990560331e-02
-5.237220134550937822e-02
-5.238198338784383346e-02
-5.239184990972545197e-02
-5.240179751991544399e-02
-5.241182410162958938e-02
-5.242192596706207741e-02
-5.243209951482627473e-02
-5.244234002565367758e-02
-5.245264450088411856e-02
-5.246301044712965711e-02
-5.247343352335800959e-02
-5.248390865131118133e-02
-5.249443246125023999e-02
-5.250500115582794336e-02
-5.251561085834198506e-02
-5.252625749457509596e-02
-5.253693700145520284e-02
-5.254764533123547354e-02
-5.255837845907154748e-02
-5.256913226493482860e-02
-5.257996017657268206e-02
-5.259079458067239532e-02
-5.260162543406539382e-02
-5.261246433913437104e-02
-5.262328711394154146e-02
-5.263408367930144660e-02
-5.264484942953512325e-02
-5.265557906883988615e-02
-5.266626781738917296e-02
-5.267691280251518560e-02
-5.268750963131360598e-02
-5.269805429915901118e-02
-5.270854279125583575e-02
-5.271897110581350021e-02
-5.272933527392485720e-02
-5.273963137664049172e-02
-5.274985555961599071e-02
-5.276000404564702706e-02
-5.277007314535507587e-02
-5.278005998999885096e-02
-5.278996228925326994e-02
-5.279977766393857685e-02
-5.280950369117558274e-02
-5.281913793948003755e-02
-5.282867736586205343e-02
-5.283812027937398459e-02
-5.284746333115217243e-02
-5.285670570551539993e-02
-5.286584480759878857e-02
-5.287487938085264072e-02
-5.288380878219438308e-02
-5.289263224693221965e-02
-5.290134893746543943e-02
-5.290995798107234194e-02
-5.291845849977892813e-02
-5.292689522385503331e-02
-5.293525902222198654e-02
-5.294353596803413886e-02
-5.295171475307332287e-02
-5.295978391217244508e-02
-5.296773243224819905e-02
-5.297555173724373401e-02
-5.298323529051714165e-02
-5.299077825181933155e-02
-5.299817718206163708e-02
-5.300542978989748744e-02
-5.301253471470916689e-02
-5.301949134116577811e-02
-5.302629964108476757e-02
-5.303295180162137523e-02
-5.303943540066236029e-02
-5.304574125063928058e-02
-5.305186284124090157e-02
-5.305779586119797886e-02
-5.306353778791660092e-02
-5.306908753662548106e-02
-5.307444516139848967e-02
-5.307961160117002919e-02
-5.308458846462994762e-02
-5.308936899102952023e-02
-5.309394142262527372e-02
-5.309829740918255159e-02
-5.310243139766003539e-02
-5.310634010903844682e-02
-5.311002209020621034e-02
-5.311347733181873143e-02
-5.311670694372369605e-02
-5.311971288032517335e-02
-5.312249770908462898e-02
-5.312505480343371334e-02
-5.312737199934036703e-02
-5.312944071682790259e-02
-5.313125530987926337e-02
-5.313281250886708884e-02
-5.313411094298876869e-02
-5.313515073330042637e-02
-5.313593314750053587e-02
-5.313646030836406686e-02
-5.313673494854917467e-02
-5.313675014197513646e-02
-5.313649313674083385e-02
-5.313595490759048801e-02
-5.313512948091667076e-02
-5.313401335537351611e-02
-5.313260500542453524e-02
-5.313090445833161535e-02
-5.312891293552246541e-02
-5.312663255136704232e-02
-5.312406638809680226e-02
-5.312120791074601001e-02
-5.311804648855350530e-02
-5.311457457559676243e-02
-5.311078735541044371e-02
-5.310668224667565440e-02
-5.310225844859960131e-02
-5.309751655391095615e-02
-5.309245822120202407e-02
-5.308708588936984774e-02
-5.308140257628034264e-02
-5.307540780701584804e-02
-5.306909901294817877e-02
-5.306247512830410129e-02
-5.305553630727985470e-02
-5.304828389248208986e-02
-5.304076270664206949e-02
-5.303299263517922968e-02
-5.302499924096389095e-02
-5.301680573392132667e-02
-5.300843182378611740e-02
-5.299991024477353208e-02
-5.299128021890293916e-02
-5.298257394227996742e-02
-5.297381775852806618e-02
-5.296503308511596453e-02
-5.295668294118387187e-02
-5.294598489906202077e-02
-5.293156346253971578e-02
-5.291425007673263015e-02
-5.289473938640527895e-02
-5.287352196506253654e-02
-5.285093414711584947e-02
-5.282727091498509719e-02
-5.280280533038592128e-02
-5.277779070070690026e-02
-5.275246151327062094e-02
-5.272704324615701266e-02
-5.270187607323201240e-02
-5.267994142374464450e-02
-5.265869348691304408e-02
-5.263924680312301319e-02
-5.262239696654161247e-02
-5.260461430247771741e-02
-5.258380458620835751e-02
-5.254739736048645582e-02
-5.249129801864575728e-02
-5.241296688656872649e-02
-5.231082991138050198e-02
-5.218397838681436418e-02
-5.203196873985657667e-02
-5.185828083429480651e-02
-5.166817986811259034e-02
-5.146507989860683863e-02
-5.125123662726960294e-02
-5.102818255119644097e-02
-5.079700831238606606e-02
-5.055853776579383174e-02
-5.031343848187914969e-02
-5.006229354600943982e-02
-4.980564122778657898e-02
-4.954656693396733425e-02
-4.928924499365582024e-02
-4.903640442266300747e-02
-4.878986535074956998e-02
-4.855087699370207177e-02
-4.832032885004047817e-02
-4.809888429230028961e-02
-4.788706695264377533e-02
-4.768531178972061635e-02
-4.749399604944351538e-02
-4.731637741975711076e-02
-4.715689233978487271e-02
-4.701825447864682594e-02
-4.690207225768941446e-02
-4.680923821000985974e-02
-4.674017310361541777e-02
-4.669498014537551422e-02
-4.667354092295276924e-02
-4.667557825953974615e-02
-4.670069427706878551e-02
-4.675200174250043750e-02
-4.683401214208844643e-02
-4.694904414136266690e-02
-4.709799621877794329e-02
-4.728084049995290306e-02
-4.749693630920627518e-02
-4.774523746460329621e-02
-4.802442885627053459e-02
-4.833301696198134823e-02
-4.866939165600679684e-02
-4.903210972192348360e-02
-4.941979004906847661e-02
-4.983088024379790648e-02
-5.026372858919347930e-02
-5.071663248137112112e-02
-5.118787868365765048e-02
-5.167574389064512330e-02
-5.217852766793930341e-02
-5.269457271068796189e-02
-5.322227128843130817e-02
-5.375660825743094895e-02
-5.429120012584000288e-02
-5.482177935529723711e-02
-5.534546576426786768e-02
-5.586028115469508781e-02
-5.636484631570964909e-02
-5.685818389238417314e-02
-5.733960267364607288e-02
-5.780860638512645699e-02
-5.826484324691404149e-02
-5.870428879676832523e-02
-5.912142319226401654e-02
-5.951300700103159813e-02
-5.987727529992489806e-02
-6.021341730284177074e-02
-6.052123767374356644e-02
-6.080094544801879775e-02
-6.105300645193921516e-02
-6.127805345342922372e-02
-6.147682803059949241e-02
-6.164640788566902452e-02
-6.178233490806249451e-02
-6.188234722123746312e-02
-6.194558213514506084e-02
-6.197206311196644390e-02
-6.196236344490654857e-02
-6.191739403799836894e-02
-6.183826505444749155e-02
-6.172619688755549838e-02
-6.158246237621815833e-02
-6.140906009341073890e-02
-6.120807095230340611e-02
-6.098109935868258058e-02
-6.072974088096733114e-02
-6.045547585315043382e-02
-6.015956353030559034e-02
-5.984310710139449652e-02
-5.950709662456402094e-02
-5.915243709310513687e-02
-5.877996688537044656e-02
-5.868066258395543411e-02
-5.909141171210398336e-02
-6.000951494989407997e-02
-6.143257242669393492e-02
-6.335802513743936382e-02
-6.334887904447394913e-02
-6.334716749473248698e-02
-6.334601465300815359e-02
-6.334532621896166171e-02
-6.334502369952504930e-02
-6.334505221004646525e-02
-6.334537303734977254e-02
-6.334595253654000391e-02
-6.334676183374006453e-02
-6.334777533196811472e-02
-6.334897162024187567e-02
-6.335033246171299648e-02
-6.335184215457624612e-02
-6.335348764772777419e-02
-6.335525632152419484e-02
-6.335713552989957753e-02
-6.335912127374863922e-02
-6.336120189981266082e-02
-6.336337178289173921e-02
-6.336562555991462342e-02
-6.336795854673782369e-02
-6.337036666249679095e-02
-6.337284542870753878e-02
-6.337539315682755303e-02
-6.337800703560629578e-02
-6.338068521592354898e-02
-6.338342640422453544e-02
-6.338622943471350357e-02
-6.338909284157293045e-02
-6.339201536628472078e-02
-6.339499608104483264e-02
-6.339803363066928710e-02
-6.340112690540569695e-02
-6.340427493875107345e-02
-6.340747685121506105e-02
-6.341073260727266014e-02
-6.341404171752261509e-02
-6.341740373393080221e-02
-6.342081803872723356e-02
-6.342428392449173113e-02
-6.342780059733120479e-02
-6.343136719897413123e-02
-6.343498282207743477e-02
-6.343864652081605826e-02
-6.344235731814547308e-02
-6.344611456961607443e-02
-6.344991770678430620e-02
-6.345376584019504773e-02
-6.345765782934921495e-02
-6.346159233187848026e-02
-6.346556783880261121e-02
-6.346958270048984330e-02
-6.347363482413953539e-02
-6.347772257363668014e-02
-6.348184408973089887e-02
-6.348599397829514379e-02
-6.349016471683475993e-02
-6.349434985467322656e-02
-6.349854383996078599e-02
-6.350274162430080693e-02
-6.350693909931963421e-02
-6.351113279188135008e-02
-6.351531944840746458e-02
-6.351949613447717413e-02
-6.352365994994772780e-02
-6.352780895572636422e-02
-6.353194189214787790e-02
-6.353605686042190781e-02
-6.354015152266916100e-02
-6.354422357013236877e-02
-6.354827086813992498e-02
-6.355232913496906832e-02
-6.355637863599511439e-02
-6.356039577842287347e-02
-6.356437770582865077e-02
-6.356832194660179403e-02
-6.357222617603322523e-02
-6.357608760742809728e-02
-6.357990336595450986e-02
-6.358366960926896405e-02
-6.358738242359002202e-02
-6.359103813115464521e-02
-6.359463235679081727e-02
-6.359816134253883091e-02
-6.360162122470429391e-02
-6.360500797621838898e-02
-6.360832036131408573e-02
-6.361155540009937048e-02
-6.361470995598393630e-02
-6.361778055493018391e-02
-6.362076346469597299e-02
-6.362365407296931286e-02
-6.362644918549219264e-02
-6.362914449017137430e-02
-6.363173581967028480e-02
-6.363422080380223833e-02
-6.363659821191598731e-02
-6.363886626805029256e-02
-6.364102277273757380e-02
-6.364306520875209761e-02
-6.364499083246570599e-02
-6.364679675215859089e-02
-6.364847999472809936e-02
-6.365003756220856401e-02
-6.365146647942511449e-02
-6.365277239112503149e-02
-6.365396602953657390e-02
-6.365505492354556205e-02
-6.365604397271548698e-02
-6.365693593259526273e-02
-6.365773182604655966e-02
-6.365843129099602038e-02
-6.365903287363826324e-02
-6.365953427489558225e-02
-6.365993255687253660e-02
-6.366022469530377426e-02
-6.366040756834281944e-02
-6.366047771234599473e-02
-6.366043144876562532e-02
-6.366026498647314735e-02
-6.365997450369145771e-02
-6.365955621296250089e-02
-6.365900641199966070e-02
-6.365832152280667677e-02
-6.365749812105513106e-02
-6.365653322061953778e-02
-6.365542416704372819e-02
-6.365416839343546185e-02
-6.365276345651411927e-02
-6.365120705996092643e-02
-6.364949706845084154e-02
-6.364763151474862879e-02
-6.364560860163731570e-02
-6.364342669999907554e-02
-6.364108434405243986e-02
-6.363858031952346339e-02
-6.363591358917303209e-02
-6.363308318882084091e-02
-6.363008824551395770e-02
-6.362692798467071975e-02
-6.362360251591073212e-02
-6.362011159023277240e-02
-6.361645328440868052e-02
-6.361262750487849116e-02
-6.360863389976609272e-02
-6.360447203626493073e-02
-6.360014140788722292e-02
-6.359564154944977177e-02
-6.359097204497761446e-02
-6.358613252570864682e-02
-6.358112266252252676e-02
-6.357594215532362536e-02
-6.357059072098154850e-02
-6.356506808082688920e-02
-6.355937394830907250e-02
-6.355350758699149227e-02
-6.354746793039184327e-02
-6.354125397852303236e-02
-6.353486478619052580e-02
-6.352829944581907251e-02
-6.352155706809507751e-02
-6.351463676227626920e-02
-6.350753883562840207e-02
-6.350026233835835698e-02
-6.349280558546502307e-02
-6.348516618621023733e-02
-6.347734177895897334e-02
-6.346933012846443789e-02
-6.346183669556837437e-02
-6.345415443205255912e-02
-6.344621499295451106e-02
-6.343803252630857148e-02
-6.342960727590049586e-02
-6.342093931674132323e-02
-6.341202855371499969e-02
-6.340287700915483993e-02
-6.339348988698183252e-02
-6.338392288136086850e-02
-6.337418570779279614e-02
-6.336424616842760427e-02
-6.335408945638816569e-02
-6.334371355669474180e-02
-6.333311550110501398e-02
-6.332229108046505406e-02
-6.331123712515859814e-02
-6.330016582486812371e-02
-6.328928155483193319e-02
-6.327865048993693009e-02
-6.326834472955829292e-02
-6.328325270967852245e-02
-6.335386106911916615e-02
-6.344026905303362662e-02
-6.353023146231386031e-02
-6.361656783162400464e-02
-6.369495302157512917e-02
-6.376359062587100279e-02
-6.382216640993870760e-02
-6.387046550133095024e-02
-6.390834571213949156e-02
-6.393604055163987221e-02
-6.395410574037870000e-02
-6.396325673572558768e-02
-6.396427020371103778e-02
-6.395792278032669254e-02
-6.394496266312010846e-02
-6.392624781608617635e-02
-6.390267782996003620e-02
-6.387495596417833155e-02
-6.384365796889140965e-02
-6.380931304236442392e-02
-6.377237865936821737e-02
-6.373325667827427210e-02
-6.369230084116725421e-02
-6.364982482724187984e-02
-6.360611083791420373e-02
-6.356156721440103796e-02
-6.351664159318036462e-02
-6.347167013263060875e-02
-6.342691396755045785e-02
-6.338258334021146245e-02
-6.333885170927336383e-02
-6.329586756372057588e-02
-6.325376167935403693e-02
-6.321265029793543544e-02
-6.317263963443957298e-02
-6.313399857171989038e-02
-6.309706160549707898e-02
-6.306206052688095864e-02
-6.302916171341499396e-02
-6.299849003323670926e-02
-6.297014419282631614e-02
-6.294420661754127067e-02
-6.292074983675920163e-02
-6.289984063160534988e-02
-6.288154274725896165e-02
-6.286611242319274651e-02
-6.285388815930945117e-02
-6.284509881672228904e-02
-6.283990435781300343e-02
-6.283842171144196631e-02
-6.284074113857376909e-02
-6.284693653702072558e-02
-6.285707187759149994e-02
-6.287120516887392818e-02
-6.288939084091597909e-02
-6.291189894115259418e-02
-6.293909075679264553e-02
-6.297120255783553167e-02
-6.300839036181292430e-02
-6.305075819399022508e-02
-6.309837582092935049e-02
-6.315128978663446524e-02
-6.320953019361962022e-02
-6.327311478693060931e-02
-6.334205133538899080e-02
-6.341657599153008307e-02
-6.349701692385574525e-02
-6.358355853537460411e-02
-6.367629036795315056e-02
-6.377523811283508648e-02
-6.388038323090602932e-02
-6.399167535221804426e-02
-6.410904011317414275e-02
-6.423238412569309830e-02
-6.436159815751166247e-02
-6.449680534732106507e-02
-6.463821859307489204e-02
-6.478589574876815471e-02
-6.493979203366606612e-02
-6.509979366880432050e-02
-6.526573954963334201e-02
-6.543743567563396757e-02
-6.561466387021536173e-02
-6.579718715487269109e-02
-6.598475522598561127e-02
-6.617734984866849302e-02
-6.637504251659986920e-02
-6.657775411954049150e-02
-6.678530848312416723e-02
-6.699746700674991118e-02
-6.721395119535618357e-02
-6.743445745527174018e-02
-6.765866694309130569e-02
-6.788625224572795991e-02
-6.811688202403227976e-02
-6.835044675024008753e-02
-6.858692608228110499e-02
-6.882616557427774506e-02
-6.906792826602509150e-02
-6.931192875458337677e-02
-6.955785381464872630e-02
-6.980537607310768888e-02
-7.005416388214574797e-02
-7.030388659404242235e-02
-7.055421815274262598e-02
-7.080474904170555583e-02
-7.105503412903561855e-02
-7.130468677105401831e-02
-7.155336196239064916e-02
-7.180074406918530994e-02
-7.204654335175200708e-02
-7.229049169289179788e-02
-7.253233990220314675e-02
-7.277185564263700945e-02
-7.300882284849173620e-02
-7.324262033461763355e-02
-7.347245922172455923e-02
-7.369780412385477930e-02
-7.391828103538571060e-02
-7.413362841365088440e-02
-7.434366053728640178e-02
-7.454824342397682602e-02
-7.474727997616434361e-02
-7.494070030963795315e-02
-7.512845540525865673e-02
-7.531004808358217339e-02
-7.548479245577728591e-02
-7.565227449018840922e-02
-7.581225576041807079e-02
-7.596461320050208743e-02
-7.610930026151771499e-02
-7.624632142941811797e-02
-7.637571526552931755e-02
-7.649754369357175676e-02
-7.661188498770438171e-02
-7.671832957405319564e-02
-7.681625717666161479e-02
-7.690533080007590228e-02
-7.698539584000159419e-02
-7.705641503720800367e-02
-7.711842655895208287e-02
-7.717151695628433894e-02
-7.721580369138011934e-02
-7.725142382317431999e-02
-7.727852665756811124e-02
-7.729674768285789421e-02
-7.730549666305443213e-02
-7.730447286206833246e-02
-7.729356045571178502e-02
-7.727276117409968836e-02
-7.724215096275904857e-02
-7.720185660797529437e-02
-7.715204947945160374e-02
-7.709287282719012868e-02
-7.702451848170985271e-02
-7.694664420922396608e-02
-7.685853117789261113e-02
-7.675996284268982173e-02
-7.665096355917498661e-02
-7.653162454483422583e-02
-7.640207683524351256e-02
-7.626247504827211865e-02
-7.611298702650447223e-02
-7.595378719208993601e-02
-7.578505228971850471e-02
-7.560642879935577931e-02
-7.541732665037631511e-02
-7.521744321043724590e-02
-7.500666697200675248e-02
-7.478501187870607858e-02
-7.455249880149704411e-02
-7.430923279438195195e-02
-7.405534611317855787e-02
-7.379098630026499628e-02
-7.351630839494620318e-02
-7.323098243376034711e-02
-7.293446272143014331e-02
-7.262646961411131641e-02
-7.230689120079084042e-02
-7.197572038097735381e-02
-7.163301468340887990e-02
-7.127887064379916093e-02
-7.091340750116388592e-02
-7.053675685662878780e-02
-7.014905614571928516e-02
-6.975002626336258837e-02
-6.933920394998790981e-02
-6.891635569279246087e-02
-6.848139244420230198e-02
-6.803431512080639065e-02
-6.757517986203226412e-02
-6.710407592762962503e-02
-6.662111167562419223e-02
-6.612640570339020640e-02
-6.562008128521455708e-02
-6.510196092954027847e-02
-6.457173661457404901e-02
-6.402926927064446494e-02
-6.347452554038750250e-02
-6.290753685914189652e-02
-6.232837395157397875e-02
-6.173713054832571934e-02
-6.113391294007097798e-02
-6.051883384204093108e-02
-5.989200836800387395e-02
-5.925340773410379958e-02
-5.860294473165636453e-02
-5.794061818850851364e-02
-5.726647901778976479e-02
-5.658060877872865546e-02
-5.588310622907265157e-02
-5.517407895502464410e-02
-5.445363821919248226e-02
-5.372189584127766426e-02
-5.297896235708582369e-02
-5.222582699552109908e-02
-5.161492260876045235e-02
-5.149802455186437700e-02
-5.121322451825735533e-02
-5.081323337455947997e-02
-5.033334206470892191e-02
-4.979688563682843627e-02
-4.921935526013407336e-02
-4.861108164966695955e-02
-4.797898103734239694e-02
-4.750691484180867563e-02
-4.734590726111458092e-02
-4.750104657492708327e-02
-4.797708211710191573e-02
-4.877831318378755832e-02
-4.977668967946563550e-02
-4.977022646245811421e-02
-4.976458040901662883e-02
-4.975986700140218322e-02
-4.975596910882232327e-02
-4.975278823682441343e-02
-4.975024181876809559e-02
-4.974825776935516697e-02
-4.974678080500866129e-02
-4.974574928645955629e-02
-4.974512114474688440e-02
-4.974485634409800405e-02
-4.974492026219171081e-02
-4.974528068475084219e-02
-4.974591364596284149e-02
-4.974679486149020946e-02
-4.974790568870800234e-02
-4.974922937094228281e-02
-4.975075194352172880e-02
-4.975246105431886667e-02
-4.975434593850076859e-02
-4.975639723015126692e-02
-4.975861571233498870e-02
-4.976098858782551648e-02
-4.976351072448212398e-02
-4.976617718059370143e-02
-4.976897947721375948e-02
-4.977192196829881288e-02
-4.977499375295101058e-02
-4.977819213200569692e-02
-4.978151835673355619e-02
-4.978496620429311015e-02
-4.978853397057382557e-02
-4.979222006956948721e-02
-4.979602830364621147e-02
-4.979995186464059032e-02
-4.980399059113432836e-02
-4.980814367787736452e-02
-4.981241034671389512e-02
-4.981678986090135042e-02
-4.982128198159427312e-02
-4.982588563969288231e-02
-4.983060024090033013e-02
-4.983542526305163867e-02
-4.984036023548653327e-02
-4.984540492538661050e-02
-4.985055917552602689e-02
-4.985582267866911499e-02
-4.986119501692072575e-02
-4.986667568841149367e-02
-4.987226412536858999e-02
-4.987795970638697618e-02
-4.988376176474894341e-02
-4.988966959402905965e-02
-4.989568245181762174e-02
-4.990179970958805167e-02
-4.990802070414612768e-02
-4.991434455325018116e-02
-4.992077020047747116e-02
-4.992729644724440419e-02
-4.993392197613193140e-02
-4.994064536836567703e-02
-4.994746511731829042e-02
-4.995437963927103209e-02
-4.996138728226015568e-02
-4.996848644129653350e-02
-4.997567542476472058e-02
-4.998295230930309418e-02
-4.999031479706175785e-02
-4.999776065355425458e-02
-5.000528769280293551e-02
-5.001289346621863585e-02
-5.002057542948148972e-02
-5.002833097579477417e-02
-5.003615718452021632e-02
-5.004405144735786515e-02
-5.005201136086948055e-02
-5.006003402698132321e-02
-5.006811604126447379e-02
-5.007625175811011853e-02
-5.008444118019010627e-02
-5.009267815126126899e-02
-5.010096268366891203e-02
-5.010929097546341915e-02
-5.011765727835895690e-02
-5.012605808783152095e-02
-5.013449400314259896e-02
-5.014295757639700146e-02
-5.015144613597863343e-02
-5.015996003254223623e-02
-5.016849057708938631e-02
-5.017703523237389274e-02
-5.018558971987950590e-02
-5.019415175224241354e-02
-5.020272545423244692e-02
-5.021130567325596261e-02
-5.021988789889604565e-02
-5.022846812674744421e-02
-5.023704253493721517e-02
-5.024560337443985392e-02
-5.025414730833434318e-02
-5.026266996146078192e-02
-5.027116816922604092e-02
-5.027963810853426641e-02
-5.028807671821632075e-02
-5.029648123352380151e-02
-5.030484773543097976e-02
-5.031317440976176836e-02
-5.032145728945698615e-02
-5.032969488917488077e-02
-5.033788441204600783e-02
-5.034601986390155326e-02
-5.035410137961339461e-02
-5.036212689950142485e-02
-5.037009360466784824e-02
-5.037799939426100548e-02
-5.038584299459433757e-02
-5.039362288494347863e-02
-5.040133764396882710e-02
-5.040898578181668421e-02
-5.041656597966497066e-02
-5.042407724883168907e-02
-5.043151852085378528e-02
-5.043888880047524281e-02
-5.044618717268074815e-02
-5.045341321605271989e-02
-5.046056692154947398e-02
-5.046764832908900988e-02
-5.047468223940630716e-02
-5.048169241795245898e-02
-5.048860513569047859e-02
-5.049543154410029988e-02
-5.050213827191811500e-02
-5.050871191098360580e-02
-5.051515499968835254e-02
-5.052147040863677607e-02
-5.052766121474161487e-02
-5.053372863712074503e-02
-5.053967679274727620e-02
-5.054550796032525328e-02
-5.055122428114561250e-02
-5.055682776502808118e-02
-5.056232031802054827e-02
-5.056770376532110367e-02
-5.057297987014024165e-02
-5.057815100552014165e-02
-5.058321995978104502e-02
-5.058818934295755687e-02
-5.059306162055597633e-02
-5.059783914064734656e-02
-5.060252415608014476e-02
-5.060711884260142568e-02
-5.061162531356061534e-02
-5.061604563176630434e-02
-5.062038181897561551e-02
-5.062463649028388357e-02
-5.062881265793320318e-02
-5.063291315850093621e-02
-5.063694198653367895e-02
-5.064090033361212662e-02
-5.064479070159963459e-02
-5.064861547409592324e-02
-5.065237695981272825e-02
-5.065607740252019153e-02
-5.065972069812646472e-02
-5.066330735387133966e-02
-5.066684086474756987e-02
-5.067032407028473906e-02
-5.067375966061708759e-02
-5.067715019874195759e-02
-5.068049813801214776e-02
-5.068380583594520039e-02
-5.068707556517663970e-02
-5.069030952218052388e-02
-5.069350983423259738e-02
-5.069667898763663416e-02
-5.069981969758394214e-02
-5.070293452294324932e-02
-5.070602589145530026e-02
-5.070909611757466740e-02
-5.071214741591209552e-02
-5.071518191147489363e-02
-5.071820164755336258e-02
