-4.510668174532205671e-02
-4.447529259002000468e-02
-4.372166819612310906e-02
-4.285034903079271845e-02
-4.351135274634788941e-02
-4.329032970077222736e-02
-4.357421185975974415e-02
-4.386150054450872054e-02
-4.413991145295999285e-02
-4.440134315566158368e-02
-4.464102117631597172e-02
-4.485747840359410876e-02
-4.505087834297424876e-02
-4.522086936593688877e-02
-4.536883257132971747e-02
-4.549678703546786857e-02
-4.560608145421437415e-02
-4.569808370626365218e-02
-4.577541801065064531e-02
-4.583887477794544585e-02
-4.589030731690477843e-02
-4.593123474933197281e-02
-4.596308838431189397e-02
-4.598720820769500173e-02
-4.600489750769983649e-02
-4.601721214228082085e-02
-4.602525876533235943e-02
-4.603001271483033591e-02
-4.603244426117096555e-02
-4.603321050531549580e-02
-4.603311572980938599e-02
-4.603293142279990535e-02
-4.603298190704569609e-02
-4.603398009744898156e-02
-4.603634618824800628e-02
-4.604048295525858814e-02
-4.604682212634006455e-02
-4.605549995816777403e-02
-4.606685127924488310e-02
-4.608108543056067125e-02
-4.609837212585036342e-02
-4.611892207733691434e-02
-4.614268061197708548e-02
-4.616979523931131341e-02
-4.620030630616751149e-02
-4.623422858789221629e-02
-4.627155360383607141e-02
-4.631225180778632267e-02
-4.635634616082018322e-02
-4.640362745316641696e-02
-4.645408860983822608e-02
-4.650763474124279540e-02
-4.656415896951187489e-02
-4.662354384114965333e-02
-4.668566264906490876e-02
-4.675038065776992297e-02
-4.681755623510566733e-02
-4.688704189525124549e-02
-4.695868525921954167e-02
-4.703232993622268737e-02
-4.710781633215331554e-02
-4.718498238938691192e-02
-4.726366426227777973e-02
-4.734369693367206783e-02
-4.742491477570384695e-02
-4.750715205957888737e-02
-4.759024343167695542e-02
-4.767402474319098332e-02
-4.775833296703266978e-02
-4.784300527084310584e-02
-4.792788067301131244e-02
-4.801280155802827715e-02
-4.809761258379698090e-02
-4.818216050182599908e-02
-4.826629476982861877e-02
-4.834986771274499273e-02
-4.843273466034354185e-02
-4.851475406400044404e-02
-4.859578759332291997e-02
-4.867570021493123483e-02
-4.875436025378373367e-02
-4.883163943883413183e-02
-4.890741293484833496e-02
-4.898155936024291973e-02
-4.905396079307956098e-02
-4.912450276667675725e-02
-4.919307425444446186e-02
-4.925956764655001208e-02
-4.932387871850009431e-02
-4.938584197524586300e-02
-4.944549306724709686e-02
-4.950266749889432882e-02
-4.955727449082899388e-02
-4.960922633910336277e-02
-4.965843837635148389e-02
-4.970482892477104397e-02
-4.974831924620828905e-02
-4.978876654922964606e-02
-4.982623678244105236e-02
-4.986058602578830740e-02
-4.989174715031004237e-02
-4.991965564352663504e-02
-4.994424008437677726e-02
-4.996539939194039048e-02
-4.998319487274246326e-02
-4.999750359419354723e-02
-5.000824810334290882e-02
-5.001538327628804459e-02
-5.001878032468340396e-02
-5.001867773363090353e-02
-5.001485125889563316e-02
-5.000726431100263603e-02
-4.999588012133301257e-02
-4.998062497173004493e-02
-4.996147936163770897e-02
-4.993850337322489757e-02
-4.991161714785975756e-02
-4.988074070135989357e-02
-4.984581233856753141e-02
-4.980712284781314142e-02
-4.976445015388463594e-02
-4.971773593197192920e-02
-4.966704410336027914e-02
-4.961227941157773935e-02
-4.955382767220486290e-02
-4.949121299402702706e-02
-4.941853880935141718e-02
-4.935139035944146463e-02
-4.927953115235587933e-02
-4.920138718220258556e-02
-4.911763583137827849e-02
-4.903010376343869270e-02
-4.893819425274013174e-02
-4.884226736856140533e-02
-4.874239289804482844e-02
-4.863864484550879663e-02
-4.853110196749569477e-02
-4.841986221790228057e-02
-4.830497931262851818e-02
-4.818689284600845280e-02
-4.806506334299176508e-02
-4.793991327394884344e-02
-4.781155589074724543e-02
-4.768011067187204882e-02
-4.754570348886925230e-02
-4.740846660689793796e-02
-4.726853863365924197e-02
-4.712606441704980664e-02
-4.698119489217889022e-02
-4.683408687888156174e-02
-4.668487582557900861e-02
-4.653377843675886305e-02
-4.638094540272155730e-02
-4.622655412759392457e-02
-4.607108977279720380e-02
-4.591412755201750712e-02
-4.575616269062527525e-02
-4.559738663684545501e-02
-4.543799303438025849e-02
-4.527817721862938821e-02
-4.511813565428463707e-02
-4.495806536225573080e-02
-4.479816333987074461e-02
-4.463862597803317650e-02
-4.447964847969840957e-02
-4.432142428489623670e-02
-4.416414450458367585e-02
-4.400799736457033928e-02
-4.385316766305245861e-02
-4.369983624554585333e-02
-4.354817949989338993e-02
-4.339836887444597363e-02
-4.325057042129273888e-02
-4.310494436669078805e-02
-4.296164471035109761e-02
-4.282081885487046269e-02
-4.268260726661832899e-02
-4.254714316876609392e-02
-4.241455226729240469e-02
-4.228495251038664332e-02
-4.215845388142691608e-02
-4.203515822567558541e-02
-4.191515911048674520e-02
-4.179854171876484781e-02
-4.168538277520492802e-02
-4.157575050457786026e-02
-4.146970462156306103e-02
-4.136733703792498662e-02
-4.126860596376237533e-02
-4.117337132009339651e-02
-4.108211446855907639e-02
-4.099461640475228486e-02
-4.091088716482137178e-02
-4.083092903638432802e-02
-4.075473670994868985e-02
-4.068229749797182965e-02
-4.061338896163355777e-02
-4.054841624027288177e-02
-4.048711003161026972e-02
-4.042944197153673647e-02
-4.037536159411016928e-02
-4.032481383000412201e-02
-4.027758391043090996e-02
-4.023399230981340030e-02
-4.019374925090149486e-02
-4.015678393100265836e-02
-4.012302065566718257e-02
-4.060189794642089789e-02
-4.059800594276370689e-02
-4.058691521198094787e-02
-4.057062984401085814e-02
-4.055005145478977890e-02
-4.052601914812994921e-02
-4.049925256313159638e-02
-4.047029474487151557e-02
-4.043973582577134462e-02
-4.040798480615914734e-02
-4.037525846609452129e-02
-4.034198895923370859e-02
-4.030831823611705916e-02
-4.027440244547703802e-02
-4.024035124439732242e-02
-4.020623183283766194e-02
-4.017207262164058240e-02
-4.013786640876869372e-02
-4.010357307793686876e-02
8.783947657203293458e-02
8.790030958854613830e-02
8.792527732888884284e-02
8.791984873731049921e-02
8.788721623651490900e-02
8.783035112768157460e-02
8.775168223475610096e-02
8.765346700753123832e-02
8.753763010592766070e-02
8.740585822103770497e-02
8.725962941086583269e-02
8.717294198546407524e-02
8.708668975599644091e-02
8.700069566548772337e-02
8.691497807488325622e-02
8.682968356489460804e-02
8.674503934929345128e-02
8.666132071933388414e-02
8.657891377485879558e-02
8.649795075104169118e-02
8.641880652760397519e-02
8.634183801975982286e-02
8.626730696829726375e-02
8.619548046001729302e-02
8.612660512249853406e-02
8.606090551733795724e-02
8.599858325098244660e-02
8.593981663538345639e-02
8.588487939630842782e-02
8.583358944305623239e-02
8.578632000650690537e-02
8.574309697412554887e-02
8.570398772823933919e-02
8.566904060158639367e-02
8.563842359423654016e-02
8.561177041270850996e-02
8.558941444250772745e-02
8.557140841989796520e-02
8.555755643475190797e-02
8.554751840749191816e-02
8.554152575127785263e-02
8.553966556950851063e-02
8.554173505026829716e-02
8.554759962838631715e-02
8.555736726720458707e-02
8.557068467236453313e-02
8.558755646051327548e-02
8.560786460804170606e-02
8.563150516319095740e-02
8.565840120694966087e-02
8.568830094955907917e-02
8.572117946133908650e-02
8.575687005977701560e-02
8.579524815035957652e-02
8.583623116046734669e-02
8.587956456066653255e-02
8.592516810239916869e-02
8.597289489329019985e-02
8.602267122876267047e-02
8.607417956859055030e-02
8.612736381933679131e-02
8.618205987967696158e-02
8.623810670484235996e-02
8.629534060525734240e-02
8.635359521509988756e-02
8.641274635081874766e-02
8.647254538940352120e-02
8.653283225418699487e-02
8.659345053782634138e-02
8.665422017701335244e-02
8.671495880702639880e-02
8.677548189166423009e-02
8.683560288503727742e-02
8.689513343500868126e-02
8.695388362524181236e-02
8.701166225584727743e-02
8.706827715911349963e-02
8.712353554965748814e-02
8.717724440481218473e-02
8.722921087378601723e-02
8.727924271081760610e-02
8.732714872895526448e-02
8.737273927033951948e-02
8.741582668788108745e-02
8.745622583413027729e-02
8.749375455217625608e-02
8.752823416384714061e-02
8.755948995004562974e-02
8.758731407018105486e-02
8.761162131696667577e-02
8.763217995539522576e-02
8.764889514870329024e-02
8.766158541008206573e-02
8.767010947811917920e-02
8.767433272629820973e-02
8.767409249472339627e-02
8.766931312411929689e-02
8.765989975503872544e-02
8.764572024015107599e-02
8.762506653623675090e-02
8.759805273217534383e-02
8.756604817597291035e-02
8.752894501415989237e-02
8.748665389694401662e-02
8.743910342732200136e-02
8.738631561370877043e-02
8.732817296606656954e-02
8.726477094067104645e-02
8.719588146055329281e-02
8.712162020582121802e-02
8.704196483885576208e-02
8.695709215745953125e-02
8.686661042368823415e-02
8.677022472366652250e-02
8.666892815522408977e-02
8.656216503550107078e-02
8.644992335146067797e-02
8.633249463148091885e-02
8.620971023775680919e-02
8.608165819543565911e-02
8.594838370063995203e-02
8.580985291083530198e-02
8.566630748945841534e-02
8.551768493892746015e-02
8.536406657771053452e-02
8.520552172810286207e-02
8.504212425973772804e-02
8.487389731217309663e-02
8.470103395019253079e-02
8.452356695436882839e-02
8.434158807531710877e-02
8.415519433698076535e-02
8.396448793992666859e-02
8.376956848823677304e-02
8.357052827482443214e-02
8.336754823393210945e-02
8.316071595336888000e-02
8.295015890934359648e-02
8.273601066909486157e-02
8.251841055893180399e-02
8.229750354135517698e-02
8.207344016002102172e-02
8.184637649400994253e-02
8.161647409518735241e-02
8.138389989640647249e-02
8.114882608486041760e-02
8.091142993782565740e-02
8.067189361980735274e-02
8.043040394106164281e-02
8.018711863137911733e-02
7.994230390665094110e-02
7.969611934705064793e-02
7.944876760071864497e-02
7.920045412517551231e-02
7.895138677604882083e-02
7.870177536467548585e-02
7.845183118833327918e-02
7.820176653985805304e-02
7.795179420189696229e-02
7.770212693040039198e-02
7.745297693136637962e-02
7.720455533472771192e-02
7.695707166886553430e-02
7.671073333917552417e-02
7.646574511376702521e-02
7.622230862153520081e-02
7.598062186427140263e-02
7.574087874197546477e-02
7.550326859380940281e-02
7.526797575737426138e-02
7.503517914853580217e-02
7.480505186364536097e-02
7.457776080570364952e-02
7.435346633573150510e-02
7.413232195042381012e-02
7.391447398691308734e-02
7.370006135533262170e-02
7.348921529967752941e-02
7.328205918732866309e-02
7.307870832743874889e-02
7.287926981829986883e-02
7.268384242366293657e-02
7.249251647786081332e-02
7.230538766025576547e-02
7.212249829440162130e-02
7.194393099061335839e-02
7.176974228008922707e-02
7.159997975008422499e-02
7.143468257148352651e-02
7.127388161597578153e-02
7.111759958209007415e-02
7.096585113925343857e-02
7.081864309298080418e-02
7.067597457175273101e-02
7.053783723508105785e-02
7.040421550178203869e-02
7.027508679723470930e-02
7.015042181829747592e-02
7.003018481444778232e-02
6.991434159985204788e-02
6.980282794466065310e-02
6.969559858268573049e-02
6.959259606640544327e-02
6.949375793837431203e-02
6.939901508643311900e-02
6.930829630548364373e-02
6.922151729192377312e-02
6.913863623707151851e-02
6.901225230925747689e-02
6.876182362442989637e-02
6.863080437382509946e-02
6.844273840294297362e-02
6.828832297336903667e-02
6.812767000618638602e-02
6.797635577559299480e-02
6.783334860591941351e-02
6.769777722515821217e-02
6.756886369729195319e-02
6.744590689779866866e-02
6.732826897596901061e-02
6.721536352669937875e-02
6.710664524322507152e-02
6.700160085694303880e-02
6.689974119417385623e-02
6.680059420258954717e-02
-8.289799987470937437e-02
-8.312012533507985579e-02
-8.327424223682793059e-02
-8.337010951964082817e-02
-8.341550090455364386e-02
-8.341725856260989724e-02
-8.338131948273172500e-02
-8.331285641680068188e-02
-8.321641615113141432e-02
-8.309596791725228082e-02
-8.295499848773602025e-02
-8.279657541791354824e-02
-8.262340208583192347e-02
-8.246350063203006231e-02
-8.230170855075724656e-02
-8.213884891412924494e-02
-8.197576088873607947e-02
-8.181323882351784760e-02
-8.165200795477192686e-02
-8.149273133633959387e-02
-8.133601941516899192e-02
-8.118240599140993941e-02
-8.103235809248024446e-02
-8.088626822170864872e-02
-8.074448585824432756e-02
-8.060731042625407516e-02
-8.047499084676394687e-02
-8.034770300426813394e-02
-8.022567639660302397e-02
-8.010904595443250897e-02
-7.999798605402357043e-02
-7.989246655192309976e-02
-7.979258036185683800e-02
-7.969835803805766505e-02
-7.960980987831302313e-02
-7.952692722414568538e-02
-7.944969312436740705e-02
-7.937804788142643897e-02
-7.931194689025364286e-02
-7.925131863566578505e-02
-7.919608394180170652e-02
-7.914615414118282566e-02
-7.910142539809156270e-02
-7.906179138505356474e-02
-7.902712334787855009e-02
-7.899729438117961133e-02
-7.897216865681386255e-02
-7.895161066995001753e-02
-7.893546458816411149e-02
-7.892356658060883934e-02
-7.891575643605024115e-02
-7.891186588900180043e-02
-7.891171998960731793e-02
-7.891513778323461237e-02
-7.892193266926082751e-02
-7.893191261590629115e-02
-7.894489278217681205e-02
-7.896065546349233244e-02
-7.897899240879356630e-02
-7.899969433981809952e-02
-7.902254524612455089e-02
-7.904732369200333231e-02
-7.907380350138121239e-02
-7.910175419123649521e-02
-7.913094132081879839e-02
-7.916112683074530421e-02
-7.919206940524189942e-02
-7.922352487272465993e-02
-7.925524665151094383e-02
-7.928698624336483203e-02
-7.931849377518535027e-02
-7.934951858758591825e-02
-7.937980986784651249e-02
-7.940911732367059161e-02
-7.943719189319049800e-02
-7.946378648584126458e-02
-7.948865674791008584e-02
-7.951156184604030175e-02
-7.953226526133724827e-02
-7.955053558649112511e-02
-7.956614731802966189e-02
-7.957888163580573160e-02
-7.958852716187347909e-02
-7.959488069116729680e-02
-7.959774788671866719e-02
-7.959694393266818213e-02
-7.959229413888629923e-02
-7.958363449171082515e-02
-7.957080608926016263e-02
-7.955365554428479868e-02
-7.953209175459530211e-02
-7.950560014158168654e-02
-7.947507707950181299e-02
-7.944029138308461579e-02
-7.940266469074903910e-02
-7.936083947479030676e-02
-7.931427814522529207e-02
-7.926285348535838660e-02
-7.920651095257857932e-02
-7.914520622430214203e-02
-7.907890572877475377e-02
-7.900758690596319800e-02
-7.893122206142573483e-02
-7.884982255368755411e-02
-7.876340331447836962e-02
-7.867207750189263160e-02
-7.857571792277487366e-02
-7.847443924888070077e-02
-7.836830049083687300e-02
-7.825741882847554731e-02
-7.814174296181407298e-02
-7.802141684032065649e-02
-7.789652907861391307e-02
-7.776717570473805352e-02
-7.763345966006210408e-02
-7.749548818913251647e-02
-7.735344562244307609e-02
-7.720731799419729147e-02
-7.705729814664280530e-02
-7.690351595307887145e-02
-7.674610528431896617e-02
-7.658520365284718356e-02
-7.642095185829465842e-02
-7.625349366818075236e-02
-7.608297553446265182e-02
-7.590954634600163842e-02
-7.573335721655538588e-02
-7.555456130764512390e-02
-7.537330765835821567e-02
-7.518977345272305490e-02
-7.500415229786709659e-02
-7.481649231213119422e-02
-7.462701853321215828e-02
-7.443589439987266521e-02
-7.424328495935622607e-02
-7.404935689002595245e-02
-7.385427849282233392e-02
-7.365821967227689782e-02
-7.346135190302410800e-02
-7.326384817902389934e-02
-7.306588294321131327e-02
-7.286763199540134683e-02
-7.266927237665582462e-02
-7.247098222848909199e-02
-7.227294062582741152e-02
-7.207532738323609023e-02
-7.521524558525599646e-02
-7.833596726541455779e-02
-8.143948840770554032e-02
-8.452746609696154545e-02
-8.760127237873512052e-02
-9.066204062584244661e-02
-9.371070471578989147e-02
-9.674803194398370887e-02
-9.977465055632787905e-02
-1.027910727088737486e-01
-1.057977135720534340e-01
-1.087949072045152205e-01
-1.117829197333676805e-01
-1.147619602969986302e-01
-1.177321901349336064e-01
-1.206937301465989543e-01
-1.236466671871016693e-01
-1.265910593232250636e-01
-1.295269402351952870e-01
-1.324543229120520860e-01
-1.353732027612301603e-01
-1.382835602350359072e-01
-1.411853630577641627e-01
-1.440785681216174563e-01
-1.469631231069386812e-01
-1.498389678641449674e-01
-1.527060357010356917e-01
-1.555642541830318248e-01
-1.584135462483325929e-01
-1.612538309093138333e-01
-1.640850239249517228e-01
-1.669070383850665973e-01
-1.697197852180636901e-01
-1.725231736321058418e-01
-1.753171114982118584e-01
-1.781015056826827370e-01
-1.808762623353558641e-01
-1.836412871394887403e-01
-1.863964855284377942e-01
-1.891417628739210655e-01
-1.918770246501457499e-01
-1.946021630719048934e-01
-1.973171333396100124e-01
-2.000217789409418079e-01
-2.027160407608207537e-01
-2.053998203757897711e-01
-2.080730264274466002e-01
-2.107355684373869442e-01
-2.133873568956133615e-01
-2.160283033578470069e-01
-2.186583205142371700e-01
-2.212773223578909654e-01
-2.238852242389587910e-01
-2.264819764833967963e-01
-2.290674158776863367e-01
-2.316415239722450226e-01
-2.342042095972453886e-01
-2.382372195582866947e-01
-2.406525307503417088e-01
-2.430864792226936910e-01
-2.455074388863711099e-01
-2.479155278123229555e-01
-2.503111367260749676e-01
-2.526942860682179215e-01
-2.550654875510218744e-01
-2.574247074018293224e-01
-2.597720708144446444e-01
-2.621095693086799572e-01
-2.644328072426330722e-01
-2.643415681176012333e-01
-2.642516516463228049e-01
-2.641630839156505761e-01
-2.640758623926099391e-01
-2.639899558901361853e-01
-2.639052767362620178e-01
-2.638188776971052141e-01
-2.637175783156950892e-01
-2.636173756306632310e-01
-2.635177557683158756e-01
-5.139747670295523319e-02
-5.145160387181567374e-02
-5.150587715382316800e-02
-5.155993299647582129e-02
-5.161337955879061190e-02
-5.166707233584631742e-02
-5.172097712576685657e-02
-5.177507286802342928e-02
-5.182935102127171623e-02
-5.188379690533499733e-02
-5.193836947509181123e-02
-5.199309111985930820e-02
-5.204791662689756127e-02
-5.210284007419657692e-02
-5.215780647438297141e-02
-5.221277794388942683e-02
-5.226775038926639860e-02
-5.232270320463518892e-02
-5.237761355737006325e-02
-5.243246085639947929e-02
-5.248721999896727164e-02
-5.254187510840544612e-02
-5.259640553055019985e-02
-5.265079269083890873e-02
-5.270501873168240148e-02
-5.275906640752461157e-02
-5.281289996381884760e-02
-5.286654783884329328e-02
-5.291997299145075051e-02
-5.297314100628791600e-02
-5.302608641213600593e-02
-5.307876978113422461e-02
-5.313118554567562712e-02
-5.318330770942395619e-02
-5.323514524197087150e-02
-5.328672881766934044e-02
-5.333804573459996479e-02
-5.338907901928016675e-02
-5.343986006904098696e-02
-5.349038444432889505e-02
-5.354069271480114967e-02
-5.359080330272901482e-02
-5.364074745604594657e-02
-5.369056408247516177e-02
-5.374029776395787550e-02
-5.378999848486924751e-02
-5.383972124725479314e-02
-5.388952558724997843e-02
-5.393947501156449997e-02
-5.398963637556536410e-02
-5.404007889638283435e-02
-5.409088072903923960e-02
-5.414209789827039571e-02
-5.419382336512541809e-02
-5.424611840778575944e-02
-5.429904359819813509e-02
-5.435273009263987681e-02
-5.440714719619682560e-02
-5.446241666401434312e-02
-5.451859555609163410e-02
-5.457568418614244798e-02
-5.463393074540741357e-02
-5.469340256913048093e-02
-5.475402509865853751e-02
-5.481587172849950590e-02
-5.487908883836455781e-02
-5.494354764292985749e-02
-5.500938853142042784e-02
-5.507665913689441944e-02
-5.514540376432842950e-02
-5.521566502553802713e-02
-5.528747736686515091e-02
-5.536089745775959331e-02
-5.543594652080376800e-02
-5.551267829996031633e-02
-5.559111323175791597e-02
-5.567129660997281737e-02
-5.575327102525454159e-02
-5.583705666594876438e-02
-5.592269903699459421e-02
-5.601023522781653496e-02
-5.609970961115486043e-02
-5.619114567292780860e-02
-5.628479315539608452e-02
-5.639381551461567638e-02
-5.650617303414273707e-02
-5.661786605302443487e-02
-5.672880086082788403e-02
-5.683888983502090320e-02
-5.694805433423751062e-02
-5.705622501754709086e-02
-5.716334212209586013e-02
-5.726935566559529511e-02
-5.737422555831710180e-02
-5.747792162275924821e-02
-5.758042352914384543e-02
-5.768172066218413274e-02
-5.778180508752990552e-02
-5.788071338228892304e-02
-5.797844071581215175e-02
-4.237290427449137420e-01
-4.225970921416408732e-01
-4.223659190891892456e-01
-4.224403317474895170e-01
-4.225135598335297282e-01
-4.225858914561972379e-01
-4.226573903088822193e-01
-4.227282708543423917e-01
-4.227985405258796736e-01
-4.228682084277962661e-01
-4.229372515123813181e-01
-4.230056213429205236e-01
-4.230732496586983582e-01
-4.231400870979042383e-01
-4.232059330735704616e-01
-4.232707994836682475e-01
-4.233345356740825793e-01
-4.233970283438561744e-01
-4.234581757018174297e-01
-4.235178704466309174e-01
-4.235759916037300510e-01
-4.236324313019133037e-01
-4.236870688863439982e-01
-4.237399031573865216e-01
-4.237907597793524328e-01
-4.237313511271583732e-01
-4.237855560907451968e-01
-4.238434275292183862e-01
-4.239016525622325005e-01
-4.239587514408713065e-01
-4.240138059102346313e-01
-4.240662665924519459e-01
-4.241054715716261470e-01
-4.241518805945485582e-01
-4.241952883456056589e-01
-4.242355226751143848e-01
-4.242727734028567954e-01
-4.243070890613107604e-01
-4.243385617374612062e-01
-4.243673139296045838e-01
-4.243935130935304612e-01
-4.244173358354169645e-01
-4.244389983124003396e-01
-4.244587454949048100e-01
-4.244768491582240899e-01
-4.244936049399204991e-01
-4.245093284893289853e-01
-4.245243508228379037e-01
-4.245390394756742292e-01
-4.245536614475219350e-01
-4.245686486978319518e-01
-4.245843042639483311e-01
-4.246009545575685218e-01
-4.246189102055569764e-01
-4.246384626929704531e-01
-4.246598819793464541e-01
-4.246834151390540546e-01
-4.247092860021393634e-01
-4.247376957156709931e-01
-4.247688240993571784e-01
-4.247969422687917218e-01
-4.248330315144370761e-01
-4.248719685953838976e-01
-4.249139092584183763e-01
-4.249591989194596575e-01
-4.250079394699024515e-01
-4.250602140781579719e-01
-4.251161288569660912e-01
-4.251757780234329265e-01
-4.252392566969264154e-01
-4.253066617949232131e-01
-4.254285460261438834e-01
-4.254937496393588203e-01
-4.255622543085876841e-01
-4.256336322941179917e-01
-4.257076944967532750e-01
-4.257842696964617701e-01
-4.258632036297676504e-01
-4.259443466032289960e-01
-4.260274834268706901e-01
-4.261124094186797273e-01
-4.261989647868519304e-01
-4.262869172933598794e-01
-4.263761122102062151e-01
-4.264663272277035566e-01
-4.265573848786548550e-01
-4.266491167695854458e-01
-4.267413696161547199e-01
-4.268339464785468884e-01
-4.269267346794519136e-01
-4.270196122249748649e-01
-4.271124769188387460e-01
-4.272052649048370676e-01
-4.272978762566421729e-01
-4.273903035102832870e-01
-4.274825485998387520e-01
-4.275746402019513503e-01
-4.276666398980756845e-01
-4.277580171470827253e-01
-4.278501045560439975e-01
-4.344948897936826704e-01
-4.345803238177526340e-01
-4.346804409455659601e-01
-4.347746873105938215e-01
-4.348655300034082738e-01
-4.349823306896739572e-01
-4.350741069023036922e-01
-4.351629752317447974e-01
-4.352491627361483317e-01
-4.353327977349664701e-01
-4.354165434455287698e-01
-4.355003267549326651e-01
-4.355840725639319455e-01
-4.356674976993469839e-01
-4.357503768600831107e-01
-4.358325548607185351e-01
-4.359137443231315134e-01
-4.359938513383691538e-01
-4.360726826873621564e-01
-4.361500822661388277e-01
-4.362259036248278821e-01
-4.362999673153732938e-01
-4.363722281308520246e-01
-4.364425650451230210e-01
-4.365107801201004167e-01
-4.364254326117839033e-01
-4.364834696160826977e-01
-4.365403643793370758e-01
-4.366022004009533775e-01
-4.366665898533555468e-01
-4.367318568628049125e-01
-4.367967284678758166e-01
-4.368603278812770996e-01
-4.369218109636602287e-01
-4.369806870242790575e-01
-4.370365596015141629e-01
-4.370891464236678625e-01
-4.371382466504593056e-01
-4.371740655046800761e-01
-4.372155750528411433e-01
-4.372546997277387826e-01
-4.372914997361893041e-01
-4.373261413147609966e-01
-4.373587190583916873e-01
-4.373893307858845447e-01
-4.374180889278829198e-01
-4.374451226738468312e-01
-4.374705832637243996e-01
-4.374946490189263182e-01
-4.375175202416835551e-01
-4.375394310718183633e-01
-4.375606470097099798e-01
-4.375814644281529331e-01
-4.376022085766197445e-01
-4.376232301321934526e-01
-4.376449004260425935e-01
-4.376676055518079478e-01
-4.376917396163785834e-01
-4.377176974226073547e-01
-4.377458668776402773e-01
-4.377766277618460045e-01
-4.378103026885127869e-01
-4.378472500353695063e-01
-4.378877431187476743e-01
-4.379320311705182101e-01
-4.379803122770734025e-01
-4.380327469069479340e-01
-4.380894281858047079e-01
-4.381504179869818438e-01
-4.382157678769966758e-01
-4.382853283085537677e-01
-4.383589739591245982e-01
-4.384366298678306073e-01
-4.385180418438858752e-01
-4.386029639278773429e-01
-4.386911020406772388e-01
-4.387821176280506941e-01
-4.388756587859120040e-01
-4.389713395520616901e-01
-4.390687537618025438e-01
-4.391679955968366689e-01
-4.392688534115751220e-01
-4.393707767751476312e-01
-4.394732376069342972e-01
-4.395757045572398769e-01
-4.396776589573008209e-01
-4.397785999813154101e-01
-4.398780492612062720e-01
-4.399755549841615210e-01
-4.400706955084827121e-01
-4.401630825184113527e-01
-4.402523637302389603e-01
-4.403382251582099172e-01
-4.404203929477943369e-01
-4.404986347842891337e-01
-4.405691420567509065e-01
-4.406216974266404796e-01
-4.408284405997477395e-01
-4.412572254871539035e-01
-4.413379669543158745e-01
-8.259548117190642635e-01
-8.259946886400881816e-01
-8.260232303221408667e-01
-8.260569616616789679e-01
-8.261033157720275577e-01
-8.261329296015393897e-01
-8.261850939953357953e-01
-8.262109323164215091e-01
-8.262639363601499420e-01
-8.263156317708085785e-01
-8.263361556015396125e-01
-8.263882252801307837e-01
-8.264575136307206193e-01
-8.265086002504171692e-01
-8.265709953681044109e-01
-8.266194381840271665e-01
-8.266674771465731819e-01
-8.267149381030037825e-01
-8.267617089042225142e-01
-8.268076757775264518e-01
-8.268527360794609704e-01
-8.268967967356815052e-01
-8.269397746202074018e-01
-8.269815836883985805e-01
-8.270221802110157006e-01
-8.270614935021112224e-01
-8.270994719992650346e-01
-8.271360713803279641e-01
-8.271712543860365585e-01
-8.272049906688645482e-01
-8.272372564674874695e-01
-8.272680330005394156e-01
-8.272972984021693676e-01
-8.273250765376168880e-01
-8.273513556196570029e-01
-8.273761443993941089e-01
-8.273994577757903812e-01
-8.274213166615707049e-01
-8.274417478360887035e-01
-8.274607836339868960e-01
-8.274784467442761748e-01
-8.274948089945548535e-01
-8.275099072738761885e-01
-8.275237935447719018e-01
-8.275365258508827759e-01
-8.275481666293555971e-01
-8.275587823960066647e-01
-8.275684434528418620e-01
-8.275772236460571252e-01
-8.275852001124629487e-01
-8.275924530128820900e-01
-8.275990652514132462e-01
-8.276051221796983937e-01
-8.276107112858699377e-01
-8.276159218686089947e-01
-8.276208446974503419e-01
-8.276255716613907243e-01
-8.276301954088322033e-01
-8.276348089825258381e-01
-8.276395054540286456e-01
-8.276443775625477173e-01
-8.276495173633646729e-01
-8.276550158911948341e-01
-8.276609792866846949e-01
-8.276674625269291319e-01
-8.276745684589310592e-01
-8.276823810626414701e-01
-8.276909820797411221e-01
-8.277004507893179763e-01
-8.277108638986245825e-01
-8.277222954522586162e-01
-8.277348328891782625e-01
-8.277485118600537151e-01
-8.277634149864649959e-01
-8.277796054536448178e-01
-8.277971438653459746e-01
-8.278161044667066149e-01
-8.278365096329014516e-01
-8.278584302954966612e-01
-8.278819354168470701e-01
-8.279070383409147249e-01
-8.279338064758974269e-01
-8.279623039074164303e-01
-8.279925386497242190e-01
-8.280245750961920947e-01
-8.280584705809725943e-01
-8.280942356894118728e-01
-8.281319405346286855e-01
-8.281715991505421703e-01
-8.282132694416424190e-01
-8.282569789707767693e-01
-8.283027583628739254e-01
-8.283506676067968755e-01
-8.284007229073292455e-01
-8.284530552249624868e-01
-8.285076061972638239e-01
-8.285643768458759162e-01
-8.286234776085660281e-01
-8.286848850852192028e-01
-8.287485948418811255e-01
-8.288146830202658411e-01
-8.288831101284915848e-01
-8.289539100289418094e-01
-8.290270853491330527e-01
-8.291026322920280744e-01
-8.291805399977210111e-01
-8.292607901000009774e-01
-8.293433564417360682e-01
-8.294275569716711427e-01
-8.295147286124966435e-01
-8.296039907279921799e-01
-8.296953713571038058e-01
-8.297887759511306527e-01
-8.298841562848440212e-01
-8.299813996772000824e-01
-8.300803973736873287e-01
-8.301810327592799021e-01
-8.302831780576893639e-01
-8.303866964843160670e-01
-8.304914424410518858e-01
-8.305958175475699479e-01
-8.307035756993497166e-01
-8.308221719329866861e-01
-8.309424173834114580e-01
-8.310636769900809906e-01
-8.311858242820142628e-01
-8.313087323048149457e-01
-8.314322733366358298e-01
-8.315563191558079659e-01
-8.316807416986278234e-01
-8.318054139523315405e-01
-8.319302109760216002e-01
-8.320550109718688470e-01
-8.321796963567648087e-01
-8.323041548008757173e-01
-8.324282801394521369e-01
-8.325519735780572139e-01
-8.326751443532315333e-01
-8.327977094475790265e-01
-8.329195986145716546e-01
-8.330407364748015908e-01
-8.331610623590426368e-01
-8.332805240835552407e-01
-8.333990774434064663e-01
-8.335166854798907732e-01
-8.336333175325965072e-01
-8.337489480993142132e-01
-8.338635555299227509e-01
-8.339771205304424839e-01
-8.340896246135123260e-01
-8.342010486183926155e-01
-8.343113710835184937e-01
-8.344205665197839128e-01
-8.345286026778275801e-01
-8.346354521739103305e-01
-8.347411396878806622e-01
-8.348456502204280039e-01
-8.349488504810305134e-01
-8.350506263057699829e-01
-8.351508765821129554e-01
-8.352495508469881536e-01
-8.353464682097457850e-01
-8.354416633151839910e-01
-8.355350172493141159e-01
-8.356264476601722446e-01
-8.357158826613995117e-01
-8.358031804497176864e-01
-8.358882382212906581e-01
-8.359709391029455094e-01
-8.360511574159961157e-01
-8.361287461364321771e-01
-8.362038548573403896e-01
-8.362758921688014935e-01
-8.363448080598494538e-01
-8.363981121051962120e-01
-8.364602108186283136e-01
-8.151662580532321734e-01
-8.144623064697794623e-01
-8.137585151020670926e-01
-8.130580587623156275e-01
-8.124115857957389109e-01
-8.117772237480893605e-01
-8.111891556623203048e-01
-8.106308534597077564e-01
-8.101092483148072398e-01
-8.096208405137632624e-01
-8.091603097350547058e-01
-8.087207012511729021e-01
-8.082936962672879755e-01
-8.078699431868355818e-01
-8.074394340156929584e-01
-8.069919139672658837e-01
-8.065173148264161984e-01
-8.060062039589239724e-01
-8.054502405340374649e-01
-8.048426285124117285e-01
-8.043076683579641895e-01
-8.059381801299342341e-01
-8.075114260112983278e-01
-8.090051970033986795e-01
-8.103988119052728534e-01
-8.116739184272347973e-01
-8.128152955770377996e-01
-8.138115889489778709e-01
-8.146559032951070645e-01
-8.153461810397203413e-01
-8.158853115103490428e-01
-8.162809431355944056e-01
-8.165449645580737936e-01
-8.166926025519799515e-01
-8.167412448641500067e-01
-8.167092261762614047e-01
-8.166146924966664056e-01
-8.164745580030772221e-01
-8.163035624036220073e-01
-8.161134293061220735e-01
-8.159121199176093686e-01
-8.157031733621745717e-01
-8.154851247780634527e-01
-8.152509949226415253e-01
-8.149878495706084358e-01
-8.146764342759357236e-01
-8.142908997166505847e-01
-8.137986446904788007e-01
-8.131603245356963106e-01
-8.123300816745147035e-01
-8.112560589324496751e-01
-8.098812658641552087e-01
-8.081448698751958482e-01
-8.059839707205486148e-01
-8.033358814366594602e-01
-8.001408735536457151e-01
-7.963452485827755556e-01
-7.919044846625311607e-01
-7.867861097370368872e-01
-7.809719172825040356e-01
-7.746580666238426227e-01
-7.725352308430949444e-01
-7.720466498561805446e-01
-7.711703958492375222e-01
-7.699153827575611064e-01
-7.682967404856972937e-01
-7.663340714616713178e-01
-7.640514455118629922e-01
-7.614773473663399850e-01
-7.586445848158049898e-01
-7.555901670199397513e-01
-7.523551601313316350e-01
-7.489845242098048805e-01
-7.455269320781253706e-01
-7.420345677780726401e-01
-7.385628998218050079e-01
-7.351704224327190174e-01
-7.319183561144342320e-01
-7.288702964373380278e-01
-7.260917955940153767e-01
-7.236498534293801521e-01
-7.216122816681969088e-01
-7.200468856785180449e-01
-7.190203819701427301e-01
-7.185969375473804099e-01
-7.188361835803920297e-01
-7.197905327242928308e-01
-7.215016399127769375e-01
-7.239959279317230711e-01
-7.272793315708034889e-01
-7.313224141836617287e-01
-7.360510317475317255e-01
-7.413534962628690606e-01
-7.470904944978777884e-01
-7.531060769292747814e-01
-7.592413725644994171e-01
-7.653482753354833301e-01
-7.713005644170741748e-01
-7.770010684308775728e-01
-7.823848375542863387e-01
-7.874192394913893667e-01
-1.165849290022287654e+00
-1.166965459463662036e+00
-1.168197111153911560e+00
-1.167080604878163008e+00
-1.131098836573086297e+00
-1.122763964354471344e+00
-1.114857683750269501e+00
-1.107009675881664990e+00
-1.099247988495823281e+00
-1.091702228461238766e+00
-1.084545642059881354e+00
-1.077369202149151439e+00
-1.070870196835270072e+00
-1.064730259466686757e+00
-1.058928761322369239e+00
-1.053451015418654046e+00
-1.048282443034370459e+00
-1.043409953499408349e+00
-1.038671200823269913e+00
-1.034361755026396823e+00
-1.030777149876676235e+00
-1.028761028550018830e+00
-1.026819536531316635e+00
-1.024968222683634522e+00
-1.023219752624003442e+00
-1.021586104618282587e+00
-1.020076936359181952e+00
-1.018699986711006700e+00
-1.017461114283769286e+00
-1.016364371919687759e+00
-1.015412109782664718e+00
-1.014605435299670289e+00
-1.013942989928241944e+00
-1.013423179422189513e+00
-1.013042913420559188e+00
-1.012798119159875165e+00
-1.012683891511469536e+00
-1.011623930395150195e+00
-1.011937636888383008e+00
-1.012332106180671154e+00
-1.012803696503859374e+00
-1.013347914417406681e+00
-1.013959529271543980e+00
-1.014632858635173829e+00
-1.015361899349408237e+00
-1.016140439660318195e+00
-1.016962015419981658e+00
-1.017820615055413658e+00
-1.018709486235945594e+00
-1.019622391967314412e+00
-1.020553047264617152e+00
-1.021495126750245452e+00
-1.022442910609185684e+00
-1.023390064994672777e+00
-1.024330852185115326e+00
-1.025259420170310243e+00
-9.733716900401134797e-01
-9.735844438157397196e-01
-9.641052361936459647e-01
-9.644500835514583370e-01
-9.607511237485448774e-01
-9.559205431440066514e-01
-9.527251374017263741e-01
-9.487380378343394094e-01
-9.493484755713593737e-01
-9.479963158006866619e-01
-9.476243650127159635e-01
-9.474353545097267126e-01
-9.470978212989372702e-01
-9.472161368806429893e-01
-9.473909500969016628e-01
-9.484915674183468370e-01
-9.491971288070651935e-01
-9.505823203129033505e-01
-9.521013937928942683e-01
-9.556325604317958966e-01
-9.560098974157545948e-01
-9.534013496674662580e-01
-9.503849341512562443e-01
-9.541688712843544584e-01
-9.510809101953370259e-01
-9.477290461347975814e-01
-9.529720493355874344e-01
-9.505029933329833813e-01
-9.480866462871981870e-01
-9.459365045682143203e-01
-9.451286408483905443e-01
-9.543831987367903391e-01
-9.669650165369527706e-01
-9.576345302474569277e-01
-9.444803001959758415e-01
-9.316727487953675446e-01
-9.193604002931599073e-01
-9.076517790812395070e-01
-8.966361804663024460e-01
-8.863716497149087825e-01
-8.768939352762777917e-01
-8.682692327135395072e-01
-8.605656486252837301e-01
-8.537966622494472801e-01
-8.479216440277508315e-01
-6.327462184100107745e-01
-6.346867770458827218e-01
-6.367058426223834999e-01
-6.398191776461596980e-01
-6.522645755990290617e-01
-6.644194707040956827e-01
-6.895933081526970376e-01
-7.353688068958794677e-01
-7.619140136705737643e-01
-7.808210192492390789e-01
-7.987446826415288692e-01
-8.155779666213835988e-01
-8.311946926272379965e-01
-8.455045179068580996e-01
-8.584594673584696745e-01
-8.700370677750993709e-01
-8.802642484166485204e-01
-8.891816948936379639e-01
-8.968521912209759250e-01
-9.033474566227222002e-01
-9.087484272657858630e-01
-9.131410135851750765e-01
-9.166084167928697513e-01
-9.192335804415295852e-01
-9.210960059267316868e-01
-9.222696458526319363e-01
-9.228260978186597630e-01
-9.228373265911370416e-01
-9.231356776080298365e-01
-9.242127486686788629e-01
-9.249294410156959634e-01
-9.253467172316360845e-01
-9.255196209479694680e-01
-9.254962181620648431e-01
-9.253205024427926251e-01
-9.250302094897839833e-01
-9.246566393833652864e-01
-9.242271651376748887e-01
-9.222355396585378839e-01
-9.193932207071615625e-01
-9.166551396312050404e-01
-9.142118849420614035e-01
-9.120480662567211905e-01
-9.101482123507413924e-01
-9.084969444496187041e-01
-9.070790956446861397e-01
