-2.000071131722372733e-02
-2.000284526889490461e-02
-2.000640185501353224e-02
-2.001138107557961371e-02
-2.001778293059314554e-02
-2.002560742005413119e-02
-2.003485454396256721e-02
-2.004552430231845359e-02
-2.005761669512179379e-02
-2.007113172237258436e-02
-2.008602457438464495e-02
-2.010225044147179521e-02
-2.011980932363403515e-02
-2.013870122087136130e-02
-2.015892613318377713e-02
-2.018048406057128263e-02
-2.020337500303387435e-02
-2.022759896057155574e-02
-2.025315593318432680e-02
-2.028004592087218755e-02
-2.030828775359291502e-02
-2.033790026130429321e-02
-2.036888344400632211e-02
-2.040123730169900174e-02
-2.043496183438233207e-02
-2.047005704205631313e-02
-2.050652292472094143e-02
-2.054435948237622045e-02
-2.058356671502215018e-02
-2.062414462265873064e-02
-2.066607567469058368e-02
-2.070934234052233119e-02
-2.075394462015396971e-02
-2.079988251358550269e-02
-2.084715602081693014e-02
-2.089576514184825207e-02
-2.094570987667946499e-02
-2.099699022531057238e-02
-2.104960618774157424e-02
-2.110355776397247057e-02
-2.115882164285120409e-02
-2.121537451322571752e-02
-2.127321637509601432e-02
-2.133234722846209103e-02
-2.139276707332394764e-02
-2.145447590968158416e-02
-2.151747373753500406e-02
-2.158176055688420386e-02
-2.164733636772918357e-02
-2.171420117006994666e-02
-2.178233712594359467e-02
-2.185172639738723957e-02
-2.192236898440087789e-02
-2.199426488698450963e-02
-2.206741410513813478e-02
-2.214181663886175683e-02
-2.221747248815537229e-02
-2.229438165301898117e-02
-2.237254413345258347e-02
-2.245195992945618266e-02
-2.253261644238134520e-02
-2.261450107357964798e-02
-2.269761382305109099e-02
-2.278195469079567076e-02
-2.286752367681339076e-02
-2.295432078110425100e-02
-2.304234600366825148e-02
-2.313159934450538871e-02
-2.322208080361566618e-02
-2.331379038099908388e-02
-2.340671563140230352e-02
-2.350084410957199374e-02
-2.359617581550815454e-02
-2.369271074921078246e-02
-2.379044891067988096e-02
-2.388939029991545004e-02
-2.398953491691748624e-02
-2.409088276168599302e-02
-2.419343383422097038e-02
-2.429718813452241485e-02
-2.440212688831588927e-02
-2.450823132132695648e-02
-2.461550143355561299e-02
-2.472393722500185881e-02
-2.483353869566569741e-02
-2.494430584554712532e-02
-2.505623867464614601e-02
-2.516933718296275602e-02
-2.528360137049695533e-02
-2.539903123724874742e-02
-2.551559507164487262e-02
-2.563326116211207123e-02
-2.575202950865034673e-02
-2.587190011125969913e-02
-2.599287296994012494e-02
-2.611494808469162765e-02
-2.623812545551420725e-02
-2.636240508240786026e-02
-2.648778696537259017e-02
-2.661427110440839697e-02
-2.674180623328193188e-02
-2.687034108575984612e-02
-2.699987566184214316e-02
-2.713040996152882300e-02
-2.726194398481988218e-02
-2.739447773171532416e-02
-2.752801120221514894e-02
-2.766254439631935652e-02
-2.779807731402794344e-02
-2.793460995534091315e-02
-2.807206441028894245e-02
-2.821036276890271158e-02
-2.834950503118222401e-02
-2.848949119712747627e-02
-2.863032126673846836e-02
-2.877199524001520028e-02
-2.891451311695767204e-02
-2.905787489756588710e-02
-2.920208058183984198e-02
-2.934713016977953670e-02
-2.949291192028081696e-02
-2.963931409223953192e-02
-2.978633668565568160e-02
-2.993397970052926252e-02
-3.008224313686027815e-02
-3.023112699464872849e-02
-3.038063127389461007e-02
-3.053075597459792637e-02
-3.068150109675867737e-02
-3.083286664037685962e-02
-3.098470200211529343e-02
-3.113685657863679568e-02
-3.128933036994136635e-02
-3.144212337602900198e-02
-3.159523559689970257e-02
-3.174866703255347505e-02
-3.190241768299031250e-02
-3.205648754821021490e-02
-3.221087662821318920e-02
-3.236558492299922846e-02
-3.252041889718243484e-02
-3.267518501537690356e-02
-3.282988327758262770e-02
-3.298451368379961418e-02
-3.313907623402786301e-02
-3.329357092826737419e-02
-3.344799776651814771e-02
-3.360235674878018358e-02
-3.375664787505348180e-02
-3.391087114533804237e-02
-3.406480088169166337e-02
-3.421821140617214291e-02
-3.437110271877948098e-02
-3.452347481951367758e-02
-3.467532770837473272e-02
-3.482666138536264638e-02
-3.497747585047741858e-02
-3.512777110371904932e-02
-3.527754714508753858e-02
-3.542680397458288638e-02
-3.557530218793639176e-02
-3.572280238087935378e-02
-3.586930455341177937e-02
-3.601480870553366159e-02
-3.615931483724500045e-02
-3.630282294854579594e-02
-3.644533303943604807e-02
-3.658684510991576377e-02
-3.672735915998493611e-02
-3.686687518964356508e-02
-3.700516406021654714e-02
-3.714199663302876486e-02
-3.727737290808022519e-02
-3.741129288537092812e-02
-3.754375656490087365e-02
-3.767476394667006179e-02
-3.780431503067849253e-02
-3.793240981692616587e-02
-3.805904830541308181e-02
-3.818423049613924036e-02
-3.830776986823879182e-02
-3.842947990084587956e-02
-3.854936059396050357e-02
-3.866741194758266387e-02
-3.878363396171236738e-02
-3.889802663634960717e-02
-3.901058997149438323e-02
-3.912132396714670252e-02
-3.923022862330655808e-02
-3.933730393997394992e-02
-3.944245102331377789e-02
-3.954557097949092798e-02
-3.964666380850540017e-02
-3.974572951035719448e-02
-3.984276808504631090e-02
-3.993777953257275637e-02
-4.003076385293652395e-02
-4.012172104613761364e-02
-4.021065111217602545e-02
-4.029755405105175936e-02
-4.038247809870623706e-02
-4.046547149108086633e-02
-4.054653422817565411e-02
-4.062566630999060041e-02
-4.070286773652569828e-02
-4.077813850778095467e-02
-4.085147862375636263e-02
-4.092288808445192910e-02
-4.099236688986764715e-02
-4.105991504000352371e-02
-4.112577892616935821e-02
-4.119020493967495700e-02
-4.125319308052032008e-02
-4.131474334870544746e-02
-4.137485574423034607e-02
-4.143353026709500897e-02
-4.149076691729943617e-02
-4.154656569484362766e-02
-4.160092659972758344e-02
-4.165384963195130352e-02
-4.170589284785426037e-02
-4.175761430377591954e-02
-4.180901399971628102e-02
-4.186009193567534481e-02
-4.191084811165311091e-02
-4.196128252764957933e-02
-4.201139518366475006e-02
-4.206118607969862311e-02
-4.211065521575119847e-02
-4.215980259182247614e-02
-4.353573723432874881e-02
-4.356815491933403034e-02
-4.358300831155850069e-02
-4.358211052887525638e-02
-4.358123471776488567e-02
-4.358035157416529498e-02
-4.357946780046924318e-02
-4.357858341891168719e-02
-4.357769832688399014e-02
-4.357681240707322184e-02
-4.357592879604930275e-02
-4.357504723469177860e-02
-4.357416403396300458e-02
-4.357327903946760228e-02
-4.357239207957412652e-02
-4.357150297953400753e-02
-4.357061156367932064e-02
-4.356971765736721014e-02
-4.356882429480263969e-02
-4.356793092824370883e-02
-4.356703380737718401e-02
-4.356613276404143476e-02
-4.356523101776067081e-02
-4.356432757287840435e-02
-4.356342266263875385e-02
-4.356251511155317946e-02
-4.356159779931866038e-02
-4.356067095850217619e-02
-4.355973728533819866e-02
-4.355879728899092473e-02
-4.355785092913321693e-02
-4.355689823502802149e-02
-4.355594165196682160e-02
-4.355498492577693226e-02
-4.355402309235629349e-02
-4.355305615235815359e-02
-4.355208414639855086e-02
-4.355110710163435928e-02
-4.355013241666547130e-02
-4.354915313195149851e-02
-4.354816932007062047e-02
-4.354718104826117014e-02
-4.354618836265590487e-02
-4.354519130073290084e-02
-4.354418989895117442e-02
-4.354318419404087925e-02
-4.354217422309671764e-02
-4.354116002323026036e-02
-4.354014163106392776e-02
-4.353911908217428239e-02
-4.353809241052286616e-02
-4.353706513921006688e-02
-4.353603713937093111e-02
-4.353500510984922162e-02
-4.353396910686064408e-02
-4.353292916286283926e-02
-4.353188528418324571e-02
-4.353083746092979017e-02
-4.352978567111560199e-02
-4.352872988232218965e-02
-4.352767005232784092e-02
-4.352660612931279205e-02
-4.352553805092836126e-02
-4.352446574150238556e-02
-4.352338911558745194e-02
-4.352230807644409671e-02
-4.352122251527247576e-02
-4.352013231093194989e-02
-4.351903732996952739e-02
-4.351793742684345601e-02
-4.351683244427236030e-02
-4.351572221366386412e-02
-4.351460314396651125e-02
-4.351347858479115427e-02
-4.351234483914045298e-02
-4.351120523852190780e-02
-4.351005954864579223e-02
-4.350890751320649064e-02
-4.350774888145943209e-02
-4.350658339950613102e-02
-4.350541080699556890e-02
-4.350423083617963732e-02
-4.350304320474546876e-02
-4.350184761577116643e-02
-4.350064377115482606e-02
-4.349943136885896233e-02
-4.349821010164021257e-02
-4.349697965670997618e-02
-4.349573971594462851e-02
-4.349448351434152815e-02
-4.349321694137398692e-02
-4.349194045015695315e-02
-4.349065364261264083e-02
-4.348935613962321561e-02
-4.348804758343523258e-02
-4.348672762516390261e-02
-4.348538830862471588e-02
-4.348403795768070179e-02
-4.348267630962771024e-02
-4.348130295793788819e-02
-4.347991753346477223e-02
-4.347851968196957129e-02
-4.347710903184950210e-02
-4.347568563652615126e-02
-4.347425115496769688e-02
-4.347280504233124593e-02
-4.347134714711999026e-02
-4.346987310801245230e-02
-4.346837797704819484e-02
-4.346686752870586312e-02
-4.346534145965108564e-02
-4.346379459320440231e-02
-4.346222670845986680e-02
-4.346064092426613068e-02
-4.345903686491740109e-02
-4.345741413343073151e-02
-4.345577234524260202e-02
-4.345411112842030577e-02
-4.345242579642975833e-02
-4.345071622157163638e-02
-4.344898565740275970e-02
-4.344723379937075192e-02
-4.344546023864379047e-02
-4.344366452793567424e-02
-4.344184623820200597e-02
-4.344000496298328073e-02
-4.343814032024728711e-02
-4.343625195274809780e-02
-4.343433952749464061e-02
-4.343240273469940738e-02
-4.343044128644407698e-02
-4.342845491520670037e-02
-4.342644324677685103e-02
-4.342440173711950568e-02
-4.342233405788751416e-02
-4.342023593679013305e-02
-4.341811085630700034e-02
-4.341595852222741858e-02
-4.341377866943492425e-02
-4.341157105816215861e-02
-4.340933547164185780e-02
-4.340707171375290940e-02
-4.340477947108264956e-02
-4.340245836886889169e-02
-4.340010806327110338e-02
-4.339772824244091803e-02
-4.339531862561192554e-02
-4.339287896110609333e-02
-4.339040902378550613e-02
-4.338790861227413004e-02
-4.338537754614670006e-02
-4.338281566319941718e-02
-4.338022266969072255e-02
-4.337759820253141163e-02
-4.337494192969150453e-02
-4.337225355051264192e-02
-4.336953279420616841e-02
-4.336677941740530590e-02
-4.336399320127677648e-02
-4.336117394849739459e-02
-4.335832148027694843e-02
-4.335543563352879659e-02
-4.335251610691170238e-02
-4.334956252644470154e-02
-4.334657454869934867e-02
-4.334355186052647746e-02
-4.334049417717075747e-02
-4.333740123958716023e-02
-4.333427281142580856e-02
-4.333110867596173810e-02
-4.332790863313125407e-02
-4.332467249676079379e-02
-4.332139994639180869e-02
-4.331809059199648315e-02
-4.331474407274084337e-02
-4.331136005629484392e-02
-4.330793823675543192e-02
-4.330447833191738982e-02
-4.330098008030796447e-02
-4.329744323822774105e-02
-4.329387001270307289e-02
-4.329025924268986580e-02
-4.328660904490642947e-02
-4.328291902950755221e-02
-4.327919296290928114e-02
-4.327542633163693198e-02
-4.327161878540078388e-02
-4.326777002279534601e-02
-4.326387975979281708e-02
-4.325994772729473137e-02
-4.325597366876318683e-02
-4.325195733801177195e-02
-4.324789840946321323e-02
-4.324379652993321638e-02
-4.323965136019670974e-02
-4.323546257567730672e-02
-4.323122986576163201e-02
-4.322695293242558023e-02
-4.322263148854980919e-02
-4.321826525615084930e-02
-4.321385396465711459e-02
-4.320939734929857279e-02
-4.320489514287018107e-02
-4.320034708296255355e-02
-4.319575696099627743e-02
-4.319112022095104170e-02
-4.318644095771412283e-02
-4.318171448291979048e-02
-4.317694045638951345e-02
-4.317211860155404507e-02
-4.316724864042574550e-02
-4.316233029311247055e-02
-4.315736339706158220e-02
-4.315234782931701152e-02
-4.314728343542306721e-02
-4.314217407885738431e-02
-4.313701964135663314e-02
-4.313181507071574966e-02
-4.312655999112049998e-02
-4.312125412923061007e-02
-4.311834168687288943e-02
-4.311264854178276790e-02
-4.310697229944096542e-02
-4.310129986987105977e-02
-4.309561906400567743e-02
-4.308993184379042440e-02
-4.308423339995336859e-02
-4.307851960200435176e-02
-4.307278686564549458e-02
-4.306700625204449434e-02
-4.306740653194526119e-02
-4.306860737164756175e-02
-4.307060877115139602e-02
-4.307341073045676400e-02
-4.307701324956367261e-02
-4.308141632847211494e-02
-4.308661996718209097e-02
-4.309262416569360071e-02
-4.309942892400664416e-02
-4.310703424212122131e-02
-4.311541083599123442e-02
-4.312452942157058572e-02
-4.313438999885928216e-02
-4.314499256785731679e-02
-4.315633712856468962e-02
-4.316842368098140065e-02
-4.318125222510744987e-02
-4.319482276094283729e-02
-4.320913528848756291e-02
-4.322418980774163366e-02
-4.323993303573812896e-02
-4.325631168951014904e-02
-4.327332576905768696e-02
-4.329097527438074272e-02
-4.330926020547932326e-02
-4.332818056235342163e-02
-4.334773634500304479e-02
-4.336792755342818578e-02
-4.338875418762884462e-02
-4.341021624760502823e-02
-4.343227164307898042e-02
-4.345487828377295192e-02
-4.347803616968694274e-02
-4.350174530082094593e-02
-4.352600567717496843e-02
-4.355081729874901025e-02
-4.357618016554307139e-02
-4.360209427755715184e-02
-4.362855963479124466e-02
-4.365557623724535680e-02
-4.368311476409626748e-02
-4.371114589452076288e-02
-4.373966962851884299e-02
-4.376868596609050088e-02
-4.379819490723574349e-02
-4.382819645195456387e-02
-4.385869060024696897e-02
-4.388967735211295879e-02
-4.392115670755252638e-02
-4.395312866656567868e-02
-4.398557443104485903e-02
-4.401847520288251076e-02
-4.405183098207863385e-02
-4.408564176863322831e-02
-4.411990756254629414e-02
-4.415462836381783135e-02
-4.418980417244783993e-02
-4.422543498843631987e-02
-4.426152081178327119e-02
-4.429806164248870082e-02
-4.433504442341897056e-02
-4.437245609744044222e-02
-4.441029666455312275e-02
-4.444856612475701213e-02
-4.448726447805211037e-02
-4.452639172443841747e-02
-4.456594786391592650e-02
-4.460593289648464438e-02
-4.464634682214457112e-02
-4.468718964089570672e-02
-4.472844665558171201e-02
-4.477010316904624782e-02
-4.481215918128931414e-02
-4.485461469231091097e-02
-4.489746970211103833e-02
-4.494072421068968926e-02
-4.498437821804687070e-02
-4.502843172418258266e-02
-4.507288472909682514e-02
-4.511773723278959813e-02
-4.516296378293765262e-02
-4.520853892721773265e-02
-4.525446266562983821e-02
-4.530073499817396931e-02
-4.534735592485012595e-02
-4.539432544565830813e-02
-4.544164356059851584e-02
-4.548931026967074909e-02
-4.553732557287500787e-02
-4.558568947021129220e-02
-4.563435684894211891e-02
-4.568328259632999100e-02
-4.573246671237490846e-02
-4.578190919707687129e-02
-4.583161005043588643e-02
-4.588156927245194694e-02
-4.593178686312505282e-02
-4.598226282245520408e-02
-4.603299715044240070e-02
-4.608398984708664964e-02
-4.613516919262044408e-02
-4.618646346727628416e-02
-4.623787267105416987e-02
-4.628939680395410816e-02
-4.634103586597609209e-02
-4.639278985712012165e-02
-4.644465877738620380e-02
-4.649664262677433157e-02
-4.654874140528450499e-02
-4.660095511291672404e-02
-4.665318034649108825e-02
-4.670531370282768324e-02
-4.675735518192651596e-02
-4.680930478378757947e-02
-4.686116250841087377e-02
-4.691292835579640580e-02
-4.696460232594416861e-02
-4.701618441885416916e-02
-4.706767463452640049e-02
-4.711907297296086955e-02
-4.717024356587085770e-02
-4.722105054496966020e-02
-4.727149391025727704e-02
-4.732157366173370822e-02
-4.737128979939895373e-02
-4.742064232325300666e-02
-4.746963123329587392e-02
-4.751825652952755552e-02
-4.756651821194805146e-02
-4.761441628055736175e-02
-4.766178428339980927e-02
-4.770845576851973080e-02
-4.775443073591711940e-02
-4.779970918559198201e-02
-4.784429111754431169e-02
-4.788817653177411537e-02
-4.793136542828138613e-02
-4.797385780706613090e-02
-4.801565366812834967e-02
-4.805675301146803552e-02
-4.809923189078435524e-02
-4.814516635977648257e-02
-4.819455641844441057e-02
-4.824740206678813925e-02
-4.830370330480766861e-02
-4.836346013250299863e-02
-4.842667254987412934e-02
-4.849334055692106071e-02
-4.856346415364379970e-02
-4.863704334004233937e-02
-4.872029398972328729e-02
-4.881943197629325798e-02
-4.893445729975225839e-02
-4.906536996010028157e-02
-4.921216995733732752e-02
-4.937485729146339625e-02
-4.955343196247848775e-02
-4.974789397038260202e-02
-4.995824331517573907e-02
-5.018447999685790584e-02
-5.043320705891432554e-02
-5.071102754483022834e-02
-5.101794145460561425e-02
-5.135394878824048326e-02
-5.171904954573483537e-02
-5.211324372708867059e-02
-5.253653133230198891e-02
-5.298891236137479033e-02
-5.347038681430707485e-02
-5.398095469109884248e-02
-5.452766307901810855e-02
-5.511755906533288840e-02
-5.575064265004317510e-02
-5.642691383314897557e-02
-5.714637261465028290e-02
-5.790901899454710400e-02
-5.871485297283943888e-02
-5.956387454952728061e-02
-6.045608372461063612e-02
-6.139148049808949847e-02
-6.237730487823716502e-02
-6.342079687332691229e-02
-6.452195648335876110e-02
-6.568078370833269064e-02
-6.689727854824871478e-02
-6.817144100310681964e-02
-6.950327107290701911e-02
-7.089276875764931318e-02
-7.233993405733368798e-02
-7.384476697196015738e-02
-7.541362926255548715e-02
-7.705288269014644309e-02
-7.876252725473302518e-02
-8.054256295631523344e-02
-8.239298979489305397e-02
-8.431380777046650066e-02
-8.630501688303557351e-02
-8.836661713260027251e-02
-9.049860851916059767e-02
-9.270099104271654900e-02
-9.497647005226875216e-02
-9.732775089681780512e-02
-9.975483357636372173e-02
-1.022577180909065020e-01
-1.048364044404461320e-01
-1.074908926249826258e-01
-1.102211826445159693e-01
-1.130272744990461764e-01
-1.159091681885732472e-01
-1.188668637130971817e-01
-1.218907015043241004e-01
-1.249710219939601380e-01
-1.281078251820052805e-01
-1.313011110684595417e-01
-1.345508796533229356e-01
-1.378571309365954345e-01
-1.412198649182770660e-01
-1.446390815983678024e-01
-1.481147809768676715e-01
-1.516469630537766455e-01
-1.552163097419444193e-01
-1.588035029542206600e-01
-1.624085426906053953e-01
-1.660314289510985974e-01
-1.696721617357002942e-01
-1.733307410444104579e-01
-1.770071668772290885e-01
-1.807014392341562137e-01
-1.844135581151918057e-01
-1.881435235203358924e-01
-1.542063402217118406e-01
-1.580397547656176571e-01
-1.617992102238751673e-01
-1.653397399877489238e-01
-1.673933102405281981e-01
-1.674362846671523242e-01
-1.674794082221517377e-01
-1.675226197473200784e-01
-1.675658734833636032e-01
-1.676091278529979189e-01
-1.676523450635412082e-01
-1.676954960606627798e-01
-1.677385623273414117e-01
-1.677815262445686018e-01
-1.678243699874764072e-01
-1.678670878252564447e-01
-1.679096609554635022e-01
-1.679520797313066305e-01
-1.679943373460574263e-01
-1.680364274952211023e-01
-1.680783558048725979e-01
-1.681201102267633751e-01
-1.681616919223465068e-01
-1.682030989157461132e-01
-1.682443243310970948e-01
-1.682853657806091252e-01
-1.683262261478989663e-01
-1.683669042718904107e-01
-1.684073942027126125e-01
-1.684476944912564889e-01
-1.684878038859390637e-01
-1.685277212739099695e-01
-1.685674418558972265e-01
-1.686069588510205330e-01
-1.686462670302492362e-01
-1.686853624657317363e-01
-1.687242433661286234e-01
-1.687629113291245209e-01
-1.688013663419819788e-01
-1.688396025472869710e-01
-1.688776200168451425e-01
-1.689154192865557347e-01
-1.689530024094365035e-01
-1.689903726495855518e-01
-1.690275278465594722e-01
-1.690644718294199988e-01
-1.691012144976175025e-01
-1.691377600387463376e-01
-1.691741126992249988e-01
-1.692102767745365111e-01
-1.692462565787562490e-01
-1.692820564167947517e-01
-1.693176712777086645e-01
-1.693531217714397963e-01
-1.693884092028788702e-01
-1.694235373160153935e-01
-1.694585115341398773e-01
-1.694933727808120572e-01
-1.695281098984194879e-01
-1.695627115112998962e-01
-1.695971757349035436e-01
-1.696315043188402483e-01
-1.696657127476953186e-01
-1.696998073695451248e-01
-1.697337789976473554e-01
-1.697676441695945837e-01
-1.698014063967737131e-01
-1.698350685800746052e-01
-1.698686189428588456e-01
-1.699020721688354885e-01
-1.699354297824697824e-01
-1.699686919073764568e-01
-1.700018516465525154e-01
-1.700349222996552223e-01
-1.700679064720431732e-01
-1.701008061095506951e-01
-1.701336226365445237e-01
-1.701663475177200846e-01
-1.701989904705784040e-01
-1.702315519602806138e-01
-1.702640322803037343e-01
-1.702964315919494043e-01
-1.703287514745168152e-01
-1.703609943389006454e-01
-1.703931612100581527e-01
-1.704252470332381642e-01
-1.704572597501275433e-01
-1.704892001911424149e-01
-1.705210690216030500e-01
-1.705528667933921272e-01
-1.705845939834409741e-01
-1.706162505244370742e-01
-1.706478523625380161e-01
-1.706793915897351077e-01
-1.707108861187784377e-01
-1.707423451453451979e-01
-1.707737694955817342e-01
-1.708051597918360531e-01
-1.708365164921028245e-01
-1.708678399251654656e-01
-1.708883133531873266e-01
-1.709497336372528820e-01
-1.710521007773621593e-01
-1.711954147735151588e-01
-1.713796756257118525e-01
-1.716048833339522683e-01
-1.718710378982363784e-01
-1.721781393185642106e-01
-1.725261875949357648e-01
-1.729151827273510134e-01
-1.733365382505531738e-01
-1.737816676992854359e-01
-1.742505710735477997e-01
-1.747432483733402375e-01
-1.752596995986627770e-01
-1.757999247495154183e-01
-1.763639238258981612e-01
-1.769516968278110058e-01
-1.775632437552539522e-01
-1.781985646082270003e-01
-1.788569684734224730e-01
-1.795377644375326931e-01
-1.802409525005576885e-01
-1.809665326624974591e-01
-1.817145049233519771e-01
-1.824848692831212704e-01
-1.832776257418053389e-01
-1.840927742994041549e-01
-1.849303149559177462e-01
-1.857902477113461126e-01
-1.866718696225652951e-01
-1.875744777464513902e-01
-1.884980720830043699e-01
-1.894426526322242621e-01
-1.904082193941110390e-01
-1.913947723686647007e-01
-1.924023115558852748e-01
-1.934308369557727336e-01
-1.944803485683271049e-01
-1.955508463935483610e-01
-1.966416191252967072e-01
-1.977519554574323213e-01
-1.988818553899552311e-01
-2.000313189228654087e-01
-2.012003460561628820e-01
-2.023889367898476233e-01
-2.035970911239196601e-01
-2.048248090583789649e-01
-2.060720905932255376e-01
-2.073389357284594059e-01
-2.086246296090896735e-01
-2.099284573801255271e-01
-2.112504190415669392e-01
-2.125905145934139095e-01
-2.139487440356664383e-01
-2.153251073683245254e-01
-2.167196045913881708e-01
-2.181322357048573746e-01
-2.195630007087321367e-01
-2.210118996030124849e-01
-2.224809515322304643e-01
-2.239721756409181752e-01
-2.254855719290756177e-01
-2.270211403967027919e-01
-2.285788810437996976e-01
-2.301587938703663627e-01
-2.317608788764027594e-01
-2.333851360619088877e-01
-2.350315654268847476e-01
-2.367001669713303391e-01
-2.383899307199324191e-01
-2.400998466973777168e-01
-2.418299149036662321e-01
-2.435801353387979651e-01
-2.453505080027729157e-01
-2.471410328955911118e-01
-2.489517100172525255e-01
-2.507825393677571846e-01
-2.526335209471050613e-01
-2.545046547552961558e-01
-2.563949442343280705e-01
-2.583033928261985190e-01
-2.602300005309074460e-01
-2.621747673484548513e-01
-2.641376932788407350e-01
-2.661187783220650971e-01
-2.681180224781279375e-01
-2.701354257470292564e-01
-2.721709881287690536e-01
-2.742247096233473846e-01
-2.762956127961112562e-01
-2.783827202124077860e-01
-2.804860318722369739e-01
-2.826055477755988199e-01
-2.847412679224933241e-01
-2.868931923129204864e-01
-2.890613209468803069e-01
-2.912456538243727855e-01
-2.934461909453978667e-01
-2.956629323099556061e-01
-2.978949252243034418e-01
-3.001412169946988118e-01
-3.024018076211417161e-01
-3.046766971036321547e-01
-3.069658854421701277e-01
-3.092693726367556351e-01
-3.115871586873886767e-01
-3.139192435940692527e-01
-3.162656273567973630e-01
-3.186263099755730077e-01
-3.209945823339073745e-01
-3.233637353153117067e-01
-3.257337689197859487e-01
-3.281046831473301006e-01
-3.304764779979441625e-01
-3.328491534716281897e-01
-3.352227095683821267e-01
-3.375971462882059737e-01
-3.399724636310997861e-01
-3.423486615970635083e-01
-3.447257385271406127e-01
-3.471036927623746271e-01
-3.494825243027654960e-01
-3.518622331483132748e-01
-3.542428192990179081e-01
-3.566242827548794514e-01
-3.590066235158978492e-01
-3.613898415820731569e-01
-3.637739369534053191e-01
-3.661589096298943913e-01
-3.685447744757439081e-01
-3.709315463551575154e-01
-3.733192252681351575e-01
-3.757078112146768900e-01
-3.780973041947826574e-01
-3.804877042084525152e-01
-3.828790112556864078e-01
-3.852712253364843908e-01
-3.876643464508464088e-01
-3.900583745987725171e-01
-3.924533270666370477e-01
-3.948492211408143882e-01
-3.972460568213045384e-01
-3.996438341081074430e-01
-4.020425530012231574e-01
-4.044422135006516816e-01
-4.068428156063930157e-01
-4.092443593184471595e-01
-4.116468446368141132e-01
-4.140502715614938212e-01
-4.164546330458246404e-01
-4.188599220431448167e-01
-4.212661385534544056e-01
-4.236732825767533517e-01
-4.260813541130417104e-01
-4.284903531623194262e-01
-4.309002797245864991e-01
-4.333111337998429846e-01
-4.357229153880888273e-01
-4.381356244893240826e-01
-4.405491793780294540e-01
-4.429634983286857564e-01
-4.453785813412930450e-01
-4.477944284158512644e-01
-4.502110395523604147e-01
-4.526284147508204958e-01
-4.550465540112315077e-01
-4.574654573335934504e-01
-4.598851247179063240e-01
-4.623055561641701283e-01
-4.647265212785179345e-01
-4.671477896670827024e-01
-4.695693613298644875e-01
-4.719912362668632344e-01
-4.744134144780789986e-01
-4.768358959635117800e-01
-4.792586807231615231e-01
-4.816817687570282835e-01
-4.841051600651120057e-01
-4.865288546474127451e-01
-4.889530131126140766e-01
-4.913777960693995195e-01
-4.938032035177691292e-01
-4.962292354577229059e-01
-4.986558918892607939e-01
-5.010831728123827933e-01
-5.035110782270889596e-01
-5.059396081333793482e-01
-5.083687625312538483e-01
-5.107985414207124597e-01
-5.125169158583677831e-01
-5.148955600469107274e-01
-5.173143088596833250e-01
-5.198025456743778916e-01
-5.223519403572357556e-01
-5.249534543178552282e-01
-5.265519761834669410e-01
-5.265928126455339253e-01
-5.266330842126747402e-01
-5.266727948697343953e-01
-5.267119471185706114e-01
-5.267505432946792965e-01
-5.267885882705698464e-01
-5.268260905351931367e-01
-5.268630708406697449e-01
-5.268995677725510918e-01
-5.269356214555186435e-01
-5.269712666457168071e-01
-5.270065338288755230e-01
-5.270414458681714764e-01
-5.270760245161418833e-01
-5.271102883760550029e-01
-5.271442559385017823e-01
-5.271779323714228527e-01
-5.272113309109552892e-01
-5.272444684440156237e-01
-5.272773540106426848e-01
-5.273099967725372039e-01
-5.273424035494765905e-01
-5.273745787137389396e-01
-5.274065276631365595e-01
-5.274382550245718670e-01
-5.274697646574614263e-01
-5.275010598127456429e-01
-5.275321422736641841e-01
-5.275630155798434195e-01
-5.275936812866478531e-01
-5.276241423726815150e-01
-5.276544009804020607e-01
-5.276844585476185845e-01
-5.277143165666977609e-01
-5.277439763706167630e-01
-5.277734389042799679e-01
-5.278027048431916946e-01
-5.278317748652421315e-01
-5.278606496372131307e-01
-5.278893298050518768e-01
-5.279178159867200515e-01
-5.279461087670008768e-01
-5.279742086938241652e-01
-5.280021162757965181e-01
-5.280298319807068541e-01
-5.280573559703058972e-01
-5.280846882225527228e-01
-5.281118288109459824e-01
-5.281387778810330280e-01
-5.281655356323586847e-01
-5.281921023044786612e-01
-5.282184781661765083e-01
-5.282446635072378660e-01
-5.282706586322937214e-01
-5.282964638563397708e-01
-5.283220792450438186e-01
-5.283475047394996515e-01
-5.283727404234169756e-01
-5.283977864979797490e-01
-5.284226432622558534e-01
-5.284473110977878640e-01
-5.284717904564486535e-01
-5.284960818508682712e-01
-5.285201858468947522e-01
-5.285441030576697452e-01
-5.285678339063611952e-01
-5.285913787461427038e-01
-5.286147381010682933e-01
-5.286379126393432326e-01
-5.286609031518053614e-01
-5.286837105343265009e-01
-5.287063357732505464e-01
-5.287287799332006655e-01
-5.287510441467473399e-01
-5.287731296055427910e-01
-5.287950373493841560e-01
-5.288167683758262516e-01
-5.288383238490381721e-01
-5.288597050705433622e-01
-5.288809134549490309e-01
-5.289019505094934015e-01
-5.289228177304722278e-01
-5.289435166282536738e-01
-5.289640488991133038e-01
-5.289844163739705341e-01
-5.290046206706557896e-01
-5.290246633294849454e-01
-5.290445460100714481e-01
-5.290642704666549401e-01
-5.290838385251592779e-01
-5.291032520628131675e-01
-5.291225129903711633e-01
-5.291416232366988881e-01
-5.291605847354310388e-01
-5.291793994134162959e-01
-5.291980686389292643e-01
-5.292165939428994381e-01
-5.292349774016804620e-01
-5.292532209377152075e-01
-5.292713264316443178e-01
-5.292892957479917726e-01
-5.293071303056159360e-01
-5.293248317935387304e-01
-5.293424024067381328e-01
-5.293598440574164288e-01
-5.293771584649160644e-01
-5.293943474925342230e-01
-5.294114125915493352e-01
-5.294283551431030466e-01
-5.294451767456229696e-01
-5.294618788512555074e-01
-5.294784628111677272e-01
-5.294949298933079307e-01
-5.295112813976492472e-01
-5.295275184694536730e-01
-5.295436420441906877e-01
-5.295596531147820363e-01
-5.295755493223812671e-01
-5.295913342594468221e-01
-5.296070085844777342e-01
-5.296225728386466658e-01
-5.296380274763609064e-01
-5.296533728721255496e-01
-5.296686093265273731e-01
-5.296837370715539173e-01
-5.296987562640037561e-01
-5.297136669723527813e-01
-5.297284676076181587e-01
-5.297431581818505819e-01
-5.297577397009510802e-01
-5.297722119844501254e-01
-5.297865747393237790e-01
-5.298008276275879558e-01
-5.298149702721318688e-01
-5.298290022617772044e-01
-5.298429231198877876e-01
-5.298567323004532703e-01
-5.298704292024042362e-01
-5.298840131833967293e-01
-5.298974835703207376e-01
-5.299108396674090393e-01
-5.299240807626390826e-01
-5.299372061328907479e-01
-5.299502150481791851e-01
-5.299631067751816582e-01
-5.299758805380048177e-01
-5.299885355178481916e-01
-5.300010708709714802e-01
-5.300134857410003786e-01
-5.300257792678573221e-01
-5.300379505942736102e-01
-5.300499968097635017e-01
-5.300619142870387490e-01
-5.300737087452540575e-01
-5.300853782524370672e-01
-5.300969227934634320e-01
-5.301083413703086000e-01
-5.301196277797897149e-01
-5.301307843539349030e-01
-5.301418101781653069e-01
-5.301527043755568380e-01
-5.301634661136054305e-01
-5.301740946020049305e-01
-5.301845890905424463e-01
-5.301949488671441335e-01
-5.302051732604680101e-01
-5.302152635710647433e-01
-5.302252172478711945e-01
-5.302350386385615844e-01
-5.302447458706748273e-01
-5.302543151567711277e-01
-5.302637450922360607e-01
-5.302730351382750618e-01
-5.302821847659311416e-01
-5.302911934580747388e-01
-5.303000608157329987e-01
-5.303087865014846081e-01
-5.303173701290715414e-01
-5.303258112826061410e-01
-5.303341095304777708e-01
-5.303422644355461069e-01
-5.303502755627180765e-01
-5.303581424846535164e-01
-5.303658647861038133e-01
-5.303734420672350236e-01
-5.303808741813729188e-01
-5.303881611273009167e-01
-5.303953028248701296e-01
-5.304022991379128138e-01
-5.304091498915153302e-01
-5.304158548852551114e-01
-5.304224139034906527e-01
-5.304288267234569254e-01
-5.304350931216954557e-01
-5.304412128791954339e-01
-5.304471862093320667e-01
-5.304530156138712593e-01
-5.304586993948013918e-01
-5.304642377378224749e-01
-5.304696307954853696e-01
-5.304748786595209209e-01
-5.304799836426671300e-01
-5.304849434090918026e-01
-5.304897579829499499e-01
-5.304944273381023701e-01
-5.304989521261693763e-01
-5.305033333711757226e-01
-5.305075718942466878e-01
-5.305116683508792619e-01
-5.305156232615165779e-01
-5.305194370370431844e-01
-5.305231100001452926e-01
-5.305266424032656358e-01
-5.305300344437261506e-01
-5.305332862764764457e-01
-5.305363993484504270e-01
-5.305404342697175313e-01
-5.305472708957991168e-01
-5.305517983105155766e-01
-5.305555745803809398e-01
-5.305586937498895095e-01
-5.305612489234191598e-01
-5.305633148233911411e-01
-5.305633197394474809e-01
-5.305633344876166113e-01
-5.305633590678985323e-01
-5.305633934802931329e-01
-5.305634377248005240e-01
-5.305634918014207058e-01
-5.305635557101535671e-01
-5.305636294509992190e-01
-5.305637130239576615e-01
-5.305638064290287836e-01
-5.305630044080712482e-01
-5.305604017029436070e-01
-5.305559983136457491e-01
-5.305497942401777856e-01
-5.305417894825397163e-01
-5.305319840407314302e-01
-5.305203779147530385e-01
-5.305069711046044301e-01
-5.304917636102857159e-01
-5.304747554317968961e-01
-5.304561533848700661e-01
-5.304361642852374326e-01
-5.304147881328989955e-01
-5.303920249278547550e-01
-5.303678746701048219e-01
-5.303423373596490853e-01
-5.303154129964875452e-01
-5.302871015806202015e-01
-5.302574031120470543e-01
-5.302263175907681036e-01
-5.301939343488395462e-01
-5.301603427183175787e-01
-5.301255426992022013e-01
-5.300895342914934139e-01
-5.300523174951912164e-01
-5.300138923102956090e-01
-5.299742587368065916e-01
-5.299334167747241642e-01
-5.298913664240483268e-01
-5.298481076847790794e-01
-5.298036952461546711e-01
-5.297581837974134622e-01
-5.297115733385555636e-01
-5.296638638695808643e-01
-5.296150553904893643e-01
-5.295651479012810636e-01
-5.295141414019559623e-01
-5.294620358925141712e-01
-5.294088313729555795e-01
-5.293545278432801870e-01
-5.292991653013237041e-01
-5.292427837449218408e-01
-5.291853831740745973e-01
-5.291269635887819733e-01
-5.290675249890440801e-01
-5.290070673748608066e-01
-5.289455907462321527e-01
-5.288830951031581185e-01
-5.288195804456387039e-01
-5.287550467736739090e-01
-5.286895234355318829e-01
-5.286230397794806635e-01
-5.285555958055202508e-01
-5.284871915136506448e-01
-5.284178269038718456e-01
-5.283475019761838531e-01
-5.282762167305866674e-01
-5.282039711670802884e-01
-5.281307652856647161e-01
-5.280565990863399506e-01
-5.279814896569798854e-01
-5.279054540854584143e-01
-5.278284923717755373e-01
-5.277506045159313652e-01
-5.276717905179257873e-01
-5.275920503777588033e-01
-5.275113840954305244e-01
-5.274297916709408396e-01
-5.273472731042898598e-01
-5.272638283954774741e-01
-5.271794581473734365e-01
-5.270941629628476122e-01
-5.270079428419000012e-01
-5.269207977845304924e-01
-5.268327277907391970e-01
-5.267437328605261149e-01
-5.266538129938912460e-01
-5.265629681908344795e-01
-5.264711984513559262e-01
-5.263785037754555862e-01
-5.262848633922034836e-01
-5.261902565306698643e-01
-5.260946831908546173e-01
-5.259981433727578537e-01
-5.259006370763794624e-01
-5.258021643017195546e-01
-5.257027250487780190e-01
-5.256023193175549668e-01
-5.255009471080502870e-01
-5.253986084202640905e-01
-5.252952569444386821e-01
-5.251908463708162556e-01
-5.250853766993969218e-01
-5.249788479301805699e-01
-5.248712600631673109e-01
-5.247626130983570336e-01
-5.246529070357498492e-01
-5.245421418753456466e-01
-5.244303176171445369e-01
-5.243174342611465200e-01
-5.242034172135422443e-01
-5.240881918805226913e-01
-5.239717582620877501e-01
-5.238541163582374205e-01
-5.237352661689717026e-01
-5.236152076942905964e-01
-5.234939409341942129e-01
-5.233714658886824411e-01
-5.232477825577552810e-01
-5.231228909414127326e-01
-5.229966880090612946e-01
-5.228690707301074658e-01
-5.227400391045512462e-01
-5.226095931323926358e-01
-5.224777328136316346e-01
-5.223444581482682425e-01
-5.222097691363024596e-01
-5.220736657777342860e-01
-5.219361480725637215e-01
-5.217972160207907661e-01
-5.216567465592085728e-01
-5.215146166246101833e-01
-5.213708262169957086e-01
-5.212253753363651487e-01
-5.210782639827183926e-01
-5.209294921560555514e-01
-5.207790598563765139e-01
-5.206269670836813912e-01
-5.204732138379700723e-01
-5.203178001192426683e-01
-5.201605920078268275e-01
-5.200014555840503094e-01
-5.198403908479131141e-01
-5.196773977994152416e-01
-5.195124764385565808e-01
-5.193456267653372427e-01
-5.191768487797572273e-01
-5.190061424818165348e-01
-5.188335078715150539e-01
-5.186589449488528958e-01
-5.184823267969802529e-01
-5.183035264990473179e-01
-5.181225440550542016e-01
-5.179393794650007932e-01
-5.177540327288870925e-01
-5.175665038467132106e-01
-5.173767928184790366e-01
-5.171848996441845703e-01
-5.169908243238299228e-01
-5.167945668574149831e-01
-5.165960259001740607e-01
-5.163951001073414648e-01
-5.161917894789173067e-01
-5.159860940149014752e-01
-5.157780137152939703e-01
-5.155675485800947921e-01
-5.153546986093040516e-01
-5.151394638029216377e-01
-5.149218441609475505e-01
-5.147018396833817899e-01
-5.144793874828290647e-01
-5.142544246718939727e-01
-5.140269512505765137e-01
-5.137969672188765768e-01
-5.135644725767942731e-01
-5.133294673243296025e-01
-5.130919514614825649e-01
-5.128519249882531605e-01
-5.126093879046413893e-01
-5.123643402106472511e-01
-5.121167772364085824e-01
-5.118666943120633306e-01
-5.116140914376114956e-01
-5.113589686130530776e-01
-5.111013258383880764e-01
-5.108411631136163811e-01
-5.105784804387381026e-01
-5.103132778137532410e-01
-5.100455552386617963e-01
-5.097753127134637685e-01
