2.961359102248317665e-02
2.808014615770082489e-02
2.665891646024706740e-02
2.561583639083334085e-02
2.481247929311525269e-02
2.416445890393928431e-02
2.360757072819269498e-02
2.311848130114871336e-02
2.267540020489208774e-02
2.226481295466142818e-02
2.187846906043539041e-02
2.151144859234449536e-02
2.116092898837654279e-02
2.082540560198983814e-02
2.050419228136268757e-02
2.019711033490603769e-02
1.990428498248705824e-02
1.962602132864232907e-02
1.936272381424050670e-02
1.911484713107514111e-02
1.888286457476218150e-02
1.866724879674289128e-02
1.846845959434589846e-02
1.828693728395508478e-02
1.812309876564130451e-02
1.797733599233056201e-02
1.785001350133377795e-02
1.774146947963251009e-02
1.765201524296919344e-02
1.758193657225767814e-02
1.753149156857519708e-02
1.750091341298973258e-02
1.749041023092565150e-02
1.750016527560444013e-02
1.753033631172304374e-02
1.758105719135077960e-02
1.765243771917798798e-02
1.774456481792860418e-02
1.785749979706863222e-02
1.799128114354395236e-02
1.814592351936930581e-02
1.832141799259892623e-02
1.851773298813966240e-02
1.873481149395248013e-02
1.897257362667542635e-02
1.923091552747330235e-02
1.950970948883098965e-02
1.980880385087652185e-02
2.012802290248444370e-02
2.046716770907602845e-02
2.082601341955883645e-02
2.120431170511530294e-02
2.160178970727436032e-02
2.201815020277861357e-02
2.245307156788994840e-02
2.290620777301202726e-02
2.337718840995151037e-02
2.386561875473663941e-02
2.437107986943279347e-02
2.489312874673421661e-02
2.543129850129127734e-02
2.598509861179826297e-02
2.655401521780623164e-02
2.713751147505763517e-02
2.773502797284155275e-02
2.834598321644823948e-02
2.896977417725782322e-02
2.960577699865540868e-02
3.025334760037248771e-02
3.091182217977722635e-02
3.158051830055397247e-02
3.225873605295226376e-02
3.294575876134972492e-02
3.364085392498455951e-02
3.434327439024537076e-02
3.505225948970533412e-02
3.576703622883770084e-02
3.648682051423479678e-02
3.721081841697937431e-02
3.793822746463970663e-02
3.866823795531801333e-02
3.940003428724922485e-02
4.013279629761970502e-02
4.086570060452060504e-02
4.159792194626740769e-02
4.232863451267640520e-02
4.305701326328209566e-02
4.378223522789273514e-02
4.450348078530233509e-02
4.521993491639927920e-02
4.593078747054193944e-02
4.663523711207309685e-02
4.733248979459633854e-02
4.802176094705781773e-02
4.870227632896356740e-02
4.937327309139336040e-02
5.003400079091771535e-02
5.068372235792625857e-02
5.132171399270998857e-02
5.194726900219351351e-02
5.255969575675042971e-02
5.315831960918976362e-02
5.374248339120099582e-02
5.431154756647599280e-02
5.486489205638930833e-02
5.540191661406743129e-02
5.592204062809524867e-02
5.642470361437584847e-02
5.690936675201652140e-02
5.737550958651846389e-02
5.782263888371080851e-02
5.825028159472889211e-02
5.865798752336506827e-02
5.904532919904265098e-02
5.941190271475735307e-02
5.975732632697949853e-02
6.008124352896293541e-02
6.038331967276575063e-02
6.066324469264286479e-02
6.092073198812333890e-02
6.115551880267289242e-02
6.136736763220135282e-02
6.155606315725747901e-02
6.172141404127087783e-02
6.186325313355933719e-02
6.198143666500144366e-02
6.207584429277873683e-02
6.214636965796827006e-02
6.219291033226459486e-02
6.221545340428949467e-02
6.221396971755918659e-02
6.218843028544787654e-02
6.213884104757722016e-02
6.206523196159768885e-02
6.196765699855752429e-02
6.184619292786919242e-02
6.170093842051832533e-02
6.153201336736813243e-02
6.133955819859734926e-02
6.112373388762873394e-02
6.088472106087330915e-02
6.062272003307811463e-02
6.033795040317060931e-02
6.003065084051570355e-02
5.970107889564427173e-02
5.934951083986456100e-02
5.897624153324015905e-02
5.858158431957810608e-02
5.816587094625086385e-02
5.772945150630628963e-02
5.727269439988913469e-02
5.679598619006423488e-02
5.629973196410834047e-02
5.578435496458286624e-02
5.525029668894018697e-02
5.469801680736541272e-02
5.412799342336938047e-02
5.354072283126101728e-02
5.293671951880152271e-02
5.231651611954754588e-02
5.168066332805418273e-02
5.102972978171488316e-02
5.036430190510701732e-02
4.968498371222751508e-02
4.899239656225828909e-02
4.828717887158021083e-02
4.756998578086618634e-02
4.684148876243007797e-02
4.610237515839291089e-02
4.535334764958404152e-02
4.459512365563164660e-02
4.382843466629904317e-02
4.305402550404777151e-02
4.227265351792097725e-02
4.148508770907544108e-02
4.069210778861384603e-02
3.989450316871173685e-02
3.909307188841623648e-02
3.828861947586859049e-02
3.748195774907686628e-02
3.667390355772198740e-02
3.586527746881587597e-02
3.505690239934261543e-02
3.424960219929043537e-02
3.344420018873106581e-02
3.264151765280268180e-02
3.184237229862491025e-02
3.104757667829147194e-02
3.025793670103432698e-02
2.947424966583389594e-02
2.869730309248608169e-02
2.792787237072408280e-02
2.716671972648379563e-02
2.641459230265458258e-02
2.567222044685010807e-02
2.494031600977295038e-02
2.421957064411656146e-02
2.351065426959092486e-02
2.281421279479345365e-02
2.213086727657193054e-02
2.146121149120547300e-02
2.080581075286377923e-02
2.016520014787911985e-02
1.953988265501838129e-02
1.893032729802368586e-02
1.833696806821233372e-02
1.776020193072910813e-02
1.720038714034563543e-02
1.705372225093790273e-02
1.705149765286106955e-02
1.705224681832834266e-02
1.705298738752580867e-02
1.705371638683081392e-02
1.705442672120760506e-02
1.705511939872786376e-02
1.705581089743743450e-02
1.705648682819285722e-02
1.705714651443865360e-02
1.705780252626751259e-02
1.705843477265034380e-02
1.705904776162667225e-02
1.705964342777960274e-02
1.706022252692535046e-02
1.706078534120486490e-02
1.706133197911996469e-02
1.706186250255420367e-02
1.706237697988643998e-02
1.706287520752647335e-02
1.706338028889045622e-02
1.706384486138715073e-02
1.706429363841865943e-02
1.706472730799865611e-02
1.706514702134565020e-02
1.706555141513496632e-02
1.706594164519534274e-02
1.706631795912141869e-02
1.706668056568613756e-02
1.706702963351200419e-02
1.706736515442536239e-02
1.706768660768273604e-02
1.706799427406005543e-02
1.706828826706038860e-02
1.706856870046993824e-02
1.706883568784828276e-02
1.706908934220449647e-02
1.706932963564200545e-02
1.706955696755230178e-02
1.706977316453628379e-02
1.706997456732839424e-02
1.707016318992576887e-02
1.707033914232869432e-02
1.707050253483580193e-02
1.707065347851283166e-02
1.707079208560038919e-02
1.707091846994554518e-02
1.707103265758858068e-02
1.707113776727789412e-02
1.707122805863103832e-02
1.707130660336686478e-02
1.707137353021684345e-02
1.707142897169516838e-02
1.707147319858023926e-02
1.707150960050710098e-02
1.707153110404438512e-02
1.707154237140237618e-02
1.707154314896819347e-02
1.707153729362809180e-02
1.707152212380885770e-02
1.707148813190900727e-02
1.707144418942443953e-02
1.707138994583654035e-02
1.707132608872422019e-02
1.707125415383436984e-02
1.707117372304081671e-02
1.707108427188566702e-02
1.707098153574668209e-02
1.707087476113830493e-02
1.707076638943327840e-02
1.707064287774059941e-02
1.707050870288004396e-02
1.707037837289623883e-02
1.707023496499690540e-02
1.707008331011217184e-02
1.706992497463857839e-02
1.706976025825343579e-02
1.706958933757021790e-02
1.706941476298770577e-02
1.706923291283585220e-02
1.706904594754357629e-02
1.706885420099588102e-02
1.706865801292481444e-02
1.706845772854073684e-02
1.706825354747454337e-02
1.706804726606306333e-02
1.706783686258656063e-02
1.706762378563481120e-02
1.706740839955836475e-02
1.706719107070253649e-02
1.706697216662250716e-02
1.706675205532215411e-02
1.706653110446351707e-02
1.706630968055602993e-02
1.706608814811816366e-02
1.706586686883895809e-02
1.706564620071565619e-02
1.706542649720238503e-02
1.706520810634939989e-02
1.706499136996905697e-02
1.706477662279728968e-02
1.706456419169374850e-02
1.706435439486508887e-02
1.706414754111756915e-02
1.706394392915774882e-02
1.706374384692749269e-02
1.706354757100436714e-02
1.706335546974990791e-02
1.706316757150377894e-02
1.706298334977415787e-02
1.706280483992841934e-02
1.706263133507771035e-02
1.706246303380215545e-02
1.706230012079421043e-02
1.706214205221712188e-02
1.706198603443687123e-02
1.706183946943723440e-02
1.706170032651752044e-02
1.706158687043415889e-02
1.706148478632790733e-02
1.706139979718071520e-02
1.706132600731830040e-02
1.706125627448867865e-02
1.706118963102201680e-02
1.706114153265533839e-02
1.706110135097441138e-02
1.706106555023120808e-02
1.706103364921954246e-02
1.706100912341321219e-02
1.706099126926119425e-02
1.706097890926194793e-02
1.706096961904193798e-02
1.706097433736181168e-02
1.706097964109673515e-02
1.706099590332196825e-02
1.706101879573029834e-02
1.706104534392577365e-02
1.706108203679462809e-02
1.706112555582289803e-02
1.706117583655655801e-02
1.706123283309601835e-02
1.706129362746369726e-02
1.706136357370877099e-02
1.706143999267711875e-02
1.706152280618208894e-02
1.706161193437571999e-02
1.706170327001155229e-02
1.706180273228338762e-02
1.706190907786672706e-02
1.706202176900722955e-02
1.706214052409524284e-02
1.706226517255091113e-02
1.706239369126599792e-02
1.706252639597191645e-02
1.706266650052595812e-02
1.706281285161115324e-02
1.706296493355691224e-02
1.706312247375416091e-02
1.706328530530748511e-02
1.706345330739539312e-02
1.706362637939423665e-02
1.706380442967730948e-02
1.706398737079053984e-02
1.706417511740973558e-02
1.706436758550458621e-02
1.706456469203751491e-02
1.706476635489687088e-02
1.706497249293786878e-02
1.706518307205551199e-02
1.706539793901090674e-02
1.706561701426326239e-02
1.706584023732179989e-02
1.706606754041609109e-02
1.706629885366206523e-02
1.706653410738687149e-02
1.706677323321187378e-02
1.706701616459566084e-02
1.706726283713189130e-02
1.706751318873797607e-02
1.706776715978658432e-02
1.706802469320320426e-02
1.706828573453944564e-02
1.706855023202474841e-02
1.706881813659824609e-02
1.706908940191828594e-02
1.706936398435074387e-02
1.706964184293527365e-02
1.706992293932688143e-02
1.707020723771601745e-02
1.707049470472213337e-02
1.707078530926636750e-02
1.707107902241802866e-02
1.707137581721912545e-02
1.707167566848741269e-02
1.707197855259637298e-02
1.707228444723465910e-02
1.707259333114763411e-02
1.707290518385992661e-02
1.707321998538277597e-02
1.707353771590533476e-02
1.707385835547600705e-02
1.707418188367199052e-02
1.707450849978042751e-02
1.707483819843219619e-02
1.707517048876625032e-02
1.707550547259889528e-02
1.707584317766666637e-02
1.707618359766438498e-02
1.707652670973125453e-02
1.707687248187048090e-02
1.707722087600452299e-02
1.707757184914554527e-02
1.707792535375457499e-02
1.707828133776545521e-02
1.707863974447332289e-02
1.707900051238187000e-02
1.707936357504860614e-02
1.707972886094655252e-02
1.708010160530792909e-02
1.708047359071923621e-02
1.708084597871159516e-02
1.708121956019975629e-02
1.708159448541698988e-02
1.708197063595151555e-02
1.708234835331665091e-02
1.708272937704222172e-02
1.708310971826043634e-02
1.708687581763060348e-02
1.708376397231686772e-02
1.708405965135204041e-02
1.708430947869857275e-02
1.708469373767990129e-02
1.708499728669007900e-02
1.708530299270871744e-02
1.708560530287550616e-02
1.708590460175063441e-02
1.708620121281489990e-02
1.708649541218484891e-02
1.708678743349112406e-02
1.708707747189036619e-02
1.708736568744209650e-02
1.708765220789962291e-02
1.708793713098252787e-02
1.708822052617847698e-02
1.708850243615078757e-02
1.708877499491726071e-02
1.708903164358185900e-02
1.708927586093189621e-02
1.708950822431756777e-02
1.708973015006681750e-02
1.708994425005899709e-02
1.709014578940623585e-02
1.709033810498591932e-02
1.709052315410050649e-02
1.709070214038541091e-02
1.709087591270191941e-02
1.709104514420775600e-02
1.709157768347771555e-02
1.709272274218448517e-02
1.709450437837845005e-02
1.709711757967069534e-02
1.710086878062530569e-02
1.710613817955536353e-02
1.711335213015807710e-02
1.712296954774339408e-02
1.713547119159131160e-02
1.715134985763355768e-02
1.717110857814221903e-02
1.719525615103520422e-02
1.722430503063981932e-02
1.725877096836869740e-02
1.729916773631887117e-02
1.734601021310461233e-02
1.739981191178491260e-02
1.746108460408865581e-02
1.753033499376727145e-02
1.760806882139442919e-02
1.769478706654892264e-02
1.779098619782454316e-02
1.789715746321879353e-02
1.801378803166978071e-02
1.814135577164127655e-02
1.828033190490094273e-02
1.843117940592281512e-02
1.859435216443214300e-02
1.877029547773306772e-02
1.895944237454333381e-02
1.916221279161042790e-02
1.937901458152921363e-02
1.961024099417887911e-02
1.985626969801115860e-02
2.011746402567182734e-02
2.039416415763639634e-02
2.068669289750751927e-02
2.099535128405502493e-02
2.132041735043935238e-02
2.166214445769076846e-02
2.202075956781140986e-02
2.239646147647264551e-02
2.278941902017794785e-02
2.319977164796932501e-02
2.362762079641717028e-02
2.407303484533906968e-02
2.453604469575573765e-02
2.501664249361371106e-02
2.551478001779042271e-02
2.603036715127640677e-02
2.656327046506001821e-02
2.711331193800284312e-02
2.768026783333668583e-02
2.826386775090009018e-02
2.886379387288509624e-02
2.947968041932835792e-02
3.011111332771168603e-02
3.075763016882651635e-02
3.141872030852563280e-02
3.209382532220225737e-02
3.278233966585039627e-02
3.348361160445750828e-02
3.419694439532824926e-02
3.492159772081177005e-02
3.565678936187441361e-02
3.640169710108973056e-02
3.715546084096887913e-02
3.791718492117165940e-02
3.868594061606620005e-02
3.946076879237611634e-02
4.024068270528646796e-02
4.102467091038292102e-02
4.181170026818717411e-02
4.260071901780509984e-02
4.339065989631540887e-02
4.418044239946877783e-02
4.496897771900132401e-02
4.575517140521595527e-02
4.653792922765809248e-02
4.731614584579857397e-02
4.808871320236884905e-02
4.885455509207770053e-02
4.961261959834517565e-02
5.036185123988035084e-02
5.110119596445952816e-02
5.182961021825194248e-02
5.254606477631451611e-02
5.324954878421844784e-02
5.393907294897914984e-02
5.461367205073378028e-02
5.527240737083136124e-02
5.591436828024462513e-02
5.653867369143009136e-02
5.714447381085607791e-02
5.773095092693236730e-02
5.829732045586333289e-02
5.884283175622159745e-02
5.936676908191390600e-02
5.986845191375042563e-02
6.034723539109862478e-02
6.080251073579240328e-02
6.123370550013021441e-02
6.164028370715135541e-02
6.202174585050787559e-02
6.237762918255068678e-02
6.270750739670230556e-02
6.301099042821906027e-02
6.328772434401339075e-02
6.353739107970216016e-02
6.375970812556178147e-02
6.395442816709054346e-02
6.412133868461281083e-02
6.426026151638616901e-02
6.437105238972151700e-02
6.445360042472161877e-02
6.450782760441378660e-02
6.453368818215718394e-02
6.453116820980070445e-02
6.450028521989800701e-02
6.444108727230060674e-02
6.435365243621915532e-02
6.423808832467384211e-02
6.409453152867541914e-02
6.392314705801124819e-02
6.372412779262989768e-02
6.349769394779500309e-02
6.324409255575394462e-02
6.296359696576012133e-02
6.265650636335770574e-02
6.232314530898741545e-02
6.196386329522265979e-02
6.157903432127287413e-02
6.116905648279322150e-02
6.073505102776730058e-02
6.027724708704645940e-02
5.979579003075524701e-02
5.929092893249746088e-02
5.876299408218110809e-02
5.821238161051103810e-02
5.763954265125520449e-02
5.704497552220899603e-02
5.642921993276897585e-02
5.579285256627086742e-02
5.513648360555198358e-02
5.446075391336763216e-02
5.376633267279570805e-02
5.305391535418807480e-02
5.232422191591679095e-02
5.157799517338584883e-02
5.081599929088537193e-02
5.003901836909069312e-02
4.924785510134113697e-02
4.844332946641252691e-02
4.762627743893005361e-02
4.679754970971519712e-02
4.595801040977834373e-02
4.510853583293120139e-02
4.425001315313029093e-02
4.338333913433423117e-02
4.250941882744452283e-02
4.162916426002341574e-02
4.074349311122096862e-02
3.985332737553268223e-02
3.895959201521309589e-02
3.806321360237768792e-02
3.716511895221111250e-02
3.626623374903528707e-02
3.536748116726898261e-02
3.446978048954826845e-02
3.357404572445490953e-02
3.268118422643506715e-02
3.179209532057664100e-02
3.090766893494792389e-02
3.002878424318780604e-02
2.915630832313653720e-02
2.829109495572046384e-02
2.743398280903869280e-02
2.658579477613579045e-02
2.574733652974675602e-02
2.491939508952004112e-02
2.410273770525409032e-02
2.329811065721507091e-02
2.250623808023433092e-02
2.172782081690707856e-02
2.096353529177841235e-02
2.021403240724134465e-02
1.947993652175178392e-02
1.876184402507410920e-02
1.806032283102998459e-02
1.737591098270438450e-02
1.707565087785523072e-02
1.707276582297195811e-02
1.707121865297908658e-02
1.706956009946467012e-02
1.706778563964164719e-02
1.706584206190775443e-02
1.706385888008873919e-02
1.706170051186040038e-02
1.705940155528046231e-02
1.705696020551333847e-02
1.705461969352567442e-02
1.705300814059973469e-02
1.705123684070161683e-02
1.704934342638475542e-02
1.704732694503324764e-02
1.704518619327172191e-02
1.704291997300472206e-02
1.704052685898441166e-02
1.703800771418936821e-02
1.703536015254719649e-02
1.703258238805957503e-02
1.702967362396193285e-02
1.702663270814527841e-02
1.702347154709799026e-02
1.702017766631575002e-02
1.701674653125420655e-02
1.701321441944345092e-02
1.700954466897902639e-02
1.700574748889102650e-02
1.700182423441246038e-02
1.699777539732713616e-02
1.699360172193059570e-02
1.698930780423835163e-02
1.698488716037463431e-02
1.698034515421556478e-02
1.697568117527592513e-02
1.697090130473588587e-02
1.696600664950181914e-02
1.696099738777240296e-02
1.695587564192735375e-02
1.695064338257809555e-02
1.694530305105218515e-02
1.693985531447547710e-02
1.693430350521787919e-02
1.692864915338174181e-02
1.692289420087483842e-02
1.691704054656947842e-02
1.691109003723861859e-02
1.690505014617132984e-02
1.689891210953203826e-02
1.689268204761837366e-02
1.688636648892052894e-02
1.687995798033956052e-02
1.687346224450197996e-02
1.686688040547740242e-02
1.686021742184459771e-02
1.685347094761663334e-02
1.684663948620993001e-02
1.683972595039101572e-02
1.683273194549156360e-02
1.682565794445139984e-02
1.681850453647495969e-02
1.681127254716180408e-02
1.680396228560773753e-02
1.679657398200576357e-02
1.678910776310413300e-02
1.678156360414914672e-02
1.677394131839785030e-02
1.676624054594444413e-02
1.675846074195341817e-02
1.675060116436918878e-02
1.674266086123343822e-02
1.673463868827149148e-02
1.672653330900700230e-02
1.671834278043582422e-02
1.671006539346250874e-02
1.670169870863796868e-02
1.669324103319549946e-02
1.668468412287948954e-02
1.667603275391602025e-02
1.666728090012822849e-02
1.665842574117631925e-02
1.664947385993459372e-02
1.664040081946738248e-02
1.663120100164086623e-02
1.662188183687451914e-02
1.661243715748939032e-02
1.660284943975728900e-02
1.659312832466219856e-02
1.658325989429015879e-02
1.657323769774426969e-02
1.656305455526313475e-02
1.655270299007380319e-02
1.654217492832141256e-02
1.653146303427546759e-02
1.652055840167512835e-02
1.650945332586312153e-02
1.649813849907350027e-02
1.648660558405884435e-02
1.647484615237335137e-02
1.646285061404026417e-02
1.645061051559604248e-02
1.643811707274780987e-02
1.642536195272625843e-02
1.641233590321608538e-02
1.640005334891886379e-02
1.639147547471489497e-02
1.638270894645252329e-02
1.637373965691873989e-02
1.636455409854864484e-02
1.635513917605477263e-02
1.634548226354975986e-02
1.633557124988016529e-02
1.632539458632736862e-02
1.631494133564609372e-02
1.630420122173295572e-02
1.629316467946018143e-02
1.628182290450155834e-02
1.627016790314436689e-02
1.625819515190135567e-02
1.624589323550462705e-02
1.623325945955292338e-02
1.622028957927248993e-02
1.621052387520574567e-02
1.623929778053320727e-02
1.626492590605599364e-02
1.629048552664691396e-02
1.631764011095454547e-02
1.634697471886234488e-02
1.637828816714742564e-02
1.641080758771654158e-02
1.644334933267146970e-02
1.647444857916086081e-02
1.650246812439437605e-02
1.652569384186700074e-02
1.654242152185628201e-02
1.655103823179315814e-02
1.655009626165734882e-02
1.653838951376246369e-02
1.651502324592865611e-02
1.647947948177747035e-02
1.643168109457784909e-02
1.637205485878776012e-02
1.630158635003584044e-02
1.622186965629257571e-02
1.613515005828541904e-02
1.604435946219870401e-02
1.634935435489939803e-02
1.665239087915476590e-02
1.694032559986022313e-02
1.719614944278791135e-02
1.741432103379222940e-02
1.759679518786486097e-02
1.775018672085756921e-02
1.788409974706303696e-02
1.800983684534784857e-02
1.813919191107357665e-02
1.828477387231769447e-02
1.845900887935802981e-02
1.867369221862758000e-02
1.893957991742409308e-02
1.926601805096217479e-02
1.966061399951724020e-02
2.012895928284078040e-02
2.067441557800689389e-02
2.129797676666095319e-02
2.199821620369959985e-02
2.277132465212020063e-02
2.361123880946613962e-02
2.450985454917664619e-02
2.545731354255939549e-02
2.644234780281792818e-02
2.745266270739704639e-02
2.847533961354917209e-02
2.949723765898906724e-02
3.050537677880518772e-02
3.148728673095146924e-02
3.243130998986032409e-02
3.332684996882473438e-02
3.416455953775546228e-02
3.493646808124062364e-02
3.563604829194685908e-02
3.625823378425674370e-02
3.679934458927000551e-02
3.725700634594003580e-02
3.763012711575910996e-02
3.791867925219671864e-02
3.812355270982475952e-02
3.824640181686830842e-02
3.828949651365598505e-02
3.825558754298324926e-02
3.814779144526075916e-02
3.796949919992256839e-02
3.772475181311077397e-02
3.742117061601860084e-02
3.706407294334781999e-02
3.665436088219248267e-02
3.619337430575875203e-02
3.568287626457083972e-02
3.512497975449624388e-02
3.452209322520655155e-02
3.387688222750140365e-02
3.319223763512837988e-02
3.247124720927518915e-02
3.171717447042751714e-02
3.093343438277371127e-02
3.012356980566494036e-02
2.929122479375406707e-02
2.844011361035650443e-02
2.757398699441204748e-02
2.669659444040395346e-02
2.581163933497462870e-02
2.492273034191536119e-02
2.403332796135024263e-02
2.314668441073730598e-02
2.226577685502947879e-02
2.139323134515103142e-02
2.053123835521417084e-02
1.968145828247747087e-02
1.884491436477325754e-02
1.802189992627090120e-02
1.721179082923404713e-02
1.711309471229266466e-02
1.711107300658368247e-02
1.711125230284668564e-02
1.711716023549392229e-02
1.711080607278445131e-02
1.711018540075143202e-02
1.710931200659329687e-02
1.710819089141640825e-02
1.710682687495998500e-02
1.710522469516886912e-02
1.710338635122546358e-02
1.710132902905633911e-02
1.709905097119554518e-02
1.709655636076934382e-02
1.709385242597388777e-02
1.709093989972881866e-02
1.708782814820583584e-02
1.708452250515238302e-02
1.708102830589044996e-02
1.707735152017880731e-02
1.707349829978557776e-02
1.706947404902911525e-02
1.706528716643318511e-02
1.706094439041147548e-02
1.705645073037237447e-02
1.705039981602693433e-02
1.704614409285970522e-02
1.704125930853442328e-02
1.703596901513501627e-02
1.703044852461599312e-02
1.702482216808579030e-02
1.701909058919576223e-02
1.701327115755343899e-02
1.700737264088844625e-02
1.700140856041443271e-02
1.699539516814327356e-02
1.698933366166077708e-02
1.698322726313147846e-02
1.697956251050905530e-02
1.698548484611500653e-02
1.699105436830647409e-02
1.699641841102295103e-02
1.700160344258533351e-02
1.700660443668552957e-02
1.701143429704052301e-02
1.701610004860554248e-02
1.702060853581210953e-02
1.702497327867769084e-02
1.702918752916929290e-02
1.703326405106098118e-02
1.703720906342501284e-02
1.704102860409650866e-02
1.704472850082761060e-02
1.704831433582512656e-02
1.705179140535989513e-02
1.705516467616260967e-02
1.705843874021539808e-02
1.706161776945500086e-02
1.706470547173505325e-02
1.706770504931257038e-02
1.707060161078069460e-02
1.707343603819741484e-02
1.707619414632494115e-02
1.707886265721722530e-02
1.708144362272159822e-02
1.708395291527958770e-02
1.708637416629979477e-02
1.708870713370988503e-02
1.709098176826870374e-02
1.709314560093627700e-02
1.709521444891873299e-02
1.709718992843059504e-02
1.709905766297742380e-02
1.710082422999850693e-02
1.710247905232195609e-02
1.710401006757050757e-02
1.710542345554769139e-02
1.710670751272913570e-02
1.710785604483580635e-02
1.710886281284240695e-02
1.710972150162892724e-02
1.711041933022872108e-02
1.711096115368312964e-02
1.711133409992227072e-02
1.711153105048651701e-02
1.711154501221606727e-02
1.711136925619757831e-02
1.711099746358302198e-02
1.711042387661781961e-02
1.710964345276994036e-02
1.710865201950931280e-02
1.710744642698477924e-02
1.710602469563873851e-02
1.710438615571591159e-02
1.710253157560942538e-02
1.710206434534317088e-02
1.719494176241800898e-02
1.709690015087098058e-02
1.709441790158122698e-02
1.709176059494632582e-02
1.708882071112025058e-02
1.708611765651982251e-02
1.708292258177954159e-02
1.707865932430513434e-02
1.707745479050831738e-02
1.707720620325553496e-02
1.706610992917723113e-02
1.707521221288535451e-02
1.706897468879017832e-02
1.705788013121956048e-02
1.706709485324869879e-02
1.706175508913002070e-02
1.705267008687313957e-02
1.705133094290997575e-02
1.705480406465115228e-02
1.705837505836912960e-02
1.706405075765787815e-02
1.707419827382081201e-02
1.709051674193554082e-02
1.711427853825431278e-02
1.714648425760781358e-02
1.718796322845048130e-02
1.723943893012835904e-02
1.730157237721180463e-02
1.737499119086807764e-02
1.746030910050774820e-02
1.755813952732579453e-02
1.766910528963563931e-02
1.779384536727116051e-02
1.793301959751789076e-02
1.808731170680255573e-02
1.825743075084013123e-02
1.844411127644851600e-02
1.864811339033817239e-02
1.887022128295468004e-02
1.911124096441163545e-02
1.937199740513989576e-02
1.965333064113955475e-02
1.995609099351250415e-02
2.028113347567014890e-02
2.062931130953726822e-02
2.100146813198300322e-02
2.139843013735440169e-02
2.182099700980325019e-02
2.226993241601449292e-02
2.274595354857672502e-02
2.324971939806200205e-02
2.378181750091623581e-02
2.434275013448522484e-02
2.493292063792029722e-02
2.555262001464075894e-02
2.620201402505914490e-02
2.688113101025982332e-02
2.758985070161684705e-02
2.832789427059723142e-02
2.909481585967543804e-02
2.988999581167300912e-02
3.071263578310873266e-02
3.156175588924017839e-02
3.243619398613439841e-02
3.333460714984581852e-02
3.425547536602630005e-02
3.519710739638168273e-02
3.615764841418939168e-02
3.713509072672499522e-02
3.812728497415673878e-02
3.913195366997582192e-02
4.014670584674934206e-02
4.116905337848866808e-02
4.219642897651779134e-02
4.322620500553600587e-02
4.425571187479288016e-02
4.528225686114412118e-02
4.630314114305908446e-02
4.731567708912390313e-02
4.831720405633366244e-02
4.930510334592425048e-02
5.027681227603056358e-02
5.122983678180073608e-02
5.216176293437885247e-02
5.307026618422769348e-02
5.395312007290328782e-02
5.480820316814713489e-02
5.563350310088463480e-02
5.642712096108659647e-02
5.718727343290871956e-02
5.791229181847243335e-02
5.860062265691659555e-02
5.925082429509956339e-02
5.986156498643085966e-02
6.043161812039427039e-02
6.095985847058207896e-02
6.144525853162241535e-02
6.188688507045356224e-02
6.228389296606520742e-02
6.263552599423988232e-02
6.294111200339219669e-02
6.320006918402570895e-02
6.341190248352895908e-02
6.357620758084911450e-02
6.369268066742281298e-02
6.376111827139138710e-02
6.378142740652889553e-02
6.375363112964588241e-02
6.367787401590374596e-02
6.355442883615927685e-02
6.338370356049310983e-02
6.316624805290363409e-02
6.290277391044954425e-02
6.259412300350686298e-02
6.224127665667292253e-02
6.184539831154678424e-02
6.140780026764852684e-02
6.092994364977705191e-02
6.041343228093182249e-02
5.986000478144282155e-02
5.927152599579524339e-02
5.864997541219113542e-02
5.799743501326570794e-02
5.731607583035602804e-02
5.660816818046504606e-02
5.587601999702601629e-02
5.512209775433613013e-02
5.434861325067755211e-02
5.355764091412340555e-02
5.275140828537483451e-02
5.193223507027622254e-02
5.110249138604280872e-02
5.026456865550013586e-02
4.942085901673151649e-02
4.857374063811417675e-02
4.772556727276597299e-02
4.687866097178056135e-02
4.603530727007593137e-02
4.519775245097745753e-02
4.436820237138694445e-02
4.354882426271286522e-02
4.274175083142206510e-02
4.194908262269952948e-02
4.117288168765131928e-02
4.041516458104463250e-02
3.967790043747398965e-02
3.896301225443879468e-02
3.827237600350211211e-02
3.760781758972064903e-02
3.697110754542362598e-02
3.636395333947683994e-02
3.578798922086962042e-02
3.524476341931376266e-02
3.473572277335523761e-02
3.426219552819179115e-02
3.382537269885005360e-02
3.342628791190205284e-02
3.306579651972402223e-02
3.274455371793746905e-02
3.246334178658885627e-02
3.222333078353764590e-02
3.202564486913672681e-02
3.187100411980495207e-02
3.175969328453442930e-02
3.169152969787386587e-02
3.166585392274590127e-02
3.168152817040451041e-02
3.173694172979873995e-02
3.183002878807691949e-02
3.195829362020757847e-02
3.211853650955923123e-02
3.230665800612161909e-02
3.251808593513885737e-02
3.274814264999373337e-02
3.299213524143848608e-02
3.325057441256984436e-02
3.352263855598155984e-02
3.380312243534569494e-02
3.408740508223342958e-02
3.436993188486148210e-02
3.464708774654706724e-02
3.483154375655134194e-02
3.484234053015969335e-02
3.466719161630862911e-02
3.429912305831772645e-02
3.373668621177672300e-02
3.298389878473764747e-02
3.205036027832575130e-02
3.095130621053623909e-02
2.970750554847495506e-02
2.834511605918738075e-02
2.689546174432416725e-02
2.539474226315385774e-02
2.388365980266404787e-02
2.240694591012881709e-02
2.101276683549185842e-02
1.975198195097166431e-02
1.867722706095742424e-02
1.784179407892541591e-02
1.729828293193863553e-02
1.709701343743694202e-02
1.728420657657311899e-02
1.789997665611836597e-02
1.897621598919374541e-02
2.053449727228479071e-02
2.258415687136886008e-02
2.512074150196555444e-02
2.812499025506401407e-02
3.156247991357011284e-02
3.538399012431203694e-02
3.952656161358078513e-02
4.391515416646585290e-02
4.846478607331469735e-02
5.308302391290986577e-02
5.767266518020269794e-02
6.213445211338053387e-02
6.636968891439043450e-02
7.028268016267627538e-02
7.378294742081917268e-02
7.678720993669418959e-02
7.922113468889994958e-02
8.102087312908241856e-02
8.213440839848196173e-02
8.252273920999739221e-02
8.216092751184167486e-02
8.103904681506400587e-02
7.916306141596880785e-02
7.655557157308030825e-02
7.325636258478064600e-02
6.932272276868596539e-02
6.482943817477217208e-02
5.986831286635199700e-02
5.454701148136026356e-02
4.898698712035051694e-02
4.332027068835186956e-02
3.768499287912671636e-02
3.221971170552889729e-02
2.705691311166191770e-02
2.231636407503365116e-02
1.809919804455353831e-02
1.702988112459924430e-02
1.728837306670272245e-02
1.764083676980207627e-02
1.809984514355594820e-02
1.867567062601227512e-02
1.937456564691206196e-02
2.019931432971605600e-02
2.114986512765021365e-02
2.222400945517555293e-02
2.341807663522177396e-02
2.472762205580211758e-02
2.614809523666622448e-02
2.767548553079160478e-02
2.930695394299653866e-02
3.104146894544179691e-02
3.288047128671228725e-02
3.482859664678883416e-02
3.689448436054251768e-02
3.909169380668681137e-02
4.143973547970322691e-02
4.396519837665488484e-02
4.670291510195231921e-02
4.969704599799135147e-02
5.300187810960582668e-02
5.668201905670233742e-02
6.081152126569183691e-02
6.547131719413909479e-02
7.074423446590807907e-02
7.670689854564982646e-02
8.339558879350902898e-02
9.077744138654146588e-02
9.875366630193165018e-02
1.071650626842976517e-01
1.157981513455288020e-01
1.243996332930389637e-01
1.326956623733175911e-01
1.404110760676591241e-01
1.472844628012659196e-01
1.530770381608281272e-01
1.575755359024476332e-01
1.605908809529661696e-01
1.619551815077747148e-01
1.614368011574852657e-01
1.593279501617107796e-01
1.562518651060560704e-01
1.525116067435549894e-01
1.484395272865814963e-01
1.442290131440029100e-01
1.400143522639836213e-01
1.358796434545164467e-01
1.318760538045437580e-01
1.280328971378115743e-01
1.243648023316112766e-01
1.208766136926513468e-01
1.175667933605289150e-01
1.144296365000021520e-01
1.114567799554426891e-01
1.086382560901792277e-01
1.059631978177051903e-01
1.034202888720574948e-01
1.009980310133607034e-01
9.868489032202748534e-02
9.646936795242956608e-02
9.434004387421114635e-02
9.228567164592250960e-02
9.029526044518604300e-02
8.835811596221937458e-02
8.646385805081310827e-02
8.460242646718722781e-02
8.276408301073884255e-02
8.093941610602806147e-02
7.911935146103349359e-02
7.729517059094830056e-02
7.545853838374794176e-02
7.360153801667206064e-02
7.171671340891273838e-02
6.979711742343872038e-02
6.783636391583315606e-02
6.582961244609097928e-02
6.376950624405308687e-02
6.165122613262094542e-02
5.947171071822746069e-02
5.722812249047812272e-02
5.491814393499711011e-02
5.254019125443927518e-02
5.009356951481794273e-02
4.757858627414435215e-02
4.499663541233615838e-02
4.235025791307812926e-02
3.964318277141130886e-02
3.688034820921305690e-02
3.406790651792770963e-02
3.121321526012799108e-02
2.832481441284491475e-02
2.541238898494109499e-02
2.248671385923001198e-02
1.955958030954652038e-02
1.714423316341059933e-02
1.739825879168206690e-02
1.731933671543620101e-02
1.750789890794651749e-02
1.661625386134528426e-02
1.612069990801154318e-02
1.610379642145651213e-02
1.613874932562936459e-02
1.583705283222315574e-02
1.614173880978501951e-02
1.548465340301524718e-02
1.591123086323710523e-02
1.528356646627221371e-02
1.482778467850848214e-02
1.487496630351507754e-02
1.451356362173580883e-02
1.415080702705201476e-02
1.402996202162649919e-02
1.386071161774406202e-02
1.401979179691567601e-02
1.499359837191625855e-02
1.568214370592180273e-02
1.485198822104936978e-02
1.550370874852222136e-02
1.576915339181883535e-02
1.502301358487581617e-02
1.455760616129232743e-02
1.628633725747423433e-02
1.645932575155262256e-02
1.576127020483601704e-02
1.461514066208047247e-02
1.433169025638321437e-02
1.425064491090198560e-02
1.418360413460205416e-02
1.412519829833548679e-02
1.408753681062192842e-02
1.406259872428179680e-02
1.405606374669236824e-02
1.401403623558057643e-02
1.398597215870471533e-02
1.402228913473288485e-02
1.418048415100220394e-02
1.451206058213226624e-02
1.505185147530357925e-02
1.564552262542139027e-02
1.631882560626446432e-02
1.677635035033429867e-02
1.691085482797625994e-02
1.645311792133409556e-02
1.591005953897414726e-02
1.616780566959635790e-02
1.655998005225647884e-02
1.685422300485024671e-02
1.698147216455458963e-02
1.703604117935228479e-02
1.705943563447288869e-02
1.706926649237830440e-02
1.707315974408833703e-02
1.707440641023806605e-02
1.707399965519340590e-02
1.707304632439854419e-02
1.707189517339481599e-02
1.707051687401935081e-02
1.706888540585155267e-02
1.706697886388544583e-02
1.706477916149914953e-02
1.706227207612186214e-02
1.705944729048741726e-02
1.705629798626057125e-02
1.705282068679800367e-02
1.704901502112779466e-02
1.704487929372432153e-02
1.704043090258011706e-02
1.703566519383530042e-02
1.703059554207334014e-02
1.702523350927541423e-02
1.701959233134696381e-02
1.701368681250912951e-02
1.700753315512430752e-02
1.700114879313703586e-02
1.699455224053118829e-02
1.698776293316311969e-02
1.698080107747622358e-02
1.698650950507435420e-02
1.699302898694417252e-02
1.699916778240684323e-02
1.700506638965317008e-02
1.701072978124947011e-02
1.701616345918759154e-02
1.702137321112340285e-02
