-2.000002189575103909e-02
-2.000017343818761423e-02
-2.000057819294245171e-02
-2.000135232771930657e-02
-2.000260557449390700e-02
-2.000444597624985443e-02
-2.000697849723452951e-02
-2.001030614139432881e-02
-2.001453044143821497e-02
-2.001975141792269527e-02
-2.002606749008487008e-02
-2.003357535837038336e-02
-2.004236987652213003e-02
-2.005254392250472445e-02
-2.006418826960021731e-02
-2.007739146510464229e-02
-2.009223972052633089e-02
-2.010881681125193873e-02
-2.012720398658769325e-02
-2.014747989384823440e-02
-2.016972051103987223e-02
-2.019399909068261140e-02
-2.022038611448707252e-02
-2.024894925813663926e-02
-2.027975336574192738e-02
-2.031286043351734211e-02
-2.034832960162001950e-02
-2.038621715405699794e-02
-2.042657652617311040e-02
-2.046945831923063785e-02
-2.051491032074117052e-02
-2.056297753096903921e-02
-2.061370219510090529e-02
-2.066712383922191323e-02
-2.072327931129370332e-02
-2.078220282607063513e-02
-2.084392601354788030e-02
-2.090847797070027186e-02
-2.097588531515706678e-02
-2.104617224141053580e-02
-2.111936057906602104e-02
-2.119546985279452400e-02
-2.127451734378433060e-02
-2.135651815140733253e-02
-2.144148525582277934e-02
-2.152942958110436872e-02
-2.162036005851059386e-02
-2.171428368966115546e-02
-2.181120560952352905e-02
-2.191112914912037024e-02
-2.201405589674338553e-02
-2.211998575855016538e-02
-2.222891701822046068e-02
-2.234084639538137795e-02
-2.245576910265601259e-02
-2.257367890120025658e-02
-2.269456815460393212e-02
-2.281842788104109648e-02
-2.294524780356367241e-02
-2.307501639844063493e-02
-2.320772094145442943e-02
-2.334334755207281842e-02
-2.348188123542201133e-02
-2.362330592199293408e-02
-2.376760450502046762e-02
-2.391475887547982182e-02
-2.406474995465120864e-02
-2.421755772420873185e-02
-2.437316125379971471e-02
-2.453153872607598956e-02
-2.469266745913411068e-02
-2.485652392633844188e-02
-2.502308377351849383e-02
-2.519232183352280302e-02
-2.536421213810932662e-02
-2.553872792715767420e-02
-2.571584165519374271e-02
-2.589552499521869527e-02
-2.607774883983765557e-02
-2.626248329968506809e-02
-2.644969769914479879e-02
-2.663936056936879598e-02
-2.683143963859427328e-02
-2.702590181976624248e-02
-2.722271319547212021e-02
-2.742183900019462550e-02
-2.762324359989663108e-02
-2.782689046894799151e-02
-2.803274216441147687e-02
-2.824076029745590383e-02
-2.845090550170797927e-02
-2.866313740057310766e-02
-2.887741457140671764e-02
-2.909369450690578451e-02
-2.931193357403939770e-02
-2.953208697057042864e-02
-2.975410867922939628e-02
-2.997795141931638985e-02
-3.020356659557246748e-02
-3.043090424687108775e-02
-3.065991299222693700e-02
-3.089053997469703994e-02
-3.112273080366635691e-02
-3.135642949539654833e-02
-3.159157841224646823e-02
-3.182811820298531158e-02
-3.206598774177568667e-02
-3.230512406639454714e-02
-3.254546231661287203e-02
-3.278693567367352291e-02
-3.302947530643851604e-02
-3.327301031771207063e-02
-3.351746769327992870e-02
-3.376277225543869442e-02
-3.400884662156009042e-02
-3.425561117036848846e-02
-3.450298401847315399e-02
-3.475088100566262050e-02
-3.499921568975980501e-02
-3.524789935506197902e-02
-3.549684104092237780e-02
-3.574594758271640305e-02
-3.599512366827738868e-02
-3.624427191381202756e-02
-3.649329295989077460e-02
-3.674208559283915349e-02
-3.699054684752583338e-02
-3.723857209102002241e-02
-3.748605536552894468e-02
-3.773288959798797026e-02
-3.797896674927600524e-02
-3.822417800061289617e-02
-3.846841399116271432e-02
-3.871156506578180001e-02
-3.895352153421494101e-02
-3.919417393706564612e-02
-3.943341331369998315e-02
-3.967113146871503737e-02
-3.990722123373430241e-02
-4.014157672201479343e-02
-4.037409357442300895e-02
-4.060466918736033159e-02
-4.083320292810455054e-02
-4.105959633501865547e-02
-4.128375330064837367e-02
-4.150558023705841482e-02
-4.172498622313902672e-02
-4.194188313393898415e-02
-4.215618575238855303e-02
-4.236781186400917498e-02
-4.257668233538602909e-02
-4.278272117734971403e-02
-4.298585559415846191e-02
-4.318601601963145686e-02
-4.338313614168143317e-02
-4.357715291665076318e-02
-4.376800657301471720e-02
-4.395564060748491375e-02
-4.414000177439092454e-02
-4.432104006920356554e-02
-4.449870870726080341e-02
-4.467296409866772233e-02
-4.484376582028437586e-02
-4.501107658563430203e-02
-4.517486221347666309e-02
-4.533509159574367064e-02
-4.549173666542455363e-02
-4.564477236494890455e-02
-4.579417661552087626e-02
-4.593993028780324339e-02
-4.608201717429738498e-02
-4.622042396368269968e-02
-4.635514021735070989e-02
-4.648615834830699400e-02
-4.661347360256884453e-02
-4.673708404314724785e-02
-4.685699053667199965e-02
-4.697319674268157774e-02
-4.708570910555229250e-02
-4.719453684905483559e-02
-4.729969197347649867e-02
-4.740118925523315041e-02
-4.749904624887946181e-02
-4.759328329143922010e-02
-4.768392350890876541e-02
-4.777099282486114984e-02
-4.785451997098708055e-02
-4.793453649949146883e-02
-4.801107679717227933e-02
-4.808417810110205554e-02
-4.815388051575633654e-02
-4.822022703147933048e-02
-4.828326354418546740e-02
-4.834303887615294670e-02
-4.839960479782577651e-02
-4.845301605051272748e-02
-4.850333036988892926e-02
-4.855060851022021534e-02
-4.859491426921055263e-02
-4.863631451340875989e-02
-4.867487920410739494e-02
-4.871068142365772569e-02
-4.874379740214453138e-02
-4.877430654438849600e-02
-4.880229145720429984e-02
-4.882783797689445315e-02
-4.885103519692764185e-02
-4.887197549356127324e-02
-4.889075454794186704e-02
-4.890747138231330005e-02
-4.892222839054619077e-02
-4.893513136636221117e-02
-4.894628953164574525e-02
-4.895581556480257945e-02
-4.896382562916085091e-02
-4.897043940138687268e-02
-4.897578009996078618e-02
-4.897997451364025090e-02
-4.898315302994435405e-02
-4.898544966367648912e-02
-4.898700208542394741e-02
-4.898795165008451580e-02
-4.898844342537847507e-02
-4.898862622034910741e-02
-4.898865261379770075e-02
-4.898865261379770075e-02
-5.123131410603994074e-02
-5.123053656876888629e-02
-5.122977151931500106e-02
-5.122897760510893017e-02
-5.122815757047228385e-02
-5.122731029173029083e-02
-5.122643796827334312e-02
-5.122553948914156802e-02
-5.122461542138272844e-02
-5.122366633700088656e-02
-5.122269281761122894e-02
-5.122169545527161666e-02
-5.122067960064748127e-02
-5.121965014676739536e-02
-5.121860724087227978e-02
-5.121755109616031587e-02
-5.121648197776040856e-02
-5.121540019132066884e-02
-5.121430607424462544e-02
-5.121320195090964950e-02
-5.121208618216675085e-02
-5.121096115870511778e-02
-5.120982523941907533e-02
-5.120867883076777455e-02
-5.120752234209175607e-02
-5.120635618375841969e-02
-5.120518076470118030e-02
-5.120399649024086342e-02
-5.120280376015581142e-02
-5.120160494446136801e-02
-5.120040039954563277e-02
-5.119918831632456341e-02
-5.119796903465775872e-02
-5.119674289834828113e-02
-5.119551023867754957e-02
-5.119427319916988739e-02
-5.119303197378923670e-02
-5.119178473592946726e-02
-5.119053356878047051e-02
-5.118927813155738082e-02
-5.118801883270703706e-02
-5.118675531682725932e-02
-5.118548479204598767e-02
-5.118420720649580896e-02
-5.118292295342221493e-02
-5.118163271774162082e-02
-5.118033897402821109e-02
-5.117904074457075431e-02
-5.117773781810163597e-02
-5.117643027351805041e-02
-5.117512116705640046e-02
-5.117381072001858655e-02
-5.117249672600381050e-02
-5.117117919765643008e-02
-5.116986210980298960e-02
-5.116854285693683835e-02
-5.116722056036416416e-02
-5.116589522557214720e-02
-5.116456681989053901e-02
-5.116323749665059595e-02
-5.116190718133852011e-02
-5.116057383008761061e-02
-5.115923733890020281e-02
-5.115789758798826997e-02
-5.115655444147641090e-02
-5.115520774733790105e-02
-5.115385916084003171e-02
-5.115250849953724421e-02
-5.115115382690572920e-02
-5.114979492255448262e-02
-5.114843154436558154e-02
-5.114706343374975789e-02
-5.114569031571355312e-02
-5.114431189895745494e-02
-5.114292787600516199e-02
-5.114153792336471188e-02
-5.114014170172223595e-02
-5.113873885616784798e-02
-5.113732901645372253e-02
-5.113591179728247532e-02
-5.113448679862505480e-02
-5.113305360606505701e-02
-5.113161179116741673e-02
-5.113016091186795009e-02
-5.112870051287972395e-02
-5.112723012611341405e-02
-5.112574927110594830e-02
-5.112425745545422229e-02
-5.112275417524867610e-02
-5.112123720328213411e-02
-5.111970778747830513e-02
-5.111816371740286746e-02
-5.111660618616916535e-02
-5.111503464928079943e-02
-5.111344855005420934e-02
-5.111184732260738717e-02
-5.111022844528276959e-02
-5.110859144579325830e-02
-5.110693783325486600e-02
-5.110526702886902806e-02
-5.110357861546975522e-02
-5.110186794582108338e-02
-5.110013915531036455e-02
-5.109839165083581575e-02
-5.109662337492465456e-02
-5.109483219984745084e-02
-5.109302117764111251e-02
-5.109118754370421678e-02
-5.108933366834956386e-02
-5.108745845601513069e-02
-5.108556145913265706e-02
-5.108364222207952693e-02
-5.108170025782751700e-02
-5.107973261230292633e-02
-5.107773741004573154e-02
-5.107571336582050064e-02
-5.107366166574765082e-02
-5.107157938316626844e-02
-5.106946574264589062e-02
-5.106732167251572252e-02
-5.106514641824493744e-02
-5.106293920439698708e-02
-5.106069700589413451e-02
-5.105841900965561730e-02
-5.105610637217114500e-02
-5.105375829681959438e-02
-5.105137398439149599e-02
-5.104895263247532372e-02
-5.104648986830868929e-02
-5.104398789915669948e-02
-5.104144629405177325e-02
-5.103886424724596305e-02
-5.103624095756373324e-02
-5.103357562844021422e-02
-5.103086583947376298e-02
-5.102811073116428342e-02
-5.102531114248090582e-02
-5.102246629895351021e-02
-5.101957544340887662e-02
-5.101663783321724183e-02
-5.101365274060263438e-02
-5.101061945359056105e-02
-5.100753727719844338e-02
-5.100440553468940652e-02
-5.100122356880430752e-02
-5.099799074292769852e-02
-5.099470644216338305e-02
-5.099137007430291912e-02
-5.098798107067574470e-02
-5.098453888687348723e-02
-5.098104016040547193e-02
-5.097748720289877605e-02
-5.097387954491378048e-02
-5.097021674593624208e-02
-5.096649839123982423e-02
-5.096272409184138957e-02
-5.095889348430131249e-02
-5.095500623038628357e-02
-5.095106201660817846e-02
-5.094706055364793540e-02
-5.094300157567382970e-02
-5.093888483956258983e-02
-5.093471012403345127e-02
-5.093047722870316929e-02
-5.092618597307280864e-02
-5.092183619545481710e-02
-5.091742775185115893e-02
-5.091296051479075185e-02
-5.090843437213596334e-02
-5.090384922586724953e-02
-5.089920499085420769e-02
-5.089450159362218784e-02
-5.088973897112193667e-02
-5.088491706950972610e-02
-5.088003584294535642e-02
-5.087509525241428604e-02
-5.087009526457962616e-02
-5.086503585067023159e-02
-5.085991698540881512e-02
-5.085473864598545612e-02
-5.084950081107934144e-02
-5.084420345993304752e-02
-5.083884657148179942e-02
-5.083343012353962881e-02
-5.082795466565413062e-02
-5.082242183957385445e-02
-5.081682932830546701e-02
-5.081117709671053445e-02
-5.080546510477264993e-02
-5.079969330758341700e-02
-5.079386165510505619e-02
-5.078797009191589329e-02
-5.078201855698247225e-02
-5.077600698347814467e-02
-5.076993529865473503e-02
-5.076380342377027899e-02
-5.075761127407307088e-02
-5.075135875884147219e-02
-5.074504578147841227e-02
-5.073867223965929096e-02
-5.073224092423336828e-02
-5.072574900361141725e-02
-5.071919604796289865e-02
-5.071258193923360025e-02
-5.070590655059517560e-02
-5.069916974918346753e-02
-5.069237140302129685e-02
-5.068551284313138616e-02
-5.067859452840309947e-02
-5.067034884366417719e-02
-5.066549716256504160e-02
-5.065840618872928525e-02
-5.065133982749722708e-02
-5.064423030971564738e-02
-5.063708135087831297e-02
-5.062989196286931531e-02
-5.062266104492671448e-02
-5.061538761984102353e-02
-5.060807076859188958e-02
-5.060070962803768502e-02
-5.059330338622502338e-02
-5.058585127886846416e-02
-5.057835258685174085e-02
-5.057080663461982484e-02
-5.056321278936887903e-02
-5.056324100065709426e-02
-5.056343716925799231e-02
-5.056396604014921220e-02
-5.056498869399730922e-02
-5.056666225971494233e-02
-5.056913967059867288e-02
-5.057256945852578456e-02
-5.057709558173772990e-02
-5.058285728230590278e-02
-5.058998896997776024e-02
-5.059862012942529380e-02
-5.060887524831717693e-02
-5.062087376396819799e-02
-5.063473005332875393e-02
-5.065055352576097042e-02
-5.066844868180306327e-02
-5.068851516053735767e-02
-5.071084779233277218e-02
-5.073553665678350033e-02
-5.076266714549078352e-02
-5.079232002934162132e-02
-5.082457152994899335e-02
-5.085949339482036258e-02
-5.089715297581563769e-02
-5.093761331045688207e-02
-5.098093320577153781e-02
-5.102716732434550706e-02
-5.107636627221222303e-02
-5.112857668824045965e-02
-5.118384133510379963e-02
-5.124219919148240154e-02
-5.130368554532489800e-02
-5.136833208730388900e-02
-5.143616700478188114e-02
-5.150721507608618105e-02
-5.158149776487003235e-02
-5.165903331441094176e-02
-5.173983684170677111e-02
-5.182392043112286906e-02
-5.191129322757005032e-02
-5.200196152905095515e-02
-5.209592887846107440e-02
-5.219319615453546501e-02
-5.229376166181071844e-02
-5.239762121950735513e-02
-5.250476824916524426e-02
-5.261519386097046613e-02
-5.272888693869386828e-02
-5.284583422316826984e-02
-5.296602039412131452e-02
-5.308942815024789846e-02
-5.321603828748936588e-02
-5.334582977542081522e-02
-5.347877983163648596e-02
-5.361486399402708852e-02
-5.375405619084467485e-02
-5.389632880847582130e-02
-5.404165275686002162e-02
-5.418999753227426996e-02
-5.434133127744424085e-02
-5.449562083893037812e-02
-5.465283182166429804e-02
-5.481292864050978791e-02
-5.497587456872788519e-02
-5.514163178322761122e-02
-5.531016140648768037e-02
-5.548142354503352025e-02
-5.565537732435781731e-02
-5.583198092017412073e-02
-5.601119158589844271e-02
-5.619296567625824829e-02
-5.637725866693264754e-02
-5.656402517013834480e-02
-5.675321894608145734e-02
-5.694479291020726475e-02
-5.713869913619150365e-02
-5.733488885462856288e-02
-5.753331244738836558e-02
-5.773391943762842815e-02
-5.793665847546446146e-02
-5.814147731932422375e-02
-5.834832281302668178e-02
-5.855714085865291324e-02
-5.876787638529556990e-02
-5.898047331380168457e-02
-5.919487451764526148e-02
-5.941102178009655815e-02
-5.962885574788197307e-02
-5.984831588153537163e-02
-6.006934040258243152e-02
-6.029186623792561622e-02
-6.051582896076646012e-02
-6.074116272741419964e-02
-6.096780022647228098e-02
-6.119567263479217673e-02
-6.142470959155876820e-02
-6.165483915379551400e-02
-6.188598773768960032e-02
-6.211808005701860425e-02
-6.235103906213734087e-02
-6.258478588046495483e-02
-6.281923975921743786e-02
-6.305431801113432766e-02
-6.328993596393778232e-02
-6.352600691496546048e-02
-6.376244209251183404e-02
-6.399915062549343947e-02
-6.423603951917396249e-02
-6.447301364158808390e-02
-6.470997572218922800e-02
-6.494682636397133835e-02
-6.518346406808925297e-02
-6.541978527550226796e-02
-6.565568442692532036e-02
-6.589105404240980235e-02
-6.612578482219400033e-02
-6.635976577074703675e-02
-6.659288434582610883e-02
-6.682502663061867798e-02
-6.705607753310988128e-02
-6.728592101276309467e-02
-6.751444033420850310e-02
-6.774151834751507284e-02
-6.796703779401880308e-02
-6.819088163603315156e-02
-6.841293340806786638e-02
-6.863307758649073165e-02
-6.885119997388011726e-02
-6.906718809366974021e-02
-6.928093159020343172e-02
-6.949232262943261240e-02
-6.970125629435397485e-02
-6.990763096781793529e-02
-7.011134869956636706e-02
-7.031231555189410010e-02
-7.051044191891486790e-02
-7.070564281534430506e-02
-7.089783813144578950e-02
-7.108695285158073141e-02
-7.127291723466622209e-02
-7.145566695566540893e-02
-7.163514320805952629e-02
-7.181129276797548755e-02
-7.198406802131662729e-02
-7.215342695577198207e-02
-7.231933312005955905e-02
-7.248176060225075545e-02
-7.264071257179316454e-02
-7.279622037910105092e-02
-7.294833737313810573e-02
-7.309713352103619499e-02
-7.324269076262579503e-02
-7.338509903461742923e-02
-7.352445290136833123e-02
-7.366084873191081073e-02
-7.379438236629809467e-02
-7.392514721738141503e-02
-7.405323275798014748e-02
-7.417872334691999470e-02
-7.430169735108282936e-02
-7.442222652433372332e-02
-7.454037560745252478e-02
-7.465620211682733043e-02
-7.476975629267634815e-02
-7.488108118062886120e-02
-7.499021282363660390e-02
-7.509718054312397584e-02
-7.520200729153447838e-02
-7.530471006001526746e-02
-7.540530032777237324e-02
-7.550378454005901574e-02
-7.560016460588503406e-02
-7.569443840524359146e-02
-7.578660029902684059e-02
-7.587664163557095165e-02
-7.596455124821721583e-02
-7.605031594003852646e-02
-7.613392095263238346e-02
-7.621535041564220236e-02
-7.629458777605968578e-02
-7.637161620552568309e-02
-7.644641898468673702e-02
-7.651897986462929957e-02
-7.658928340491510944e-02
-7.665731528887986812e-02
-7.672306261632999558e-02
-7.678651417459514406e-02
-7.684766068865411803e-02
-7.690649505189250945e-02
-7.696301253720783109e-02
-7.701721099149860805e-02
-7.706909101303094367e-02
-7.711865611409063348e-02
-7.716591286931140381e-02
-7.721087105116614113e-02
-7.725354375468851398e-02
-7.729394751048612733e-02
-7.733210238942295200e-02
-7.736803209861556341e-02
-7.740176406978538370e-02
-7.743332954189946493e-02
-7.746276363757936823e-02
-7.749010543544571084e-02
-7.751539803358140079e-02
-7.753868860275212049e-02
-7.756002846582796262e-02
-7.757947316265842441e-02
-7.759708250914656991e-02
-7.761292065455488443e-02
-7.762705613975107166e-02
-7.763956195421403694e-02
-7.765051559456820351e-02
-7.765999912403073746e-02
-7.766809923384992986e-02
-7.767490730693141221e-02
-7.768051950977752917e-02
-7.768503694794343106e-02
-7.768856573588056591e-02
-7.769121704104356430e-02
-7.769310712740973290e-02
-7.769435739789454232e-02
-7.769509443461214415e-02
-7.769545003542138728e-02
-7.769556124108181749e-02
-7.769557032224042037e-02
-7.406780501691771768e-02
-7.411683167129157201e-02
-7.416587690160419966e-02
-7.421483532878511702e-02
-7.426368874754324390e-02
-7.431245124584663631e-02
-7.436115442693466693e-02
-7.440976437286798972e-02
-7.445827279198029280e-02
-7.450667126869581214e-02
-7.455495150397330184e-02
-7.460310518005444647e-02
-7.465112492238734632e-02
-7.469900300621958034e-02
-7.474673152474842208e-02
-7.479429750595364967e-02
-7.484169923537015157e-02
-7.488893398484665342e-02
-7.493599646622065014e-02
-7.498288180495482624e-02
-7.502958530567976903e-02
-7.507610325397442996e-02
-7.512243183904557253e-02
-7.516856765731885770e-02
-7.521450772698845544e-02
-7.526024942240433502e-02
-7.530579047113850066e-02
-7.535113280853644735e-02
-7.539627607901096262e-02
-7.544121557280000778e-02
-7.548595941070035398e-02
-7.553049948407011827e-02
-7.557483573490339501e-02
-7.561897699683642338e-02
-7.566292514991651563e-02
-7.570668062806011622e-02
-7.575024032430283105e-02
-7.579360585037465958e-02
-7.583677970444910321e-02
-7.587976274699322066e-02
-7.592255982813633786e-02
-7.596517470848146436e-02
-7.600760984194784853e-02
-7.604986977489701372e-02
-7.609195949984810803e-02
-7.613388444580644621e-02
-7.617565046624863445e-02
-7.621726382448569537e-02
-7.625873117683577840e-02
-7.630005955403909579e-02
-7.634125634132835070e-02
-7.638232777464040724e-02
-7.642328207265494666e-02
-7.646412906669700082e-02
-7.650487439206270224e-02
-7.654552682300852506e-02
-7.658608547047149329e-02
-7.662656763321781805e-02
-7.666698562511294057e-02
-7.670734787498989515e-02
-7.674767411426225427e-02
-7.678799955549213407e-02
-7.682832357865412853e-02
-7.686863015745482031e-02
-7.690893375045614044e-02
-7.694923612595572227e-02
-7.698954734061544403e-02
-7.702987717390927247e-02
-7.707024100039115699e-02
-7.711064862478694826e-02
-7.715110985960441092e-02
-7.719163447292534674e-02
-7.723223414721586133e-02
-7.727291620711820852e-02
-7.731369198015894395e-02
-7.735456862019370050e-02
-7.739555697198013950e-02
-7.743666579452009036e-02
-7.747790165247600558e-02
-7.751927460566590544e-02
-7.756079258289974576e-02
-7.760246316042546111e-02
-7.764429169312297985e-02
-7.768628673188142375e-02
-7.772846448470221992e-02
-7.777092854535964939e-02
-7.781367794079571687e-02
-7.785671200330999964e-02
-7.790002567340714723e-02
-7.794361300673295634e-02
-7.798746716064230977e-02
-7.803158038261681639e-02
-7.807594400113873623e-02
-7.812054841913006198e-02
-7.816538310976924031e-02
-7.821043661429377680e-02
-7.825569654126282582e-02
-7.830114956666589521e-02
-7.834679500155913856e-02
-7.839260336883846492e-02
-7.839600501716879888e-02
-7.841939564106981120e-02
-7.848160248667294947e-02
-7.860024304464230394e-02
-7.879177255885475017e-02
-7.907151186901875684e-02
-7.945367195730465570e-02
-7.995137850327778406e-02
-8.057669644941842235e-02
-8.134065456903363800e-02
-8.225327003368956835e-02
-8.332357297804215968e-02
-8.455963105978206440e-02
-8.596857401325407044e-02
-8.755661819491197817e-02
-8.932909111467911278e-02
-9.129045596097694337e-02
-9.344433611236220572e-02
-9.579353963520340076e-02
-9.834008376798558659e-02
-1.010852193910005969e-01
-1.040294554797066007e-01
-1.071725835412634248e-01
-1.105137020349580834e-01
-1.140512407813286250e-01
-1.177829828386076916e-01
-1.217060819254939807e-01
-1.258170958446451770e-01
-1.301120141696524846e-01
-1.345862828860750482e-01
-1.392348287522481298e-01
-1.440520834880803236e-01
-1.490320075281248990e-01
-1.541681131102122793e-01
-1.594534892681518934e-01
-1.648808260746049137e-01
-1.704424385057227709e-01
-1.761302902926487057e-01
-1.819360177481575414e-01
-1.878509535653613560e-01
-1.938661505904800408e-01
-1.999724055719924731e-01
-2.061602828843434598e-01
-2.124201382282053241e-01
-2.187421423094987882e-01
-2.251163045002391727e-01
-2.315324964865957125e-01
-2.379804759136255887e-01
-2.444499100444638695e-01
-2.509303994602631871e-01
-2.574115018296868618e-01
-2.638827558389776895e-01
-2.703337053532173240e-01
-2.767539239312468702e-01
-2.831330398462722497e-01
-2.894607617809052957e-01
-2.957269053634405398e-01
-3.019214206787373955e-01
-3.080344208170322506e-01
-3.140562114226134183e-01
-3.199773208578023942e-01
-3.257885305532404185e-01
-3.314809070220435805e-01
-3.370458332355347753e-01
-3.424750393606236232e-01
-3.477606328376250944e-01
-3.528951275793457132e-01
-3.578714721769455931e-01
-3.626830770775597013e-01
-3.673238407504500480e-01
-3.717881748957944654e-01
-3.760710289702979270e-01
-3.801679141705235909e-01
-3.840749253349658998e-01
-3.877887630485238879e-01
-3.913067554787057478e-01
-3.946268797214843582e-01
-3.977477827348466777e-01
-4.006688019277048207e-01
-4.033899854632270743e-01
-4.059121123280420296e-01
-4.082367122120926228e-01
-4.103660852377983836e-01
-4.123033215716246369e-01
-4.140523209463557452e-01
-4.156178121180112983e-01
-4.170053722774918481e-01
-4.182214464336212467e-01
-4.192733667812065246e-01
-4.201693720650512276e-01
-4.209186269485505338e-01
-4.215312413934370062e-01
-4.220182900555680128e-01
-4.223918317001447154e-01
-4.226649286386089388e-01
-4.228516661884944572e-01
-4.229671721567747067e-01
-4.230276363467093681e-01
-4.230503300877999084e-01
-4.230536257882491213e-01
-4.574813277143918722e-01
-4.575502636112880883e-01
-4.576152282182935904e-01
-4.576840277196780327e-01
-4.577670009769954640e-01
-4.578550012501392819e-01
-4.579215946117060621e-01
-4.579874369137622026e-01
-4.580524992872058720e-01
-4.581167515649917643e-01
-4.581801627349499917e-01
-4.582427431557980491e-01
-4.583045394902807712e-01
-4.583655938129403418e-01
-4.584259414510870601e-01
-4.584856102389173182e-01
-4.585446277843420737e-01
-4.586030153904305795e-01
-4.586607909786216131e-01
-4.587179710339590599e-01
-4.587745702348009491e-01
-4.588306017612667764e-01
-4.588860774960659694e-01
-4.589410080722975405e-01
-4.589954033116325216e-01
-4.590492719226559326e-01
-4.591145813367572548e-01
-4.591695009528786731e-01
-4.592228584122914903e-01
-4.592748994685156849e-01
-4.593258156551471294e-01
-4.593757669963499657e-01
-4.594248832907973368e-01
-4.594732707695641238e-01
-4.595210134446078842e-01
-4.595681772423694800e-01
-4.596148169750019497e-01
-4.596609725964119764e-01
-4.597066718903368154e-01
-4.597519271547605979e-01
-4.597967398633698854e-01
-4.598412037883735648e-01
-4.598853216481479378e-01
-4.599291026100222890e-01
-4.599725496501569366e-01
-4.600156698295671531e-01
-4.600584722701065443e-01
-4.601009687664229242e-01
-4.601431790132769484e-01
-4.601851173422843444e-01
-4.602268059619095131e-01
-4.602682709447786236e-01
-4.603095421402400578e-01
-4.603506530003349528e-01
-4.603916402950551934e-01
-4.604325437308585678e-01
-4.604734054877712146e-01
-4.605142696910733968e-01
-4.605551818336968140e-01
-4.605961881652189116e-01
-4.606373350629357488e-01
-4.606786618405242506e-01
-4.607202202109943467e-01
-4.607620534077219165e-01
-4.608042023613800331e-01
-4.608466983860777244e-01
-4.608895846791957185e-01
-4.609328868949150171e-01
-4.609766288538824641e-01
-4.610208673722723249e-01
-4.610655990924033554e-01
-4.611108323255502239e-01
-4.611565784688637093e-01
-4.612028382256577741e-01
-4.612496215622785001e-01
-4.612969269821800555e-01
-4.613447390088635247e-01
-4.613930580586645958e-01
-4.614418726865782139e-01
-4.614911686793580770e-01
-4.615409293694116566e-01
-4.615911421365753164e-01
-4.616417886132592741e-01
-4.616928701536807678e-01
-4.617443734450825121e-01
-4.617962810505556459e-01
-4.618485717847399807e-01
-4.619012210762660775e-01
-4.619542013349207665e-01
-4.620074823210693626e-01
-4.620610315144833558e-01
-4.621148144793503221e-01
-4.621687952218719864e-01
-4.622229365365357889e-01
-4.622772003369279292e-01
-4.623315479667546857e-01
-4.623893603305510025e-01
-4.626643840247036121e-01
-4.630616747099524089e-01
-4.631163063108941214e-01
-4.631170597619328477e-01
-4.631222755269439051e-01
-4.631362457577567482e-01
-4.631630767566921048e-01
-4.632066959120120231e-01
-4.632708516787162889e-01
-4.633591228418269536e-01
-4.634749240569921436e-01
-4.636215131294478264e-01
-4.638019950121587409e-01
-4.640193289618017580e-01
-4.642763303898531646e-01
-4.645756723686038647e-01
-4.649198835419572351e-01
-4.653113568932457644e-01
-4.657523485595310153e-01
-4.662449914796595318e-01
-4.667913024130810884e-01
-4.673931858017269514e-01
-4.680524374490347972e-01
-4.687707480266838367e-01
-4.695497064119341091e-01
-4.703908028595746305e-01
-4.712954320260950292e-01
-4.722648958464232272e-01
-4.733004062580696836e-01
-4.744030877945166202e-01
-4.755739800524190208e-01
-4.768140400367915643e-01
-4.781241443896042109e-01
-4.795050915067303188e-01
-4.809576035466904820e-01
-4.824823283358967707e-01
-4.840798411839368764e-01
-4.857506465906364368e-01
-4.874951798624587163e-01
-4.893138086400709019e-01
-4.912068343377259949e-01
-4.931744934964494842e-01
-4.952169590527099041e-01
-4.973343415254187772e-01
-4.995266901224534317e-01
-5.017939937543938189e-01
-5.041361819765994845e-01
-5.065531258487604438e-01
-5.090446387108094051e-01
-5.116104768749327736e-01
-5.142503402317077921e-01
-5.169638727676857393e-01
-5.197506629909032227e-01
-5.226102442598852260e-01
-5.255420950106910460e-01
-5.285456388753504431e-01
-5.316202446837878792e-01
-5.347652263398006145e-01
-5.379798425600693657e-01
-5.412632964632502208e-01
-5.446147349941654614e-01
-5.480332481656943200e-01
-5.515178680984407222e-01
-5.550675678352157139e-01
-5.586812599042174643e-01
-5.623577946012434658e-01
-5.660959579565421063e-01
-5.698944693481757806e-01
-5.737519787271319061e-01
-5.776670634006701999e-01
-5.816382243259257123e-01
-5.856638818629227305e-01
-5.897423709342533016e-01
-5.938719355406099076e-01
-5.980507225866138477e-01
-6.022767749839106344e-01
-6.065480240268397161e-01
-6.108622810508386181e-01
-6.152172284382322331e-01
-6.196104100939079373e-01
-6.240392215877781368e-01
-6.285009002562995661e-01
-6.329925156390618923e-01
-6.375109607344402463e-01
-6.420529446468048462e-01
-6.466149872406523613e-01
-6.511934164328572194e-01
-6.557843687039239811e-01
-6.603837932885578965e-01
-6.649874603371026538e-01
-6.695909731258229414e-01
-6.741897841723512030e-01
-6.787792149011178111e-01
-6.833544783422826896e-01
-6.879107042327188282e-01
-6.924429658416926259e-01
-6.969463078568924885e-01
-7.014157747055884684e-01
-7.058464387367582304e-01
-7.102334278457722583e-01
-7.145719521377138506e-01
-7.188573293653317542e-01
-7.230850089061648944e-01
-7.272505941241083072e-01
-7.313498630169943393e-01
-7.353787870518786463e-01
-7.393335481442293577e-01
-7.432105537415660823e-01
-7.470064499863533491e-01
-7.507181329463737951e-01
-7.543427579115422610e-01
-7.578777468274578988e-01
-7.613207939668031887e-01
-7.646698694443185840e-01
-7.679232209732914649e-01
-7.710793738705350453e-01
-7.741371293653912522e-01
-7.770955613197265688e-01
-7.799540114510190580e-01
-7.827120831771121612e-01
-7.853696342095328742e-01
-7.879267680285546582e-01
-7.903838243788336992e-01
-7.927413689354592119e-01
-7.950001822905828908e-01
-7.971612485150668670e-01
-7.992257437619547655e-01
-8.011950237926067642e-01
-8.030706112165556521e-01
-8.048541827659463355e-01
-8.065475566678703689e-01
-8.081526801821261596e-01
-8.096716173661895333e-01
-8.111065371221448661e-01
-8.124597015725405491e-01
-8.137334548040859872e-01
-8.149302120100232472e-01
-8.160524490543172860e-01
-8.171026924734814401e-01
-8.180835099252437015e-01
-8.189975010873522532e-01
-8.198472890040389149e-01
-8.206355118729680154e-01
-8.213648152643835409e-01
-8.220378447569673952e-01
-8.226572389766100279e-01
-8.232256230220107440e-01
-8.237456022588665050e-01
-8.242197564633362283e-01
-8.246506342947768076e-01
-8.250407480776047464e-01
-8.253925666124635185e-01
-8.257085065345219910e-01
-8.259909422714746263e-01
-8.262421961465014064e-01
-8.264645318567040988e-01
-8.266601507092774526e-01
-8.268311880392729130e-01
-8.269797097973810018e-01
-8.271077092954552956e-01
-8.272171040771711947e-01
-8.273096078026649369e-01
-8.273865233655313123e-01
-8.274494119393824842e-01
-8.274993328465970466e-01
-8.275371759685451467e-01
-8.275638177526063455e-01
-8.275801276671055362e-01
-8.275869735490333223e-01
-8.275852258960042507e-01
-8.275757611770868660e-01
-8.275594641896706349e-01
-8.275372294703761122e-01
-8.275099617664520846e-01
-8.274785754334794685e-01
-8.274439925954101271e-01
-8.274071406814937912e-01
-8.273693162344438745e-01
-8.273313501743095877e-01
-8.261137051543612220e-01
-8.255514234123549899e-01
-8.250904325203796130e-01
-8.248071493887140226e-01
-8.247010591756847031e-01
-8.247709796854690856e-01
-8.250147717332663166e-01
-8.254290577183671651e-01
-8.260091515646744709e-01
-8.267489729381627406e-01
-8.276409206499407700e-01
-8.286757462913041383e-01
-8.298425143147590832e-01
-8.311285787596062180e-01
-8.325195797963133026e-01
-8.339994661117343666e-01
-8.355505519848884788e-01
-8.371536207872417590e-01
-8.387880888741031660e-01
-8.404322451531685001e-01
-8.420635816864229239e-01
-8.436592284470778580e-01
-8.451964997137297875e-01
-8.466535509107857571e-01
-8.480101286190891985e-01
-8.492483751886795718e-01
-8.503536324216666165e-01
-8.513151759740809066e-01
-8.521268054822728200e-01
-8.527872204403793566e-01
-8.533001288416446339e-01
-8.536740610002699903e-01
-8.539218489780866506e-01
-8.540597157869371792e-01
-8.541060856025292081e-01
-8.540803560662967309e-01
-8.540017484951183402e-01
-8.538882502179497846e-01
-8.537556571438182917e-01
-8.536167170778180546e-01
-8.534803681901009798e-01
-8.533510640494328392e-01
-8.532281765220174341e-01
-8.531054704612209827e-01
-8.529706487715845720e-01
-8.528049737248364348e-01
-8.525829799446233981e-01
-8.522723063760963003e-01
-8.518336952988572186e-01
-8.512212152692969491e-01
-8.503827689747561758e-01
-8.492609568431326306e-01
-8.477943691822136252e-01
-8.459193667897797475e-01
-8.435723746363303910e-01
-8.406926477287698374e-01
-8.372253714091545396e-01
-8.331248434850918594e-01
-8.283573859999527889e-01
-8.229035975152021454e-01
-8.167596218213108994e-01
-8.147546742633897665e-01
-8.143924778841417078e-01
-8.136502059930322828e-01
-8.125358186394312510e-01
-8.110634549434314611e-01
-8.092516865310611651e-01
-8.071235122369657677e-01
-8.047063072919253823e-01
-8.020317343572642699e-01
-7.991356254407581128e-01
-7.960578414592479612e-01
-7.928421130291667396e-01
-7.895358627336174218e-01
-7.861900061377654625e-01
-7.828587264263708878e-01
-7.795992156290639796e-01
-7.764713735885361290e-01
-7.735374534231124199e-01
-7.708616380869712792e-01
-7.685095251125619864e-01
-7.665474840376349519e-01
-7.650418321382203013e-01
-7.640577486100615934e-01
-7.636578161323517300e-01
-7.639000462049267970e-01
-7.648352227709478424e-01
-7.665034101787704390e-01
-7.689295530778097465e-01
-7.721182945938697140e-01
-7.760392530148287893e-01
-7.806178784693535988e-01
-7.857427168355847202e-01
-7.912753350938749319e-01
-7.970612331629256531e-01
-8.029434089854745604e-01
-8.087758539584231077e-01
-8.144344780946037865e-01
-8.198241039613172187e-01
-8.248815082279992161e-01
-8.295754286574673619e-01
-8.295765410717788058e-01
-8.295842213511867014e-01
-8.296047145345967211e-01
-8.296435573102366456e-01
-8.297046222221193812e-01
-8.297914368242428340e-01
-8.299076596612801060e-01
-8.300571244328649456e-01
-8.302438681280358557e-01
-8.304721537037611512e-01
-8.307464846838629180e-01
-8.310716094493337813e-01
-8.314525248228573640e-01
-8.318944449135733388e-01
-8.324027758747698513e-01
-8.329830902867170206e-01
-8.336410958673852178e-01
-8.343825988091981838e-01
-8.352134681823648599e-01
-8.361396057352674660e-01
-8.371668371390287300e-01
-8.383006062137108305e-01
-8.395454843789674770e-01
-8.409050940843411093e-01
-8.423821512395517352e-01
-8.439785093537941485e-01
-8.456952052709507672e-01
-8.475325062807338439e-01
-8.494899583681825295e-01
-8.515664353576779533e-01
-8.537601886968602116e-01
-8.560688976289689833e-01
-8.584897194965316336e-01
-8.610193398313371604e-01
-8.636540220556961911e-01
-8.663896565216436807e-01
-8.692218086216159101e-01
-8.721457244943761067e-01
-8.751562682164911733e-01
-8.782481302167305381e-01
-8.814159104362762065e-01
-8.846541479913567763e-01
-8.879573490994994156e-01
-8.913200128434857206e-01
-8.947366543475853140e-01
-8.982018249151290101e-01
-9.017101286272564131e-01
-9.052562348604383802e-01
-9.088348861914335997e-01
-9.124409009389284897e-01
-9.160691697757614715e-01
-9.197146458397476021e-01
-9.233723279634746817e-01
-9.270372370767963055e-01
-9.307043861932520201e-01
-9.343687453550653110e-01
-9.380221553808851809e-01
-9.416451409335699907e-01
-9.452175513888931846e-01
-9.487204882287514351e-01
-9.521377182299346487e-01
-9.554553020061398172e-01
-9.586612982395088522e-01
-9.617458114670469627e-01
-9.647008034447850378e-01
-9.675203954985427401e-01
-9.701995703506316460e-01
-9.727352391255799091e-01
-9.751244769383937694e-01
-9.773662388085213593e-01
-9.794599433225457119e-01
-9.814049986376573997e-01
-9.832016483796479633e-01
-9.848509412459556245e-01
-9.863544858300521412e-01
-9.877143551084905937e-01
-9.889333673669331581e-01
-9.900149749677291666e-01
-9.909622448302553011e-01
-9.917785051849330458e-01
-9.924675757658825148e-01
-9.930342595050412058e-01
-9.934843298766855568e-01
-9.938224728435063327e-01
-9.940536983074714783e-01
-9.941841083040445781e-01
-9.942208905919458495e-01
-9.941716652980669977e-01
-9.940431187035296823e-01
-9.938412266097618186e-01
-9.935722552427024290e-01
-9.932435506917975943e-01
-9.928641092174090854e-01
-9.924454174062127265e-01
-9.920037229279872193e-01
-9.915675278659961123e-01
-9.911914408559141521e-01
-9.909374375761927922e-01
-9.908216877928310851e-01
-9.907999518827548258e-01
-9.907999518827548258e-01
-9.828060732162270385e-01
-9.826015292896422837e-01
-9.825732432302831665e-01
-9.820933149281864116e-01
-9.814343362374406965e-01
-9.807423502031114015e-01
-9.801629953873981504e-01
-9.795245554774484331e-01
-9.792197712525106956e-01
-9.792102640391041612e-01
-9.792122915200213162e-01
-9.792181476771264492e-01
-9.792277872887138468e-01
-9.792412313711459371e-01
-9.792584852115583383e-01
-9.792795185406354408e-01
-9.793042388700539114e-01
-9.793325190845085793e-01
-9.793642020373236612e-01
-9.793991035589406646e-01
-9.794370204289020165e-01
-9.794777368840535958e-01
-9.795210299999960180e-01
-9.795666738554992259e-01
-9.796144427369247731e-01
-9.796641139793527131e-01
-9.797154694892353799e-01
-9.797683008762206880e-01
-9.798223940264307874e-01
-9.798775548396592150e-01
-9.799335958838611971e-01
-9.799903358938989451e-01
-9.800476018946066015e-01
-9.801052291138431238e-01
-9.801630609061108279e-01
-9.802209486131345795e-01
-9.802787513554561682e-01
-9.803363360033853224e-01
-9.803935771050236170e-01
-9.804502439300331051e-01
-9.805064670666383542e-01
-9.805622010030182745e-01
-9.806173963984647912e-01
-9.806720130346708864e-01
-9.807260123609086166e-01
-9.807793574424990002e-01
