-3.604745083116098716e-06
-1.441898033246439486e-05
-3.244270574804488972e-05
-5.767592132985758624e-05
-9.011862707790246917e-05
-1.297708229921795318e-04
-1.766325090726888146e-04
-2.307036853194302907e-04
-2.919843517324039600e-04
-3.604745083116098225e-04
-4.351303249661617168e-04
-5.149079716051735900e-04
-5.998074482286453336e-04
-6.898287548365770018e-04
-7.849718914289685948e-04
-8.852368580058201123e-04
-9.906236545671315546e-04
-1.101132281112903030e-03
-1.216762737643134430e-03
-1.337515024157825754e-03
-1.463030427173663125e-03
-1.592950233207332880e-03
-1.727274442258835020e-03
-1.866003054328169326e-03
-2.009136069415335801e-03
-2.156673487520334876e-03
-2.308615308643166119e-03
-2.464961532783829963e-03
-2.625712159942325975e-03
-2.790867190118654154e-03
-2.960145971394114849e-03
-3.133267851850007543e-03
-3.310232831486332669e-03
-3.491040910303090227e-03
-3.675692088300279783e-03
-3.864186365477901772e-03
-4.056523741835955758e-03
-4.252704217374442611e-03
-4.452727792093361461e-03
-4.656594465992712310e-03
-4.864085632152445604e-03
-5.074982683652510922e-03
-5.289285620492909130e-03
-5.506994442673639363e-03
-5.728109150194701620e-03
-5.952629743056095900e-03
-6.180556221257823071e-03
-6.411888584799882267e-03
-6.646626833682273486e-03
-6.884770967904997596e-03
-7.126137481863712396e-03
-7.370542869954077418e-03
-7.617987132176091795e-03
-7.868470268529756395e-03
-8.121992279015071217e-03
-8.378553163632035394e-03
-8.638152922380648926e-03
-8.900791555260913548e-03
-9.166469062272827525e-03
-9.435185443416390857e-03
-9.706763884799489081e-03
-9.981027572530007733e-03
-1.025797650660794508e-02
-1.053761068703330285e-02
-1.081993011380608105e-02
-1.110493478692627795e-02
-1.139262470639389527e-02
-1.168299987220893128e-02
-1.197606028437138773e-02
-1.227180594288126286e-02
-1.257004147325230248e-02
-1.287057150099825235e-02
-1.317339602611911249e-02
-1.347851504861488116e-02
-1.378592856848556009e-02
-1.409563658573114754e-02
-1.440763910035164526e-02
-1.472193611234705150e-02
-1.503852762171736801e-02
-1.535741362846259478e-02
-1.567835979473184913e-02
-1.600113178267425357e-02
-1.632572959228981158e-02
-1.665215322357851968e-02
-1.698040267654037788e-02
-1.731047795117538618e-02
-1.764237904748354457e-02
-1.797610596546485306e-02
-1.831165870511931165e-02
-1.864903726644692034e-02
-1.898795264631844559e-02
-1.932811584160465737e-02
-1.966952685230555220e-02
-2.001218567842113355e-02
-2.035609231995140142e-02
-2.070124677689635234e-02
-2.104764904925598978e-02
-2.139529913703031375e-02
-2.174419704021932076e-02
-2.209434275882301429e-02
-2.244538021469273323e-02
-2.279695332967981644e-02
-2.314906210378426393e-02
-2.350170653700607223e-02
-2.385488662934524481e-02
-2.420860238080178167e-02
-2.456285379137568281e-02
-2.491764086106694823e-02
-2.527296358987557792e-02
-2.562882197780157190e-02
-2.598478273338750491e-02
-2.634041256517595173e-02
-2.669571147316691234e-02
-2.705067945736038676e-02
-2.740531651775637498e-02
-2.775962265435487700e-02
-2.811359786715589282e-02
-2.846724215615942244e-02
-2.882055552136546586e-02
-2.917353796277402309e-02
-2.952566735994735514e-02
-2.987642159244771958e-02
-3.022580066027511989e-02
-3.057380456342955258e-02
-3.092043330191101766e-02
-3.126568687571951860e-02
-3.160956528485505540e-02
-3.195206852931762459e-02
-3.229319660910722617e-02
-3.263294952422386014e-02
-3.297071431195765234e-02
-3.330587800959872863e-02
-3.363844061714708206e-02
-3.396840213460271957e-02
-3.429576256196564116e-02
-3.462052189923583989e-02
-3.494268014641332271e-02
-3.526223730349808960e-02
-3.557919337049014058e-02
-3.589354834738946870e-02
-3.620460166343254793e-02
-3.651165274785583836e-02
-3.681470160065934694e-02
-3.711374822184306671e-02
-3.740879261140700462e-02
-3.769983476935116068e-02
-3.798687469567552794e-02
-3.826991239038011333e-02
-3.854894785346490993e-02
-3.882398108492992467e-02
-3.909424756913437715e-02
-3.935898279043749393e-02
-3.961818674883927499e-02
-3.987185944433972035e-02
-4.012000087693882999e-02
-4.036261104663660393e-02
-4.059968995343304216e-02
-4.083123759732814467e-02
-4.105725397832191148e-02
-4.127773909641434258e-02
-4.149189739092949691e-02
-4.169893330119143343e-02
-4.189884682720015213e-02
-4.209163796895565302e-02
-4.227730672645793608e-02
-4.245585309970700827e-02
-4.262727708870286264e-02
-4.279157869344549919e-02
-4.294875791393491793e-02
-4.309881475017111885e-02
-4.324096170969738556e-02
-4.337441130005699474e-02
-4.349916352124994640e-02
-4.361521837327623358e-02
-4.372257585613586323e-02
-4.382123596982883534e-02
-4.391119871435514993e-02
-4.399246408971480699e-02
-4.406503209590780651e-02
-4.412890273293414156e-02
-4.418335750719716570e-02
-4.422767792510022555e-02
-4.426186398664332805e-02
-4.428591569182646626e-02
-4.429983304064964017e-02
-4.430361603311284979e-02
-4.429726466921609512e-02
-4.428077894895937616e-02
-4.425415887234269291e-02
-4.421740443936605230e-02
-4.416996837535683978e-02
-4.411130340564244773e-02
-4.404140953022288307e-02
-4.396028674909813888e-02
-4.386793506226821515e-02
-4.376435446973311882e-02
-4.364954497149284296e-02
-4.352350656754738756e-02
-4.338623925789675956e-02
-4.323774304254095202e-02
-4.307779658674810302e-02
-4.290617855578635065e-02
-4.272288894965569489e-02
-4.252792776835612881e-02
-4.232129501188765935e-02
-4.210299068025028651e-02
-4.187301477344401029e-02
-4.163136729146883069e-02
-4.137804823432474077e-02
-4.111305760201174747e-02
-4.083665019878411628e-02
-4.054908082889611270e-02
-4.025034949234774367e-02
-3.994045618913900225e-02
-3.961940091926988844e-02
-3.928718368274040224e-02
-3.894380447955055058e-02
-3.858926330970032653e-02
-3.822356017318973009e-02
-3.784669507001876126e-02
-3.746007332809185575e-02
-3.706510027531344231e-02
-3.666177591168352790e-02
-3.625010023720210556e-02
-3.583007325186918224e-02
-3.540169495568475100e-02
-3.496496534864881184e-02
-3.451988443076137170e-02
-3.406645220202242363e-02
-3.360466866243197459e-02
-3.563421724215956599e-02
-3.525321392046110169e-02
-3.512239753813450882e-02
-3.510582427698759334e-02
-3.508947493908223803e-02
-3.507319720597726342e-02
-3.505699008944261619e-02
-3.504085101409716574e-02
-3.502477813979303078e-02
-3.500877021413265067e-02
-3.499282750221859029e-02
-3.497695003963702254e-02
-3.496113604155130783e-02
-3.494538604280836291e-02
-3.492970069516221354e-02
-3.491408106693728863e-02
-3.489852858582805084e-02
-3.488304499174725570e-02
-3.486763327234146392e-02
-3.485229580163268226e-02
-3.483703336520573013e-02
-3.482184897197787565e-02
-3.480674631045478640e-02
-3.479172789021285628e-02
-3.477679283449783276e-02
-3.476194339527008403e-02
-3.474718433327948774e-02
-3.473252002684304451e-02
-3.471796090573124605e-02
-3.470350280103795537e-02
-3.468914975533833600e-02
-3.467490577663626117e-02
-3.466077613800831736e-02
-3.464676614240379260e-02
-3.463287498790190710e-02
-3.461910685217751971e-02
-3.460546568731984185e-02
-3.459195534731021593e-02
-3.457858477758067595e-02
-3.456535139415541080e-02
-3.455225984271924344e-02
-3.453931433737493506e-02
-3.452651855483100662e-02
-3.451387587523545297e-02
-3.450138974330810293e-02
-3.448906365246237615e-02
-3.447690112574351706e-02
-3.446490569764200373e-02
-3.445308089800903917e-02
-3.444143023821813476e-02
-3.442995719935240673e-02
-3.441866760711113915e-02
-3.440756372989089984e-02
-3.439664554437643629e-02
-3.438591640889071543e-02
-3.437537934578695220e-02
-3.436503720037073495e-02
-3.435489270510846960e-02
-3.434494849892329171e-02
-3.433520712853320445e-02
-3.432567104325374985e-02
-3.431634258801637138e-02
-3.430722356983302579e-02
-3.429831539419640751e-02
-3.428961945170680425e-02
-3.428113708245132674e-02
-3.427286954924960161e-02
-3.426481801727028487e-02
-3.425698353845814392e-02
-3.424936703972848717e-02
-3.424196931419712375e-02
-3.423479101491001819e-02
-3.422782988999022169e-02
-3.422108865750662920e-02
-3.421456400370513629e-02
-3.420825850398362400e-02
-3.420217101242285784e-02
-3.419630056377696847e-02
-3.419064621284648164e-02
-3.418520694909119029e-02
-3.417998165902044749e-02
-3.417496911033189588e-02
-3.417016750143347936e-02
-3.416557459133984231e-02
-3.416118810425827768e-02
-3.415700570873547726e-02
-3.415302500434086452e-02
-3.414924351351893150e-02
-3.414565867721235104e-02
-3.414226341996115521e-02
-3.413906070321930109e-02
-3.413604748491741447e-02
-3.413321997617775605e-02
-3.413057429532674603e-02
-3.412810668477143927e-02
-3.412581342752842029e-02
-3.412368581330685324e-02
-3.412172740661076342e-02
-3.411993340440785949e-02
-3.411829950310044102e-02
-3.411682168148202909e-02
-3.411549602940371073e-02
-3.411431831879299659e-02
-3.411327655368079359e-02
-3.411237431376956675e-02
-3.411160646402759677e-02
-3.411096970936924877e-02
-3.411046066108114339e-02
-3.411007582441580310e-02
-3.410980875036517812e-02
-3.410965465079886239e-02
-3.410960766261045274e-02
-3.410966380837514300e-02
-3.410982110389970678e-02
-3.411007547593117306e-02
-3.411042311836975927e-02
-3.411086018971687395e-02
-3.411138283043492481e-02
-3.411198582819351122e-02
-3.411266519089393989e-02
-3.411341877686104029e-02
-3.411424245367755681e-02
-3.411513344476051202e-02
-3.411608966936253984e-02
-3.411710883736580879e-02
-3.411818850020237326e-02
-3.411932609353859891e-02
-3.412051897405821155e-02
-3.412176445103043410e-02
-3.412305981328814242e-02
-3.412440235218131002e-02
-3.412578938100860326e-02
-3.412721928421284801e-02
-3.412868993541762208e-02
-3.413020149810652715e-02
-3.413175114747502015e-02
-3.413333927138155477e-02
-3.413496399597179543e-02
-3.413662375794458692e-02
-3.413831696813127148e-02
-3.414004203567753970e-02
-3.414179738810836640e-02
-3.414358257470746782e-02
-3.414539789960441274e-02
-3.414724340699179517e-02
-3.414911894024805217e-02
-3.415102419145375767e-02
-3.415295874336862769e-02
-3.415492210477356905e-02
-3.415691374001324221e-02
-3.415893309350234719e-02
-3.416097960987946047e-02
-3.416305386442994307e-02
-3.416515718165731574e-02
-3.416729059155471093e-02
-3.416945489132727776e-02
-3.417165069677377542e-02
-3.417387848563481489e-02
-3.417613863392671147e-02
-3.417843144619277240e-02
-3.418075718050581080e-02
-3.418311606895979571e-02
-3.418550944037140882e-02
-3.418793933726961554e-02
-3.419040747736956654e-02
-3.419291531702094156e-02
-3.419546410368769218e-02
-3.419805492000957403e-02
-3.420068872060190446e-02
-3.420336636261479824e-02
-3.420608863094901086e-02
-3.420885625891162407e-02
-3.421167099485372676e-02
-3.421453523530533503e-02
-3.421745103820120204e-02
-3.422042018584912915e-02
-3.422344423660558799e-02
-3.422652456800670540e-02
-3.422966241263140919e-02
-3.423285888778791752e-02
-3.423611569346901584e-02
-3.423943346325634962e-02
-3.424281363003153777e-02
-3.424625856159178861e-02
-3.424977174356264031e-02
-3.425335314673384757e-02
-3.425700469806963744e-02
-3.426072777867941732e-02
-3.426452362406931518e-02
-3.426839335068865289e-02
-3.427233797769763113e-02
-3.427635844470283688e-02
-3.428045629712246634e-02
-3.428463345519897065e-02
-3.428889158163926643e-02
-3.429323212780302499e-02
-3.429765636996343070e-02
-3.430216543881239866e-02
-3.430676034345550574e-02
-3.431144199088603797e-02
-3.431621120173675155e-02
-3.432106872295578870e-02
-3.432601547734587255e-02
-3.433105248884339711e-02
-3.433618170968537331e-02
-3.434140279102526616e-02
-3.434671793067181622e-02
-3.435212599759444874e-02
-3.435762796267695374e-02
-3.436322437550222431e-02
-3.436891573597451732e-02
-3.437470249764201791e-02
-3.438058469091070934e-02
-3.438656207089008099e-02
-3.439263450582297210e-02
-3.439880300267043889e-02
-3.440506779784863189e-02
-3.441142716068155971e-02
-3.441788158757229377e-02
-3.442443123126770477e-02
-3.443303045628574865e-02
-3.443737923971937342e-02
-3.444147286990621726e-02
-3.444536614762942761e-02
-3.444910547706579729e-02
-3.445273432726295160e-02
-3.445628710458825683e-02
-3.445979322719290583e-02
-3.446327741841501147e-02
-3.446672169046408052e-02
-3.446936010258819932e-02
-3.447727533896054880e-02
-3.449046739958113589e-02
-3.450893628444996059e-02
-3.453268199356701595e-02
-3.456170452693230893e-02
-3.459600388454583259e-02
-3.463558006640759385e-02
-3.468043307251759272e-02
-3.473056290287582226e-02
-3.478567062172704949e-02
-3.484545729331603447e-02
-3.490992291764277722e-02
-3.497906749470728466e-02
-3.505289102450954986e-02
-3.513139350704957281e-02
-3.521457494232735352e-02
-3.530243533034289199e-02
-3.539497467109618822e-02
-3.549219296458724221e-02
-3.559376309789904352e-02
-3.569935795811456786e-02
-3.580897754523381521e-02
-3.592262185925679252e-02
-3.604029090018349285e-02
-3.616198466801391620e-02
-3.628770316274806951e-02
-3.641744638438594583e-02
-3.655121433292754518e-02
-3.668900700837287449e-02
-3.683055654297572035e-02
-3.697559506898988324e-02
-3.712412258641535623e-02
-3.727613909525214625e-02
-3.743164459550024636e-02
-3.759063908715966351e-02
-3.775312257023039075e-02
-3.791909504471243503e-02
-3.808855651060578940e-02
-3.826150696791045386e-02
-3.843773778457327400e-02
-3.861704032854107460e-02
-3.879941459981386259e-02
-3.898486059839163104e-02
-3.917337832427438687e-02
-3.936496777746213011e-02
-3.955962895795485379e-02
-3.975736186575256487e-02
-3.995816650085526334e-02
-4.016204286326294226e-02
-4.036882877069803560e-02
-4.057836204088297039e-02
-4.079064267381775355e-02
-4.100567066950237816e-02
-4.122344602793684420e-02
-4.144396874912115170e-02
-4.166723883305530757e-02
-4.189325627973930488e-02
-4.212202108917314364e-02
-4.235353326135682384e-02
-4.258765477005752031e-02
-4.282424758904239404e-02
-4.306331171831144500e-02
-4.330484715786468014e-02
-4.354885390770209252e-02
-4.379533196782368909e-02
-4.404428133822946290e-02
-4.429570201891942088e-02
-4.454959400989355611e-02
-4.480595731115186858e-02
-4.506464905992966369e-02
-4.532552639346223988e-02
-4.558858931174959717e-02
-4.585383781479173554e-02
-4.612127190258865500e-02
-4.639089157514036249e-02
-4.666269683244685107e-02
-4.693668767450812074e-02
-4.721286410132417150e-02
-4.749122611289500334e-02
-4.777159511516676504e-02
-4.805379251408560537e-02
-4.833781830965152432e-02
-4.862367250186451495e-02
-4.891135509072458420e-02
-4.920086607623173208e-02
-4.949220545838595858e-02
-4.978537323718726371e-02
-5.008036941263564745e-02
-5.037719398473110982e-02
-5.067560563280795738e-02
-5.097536303620049669e-02
-5.127646619490872776e-02
-5.157891510893265058e-02
-5.188270977827226516e-02
-5.218785020292757149e-02
-5.249433638289856957e-02
-5.280216831818525941e-02
-5.311134600878764100e-02
-5.342186945470571435e-02
-5.373341517900649678e-02
-5.404565970475700559e-02
-5.435860303195724774e-02
-5.467224516060721629e-02
-5.498658609070691122e-02
-5.530162582225633949e-02
-5.561736435525549416e-02
-5.593380168970437522e-02
-5.625093782560298961e-02
-5.656877276295133039e-02
-5.688686998480432799e-02
-5.720479297421691284e-02
-5.752254173118908492e-02
-5.784011625572084425e-02
-5.815751654781218388e-02
-5.847474260746311076e-02
-5.879179443467362487e-02
-5.910867202944372623e-02
-5.942537539177341482e-02
-5.974190452166269066e-02
-6.005770924206741551e-02
-6.037223937594346501e-02
-6.068549492329083223e-02
-6.099747588410951715e-02
-6.130818225839952673e-02
-6.161761404616085402e-02
-6.192577124739349903e-02
-6.223265386209746869e-02
-6.253826189027275606e-02
-6.284259533191936808e-02
-6.314500330947417361e-02
-6.344483494537406232e-02
-6.374209023961903420e-02
-6.403676919220908925e-02
-6.432887180314421360e-02
-6.461839807242442113e-02
-6.490534800004971183e-02
-6.518972158602008571e-02
-6.547151883033554276e-02
-6.575073973299606911e-02
-6.602665109208097349e-02
-6.629851970566952302e-02
-6.656634557376173156e-02
-6.683012869635758524e-02
-6.708986907345709794e-02
-6.734556670506026965e-02
-6.759722159116708651e-02
-6.784483373177756238e-02
-6.808840312689168339e-02
-6.832792977650946342e-02
-6.856262227177663260e-02
-6.879168920383892105e-02
-6.901513057269632878e-02
-6.923294637834885579e-02
-6.944513662079650207e-02
-6.965170130003926763e-02
-6.985264041607715246e-02
-7.004795396891015657e-02
-7.023764195853829384e-02
-7.042170438496155038e-02
-7.059932895778314732e-02
-7.076970338660630577e-02
-7.093282767143103962e-02
-7.108870181225733498e-02
-7.123732580908519185e-02
-7.137869966191462412e-02
-7.151282337074561790e-02
-7.163969693557818708e-02
-7.175932035641231777e-02
-7.187169363324800997e-02
-7.197603205145311489e-02
-7.207155089639545598e-02
-7.215825016807503323e-02
-7.223612986649184664e-02
-7.230518999164589622e-02
-7.236543054353718196e-02
-7.241685152216570387e-02
-7.245945292753147582e-02
-7.249323475963448393e-02
-7.251819701847472821e-02
-7.253366108915999810e-02
-7.253894835679808306e-02
-7.253405882138898308e-02
-7.251899248293269817e-02
-7.249374934142922833e-02
-7.245832939687857355e-02
-7.241273264928073383e-02
-7.235695909863570918e-02
-7.229100874494349960e-02
-7.221488158820410508e-02
-7.212812582945503370e-02
-7.203028966973379354e-02
-7.192137310904038461e-02
-7.180137614737480689e-02
-7.167029878473706039e-02
-7.152814102112713124e-02
-7.137490285654503330e-02
-7.121058429099076659e-02
-7.103518532446433109e-02
-7.084870595696572682e-02
-7.065106558093278699e-02
-7.044218358880333097e-02
-7.022205998057737264e-02
-6.999069475625489811e-02
-6.974808791583590739e-02
-6.949423945932041435e-02
-6.922914938670840512e-02
-6.895281769799989358e-02
-6.866524439319486584e-02
-6.836642947229333578e-02
-6.805673317271429545e-02
-6.773651573187676467e-02
-6.740577714978074342e-02
-6.706451742642621783e-02
-6.671273656181320177e-02
-6.635043455594168138e-02
-6.597761140881167052e-02
-6.559426712042316920e-02
-6.520040169077616354e-02
-6.479601511987066742e-02
-6.438199464355991164e-02
-6.395922749769714089e-02
-6.352771368228235516e-02
-6.308745319731556833e-02
-6.263844604279676653e-02
-6.218069221872594282e-02
-6.171419172510310414e-02
-6.123894456192825742e-02
-6.075495072920139572e-02
-6.026221022692251905e-02
-6.524791671860646902e-02
-6.492828298996315695e-02
-6.485583330547747827e-02
-6.523523237389690366e-02
-6.568127691425010295e-02
-6.569731483501481395e-02
-6.571211821824408938e-02
-6.572585793813459643e-02
-6.573866586607000906e-02
-6.575065224904960703e-02
-6.576190782844043570e-02
-6.577250847578609838e-02
-6.578251222902463391e-02
-6.579196563427155975e-02
-6.580090834606619477e-02
-6.580937543130123413e-02
-6.581739842858785883e-02
-6.582500095395621420e-02
-6.583220789528967942e-02
-6.583904001180643228e-02
-6.584551482237471776e-02
-6.585165002868388628e-02
-6.585746220277917395e-02
-6.586296781317842186e-02
-6.586818230174484867e-02
-6.587312163560260503e-02
-6.587780084613617526e-02
-6.588223512190372055e-02
-6.588643843940682199e-02
-6.589042539515019281e-02
-6.589420993480321620e-02
-6.589780574671705304e-02
-6.590123488500518323e-02
-6.590452417672060248e-02
-6.590769673996817180e-02
-6.591077232436370892e-02
-6.591376798213897936e-02
-6.591669711800061948e-02
-6.591957171706545882e-02
-6.592240118244359348e-02
-6.592519307244266991e-02
-6.592795323411365649e-02
-6.593068391384436511e-02
-6.593338476417233418e-02
-6.593605473705325959e-02
-6.593869183213962870e-02
-6.594129404725783405e-02
-6.594385740106599447e-02
-6.594637716075531231e-02
-6.594884759754816861e-02
-6.595126204166897044e-02
-6.595361295454382766e-02
-6.595588750473792283e-02
-6.595807155284055812e-02
-6.596015046306824559e-02
-6.596211071493029987e-02
-6.596394410661637897e-02
-6.596563466841739998e-02
-6.596716678417226254e-02
-6.596853186837929595e-02
-6.596971895099768002e-02
-6.597071737250405354e-02
-6.597151459429201337e-02
-6.597209595985241426e-02
-6.597244795720690058e-02
-6.597256129787364143e-02
-6.597242709743693367e-02
-6.597203828767961298e-02
-6.597138814453282207e-02
-6.597047357265845013e-02
-6.596929141659761686e-02
-6.596783970904887551e-02
-6.596611498701805687e-02
-6.596411539214896980e-02
-6.596184004683952606e-02
-6.595928987418030187e-02
-6.595646738052682312e-02
-6.595337577855257816e-02
-6.595002089468958439e-02
-6.594640901711032455e-02
-6.594254738369195734e-02
-6.593844407279600417e-02
-6.593410662565980795e-02
-6.592954249160412616e-02
-6.592476030263551279e-02
-6.591976915547027860e-02
-6.591458022098527214e-02
-6.590920485158616171e-02
-6.590365500702333179e-02
-6.589794311557556350e-02
-6.589208194838271082e-02
-6.588609841875220363e-02
-6.588013923846580688e-02
-6.587406283569778587e-02
-6.586783289172989941e-02
-6.586143995799612072e-02
-6.585489511124037465e-02
-6.584821004735522121e-02
-6.584139690489873575e-02
-6.583446811632336082e-02
-6.583494388015148635e-02
-6.583637117163584906e-02
-6.583874999077646284e-02
-6.584208033757332768e-02
-6.584636221202642969e-02
-6.585159561413578277e-02
-6.585778054390137304e-02
-6.586491700132321436e-02
-6.587300498640130675e-02
-6.588204449913563632e-02
-6.589276809065545970e-02
-6.590590831209003353e-02
-6.592146516343935780e-02
-6.593943864470343252e-02
-6.595982875588224381e-02
-6.598263549697580554e-02
-6.600785886798411772e-02
-6.603549886890718035e-02
-6.606555549974497954e-02
-6.609802876049752918e-02
-6.613250026406290727e-02
-6.616855162333919183e-02
-6.620618283832638284e-02
-6.624539390902446645e-02
-6.628618483543345652e-02
-6.632855561755335305e-02
-6.637250625538415605e-02
-6.641803674892586551e-02
-6.646514709817848143e-02
-6.651383730314198994e-02
-6.656381800231994661e-02
-6.661479983421589313e-02
-6.666678279882982949e-02
-6.671976689616174183e-02
-6.677375212621164402e-02
-6.682873848897953606e-02
-6.688472598446540407e-02
-6.694171461266926193e-02
-6.699970437359110964e-02
-6.705869526723094720e-02
-6.711850042663250471e-02
-6.717893298483951225e-02
-6.723999294185196984e-02
-6.730168029766989135e-02
-6.736399505229326290e-02
-6.742693720572208449e-02
-6.749050675795637000e-02
-6.755470370899610555e-02
-6.761952805884130502e-02
-6.768497980749195453e-02
-6.775093689979348743e-02
-6.781727728059132321e-02
-6.788400094988547573e-02
-6.795110790767594500e-02
-6.801859815396271713e-02
-6.808647168874580602e-02
-6.815472851202519777e-02
-6.822336862380090627e-02
-6.829239202407291764e-02
-6.836179871284124576e-02
-6.843121862346321360e-02
-6.850028168929614414e-02
-6.856898791034005125e-02
-6.863733728659492106e-02
-6.870532981806075357e-02
-6.877296550473756265e-02
-6.884024434662533443e-02
-6.890716634372408278e-02
-6.897373149603379383e-02
-6.903993980355446758e-02
-6.910568033864195048e-02
-6.917084217365207510e-02
-6.923542530858484145e-02
-6.929942974344026341e-02
-6.936285547821832709e-02
-6.942570251291903249e-02
-6.948797084754237963e-02
-6.954966048208836848e-02
-6.961077141655699907e-02
-6.967130365094827138e-02
-6.973104420274023330e-02
-6.978978008941090494e-02
-6.984751131096028631e-02
-6.990423786738837741e-02
-6.995995975869517824e-02
-7.001467698488068880e-02
-7.006838954594490909e-02
-7.012109744188783911e-02
-7.017280067270947885e-02
-7.022349923840984220e-02
-7.027281351730939318e-02
-7.032036388772862356e-02
-7.036615034966753335e-02
-7.041017290312610866e-02
-7.045243154810436337e-02
-7.049292628460229748e-02
-7.053165711261991100e-02
-7.056862403215720392e-02
-7.060382704321416236e-02
-7.063726614579080021e-02
-7.066833314816471645e-02
-7.069641985861352396e-02
-7.072152627713720885e-02
-7.074365240373578501e-02
-7.076279823840923855e-02
-7.077896378115758336e-02
-7.079214903198080555e-02
-7.080235399087890513e-02
-7.080957865785189598e-02
-7.081382303289976421e-02
-7.081511798376967370e-02
-7.081349437820876058e-02
-7.080895221621702484e-02
-7.080149149779446649e-02
-7.079111222294108552e-02
-7.077781439165689581e-02
-7.076159800394188348e-02
-7.074246305979604854e-02
-7.072040955921939098e-02
-7.069543750221191081e-02
-7.066648927402943703e-02
-7.063250725992779866e-02
-7.059349145990699570e-02
-7.054944187396702815e-02
-7.050035850210788213e-02
-7.044624134432957152e-02
-7.038709040063209632e-02
-7.032290567101545653e-02
-7.025368715547965215e-02
-7.017943485402468318e-02
-7.009895561075003834e-02
-7.001105626975522023e-02
-6.991573683104024273e-02
-6.981299729460509196e-02
-6.970283766044976792e-02
-6.958525792857428449e-02
-6.946025809897862779e-02
-6.932783817166279783e-02
-6.918799814662680847e-02
-6.904073802387064585e-02
-6.888486046048081235e-02
-6.871916811354381038e-02
-6.854366098305962607e-02
-6.835833906902827328e-02
-6.816320237144973815e-02
-6.795825089032403454e-02
-6.774348462565116247e-02
-6.751890357743110804e-02
-6.728450774566388515e-02
-6.704029713034949378e-02
-6.678526565747873456e-02
-6.651840725304240809e-02
-6.623972191704052825e-02
-6.594920964947308117e-02
-6.564687045034008073e-02
-6.533270431964152691e-02
-6.500671125737740585e-02
-6.466889126354773143e-02
-6.431924433815248976e-02
-6.395777048119169472e-02
-6.358393595198860715e-02
-6.319720700986650175e-02
-6.279758365482539240e-02
-6.238506588686525828e-02
-6.195965370598611327e-02
-6.152134711218795043e-02
-6.107014610547076977e-02
-6.060605068583457822e-02
-6.012906085327936884e-02
-5.963917660780514163e-02
-5.913663181022317528e-02
-5.862166032134475541e-02
-5.809426214116987508e-02
-5.755443726969854124e-02
-5.700218570693074693e-02
-5.643750745286649911e-02
-5.586040250750579084e-02
-5.527087087084862904e-02
-5.466891254289500679e-02
-5.405452752364492408e-02
-5.342856310441437828e-02
-5.279186657651936676e-02
-5.214443793995988258e-02
-5.148627719473593267e-02
-5.081738434084751010e-02
-5.013775937829461488e-02
-4.944740230707725392e-02
-4.874631312719542031e-02
-4.803449183864911404e-02
-4.731193844143834204e-02
-5.268519525998990177e-02
-5.192580544284867289e-02
-5.134485482127962297e-02
-5.109214446473304971e-02
-5.116307329648543678e-02
-5.155204216797141387e-02
-5.193583545024641618e-02
-5.194162279295146817e-02
-5.194820661844447990e-02
-5.195560531149798211e-02
-5.196384322598411598e-02
-5.197294670037505560e-02
-5.198293691929677107e-02
-5.199382339471064762e-02
-5.200557459658898540e-02
-5.201809323602688689e-02
-5.203127172217145852e-02
-5.204501593385656849e-02
-5.205924343533726434e-02
-5.207389548052263062e-02
-5.208891225632111127e-02
-5.210424285682995621e-02
-5.211983403170056262e-02
-5.213570429273696460e-02
-5.215181636703607876e-02
-5.216809795079165729e-02
-5.218452428883931654e-02
-5.220106887571568377e-02
-5.221771474078969882e-02
-5.223445128273980498e-02
-5.225126292988855475e-02
-5.226813680606674783e-02
-5.228506227563747832e-02
-5.230203039027794820e-02
-5.231903635196508140e-02
-5.233606965390158461e-02
-5.235312635922223512e-02
-5.237019790260355467e-02
-5.238727858987753810e-02
-5.240436585887373044e-02
-5.242145595824523885e-02
-5.243854563689156340e-02
-5.245563267247101147e-02
-5.247271548591972423e-02
-5.248979245707043051e-02
-5.250686199464049686e-02
-5.252392258333693498e-02
-5.254097281676789466e-02
-5.255801142042473839e-02
-5.257503726756153350e-02
-5.259204938986786204e-02
-5.260904698423440190e-02
-5.262603010907727225e-02
-5.264299928332960565e-02
-5.265995473381818170e-02
-5.267689649603641416e-02
-5.269382448774121569e-02
-5.271073856406086056e-02
-5.272763855890626183e-02
-5.274452431601441005e-02
-5.276139571198229516e-02
-5.277825267300664813e-02
-5.279509590272238317e-02
-5.281192647261370721e-02
-5.282874505831489792e-02
-5.284555204314102250e-02
-5.286234759466953981e-02
-5.287913172246117705e-02
-5.289590432168595618e-02
-5.291266520601881768e-02
-5.292941413223705566e-02
-5.294615081832101250e-02
-5.296287564223650657e-02
-5.297958924296670979e-02
-5.299629179080474206e-02
-5.301298308804436310e-02
-5.302966264472921271e-02
-5.304632973674660440e-02
-5.306298345072930217e-02
-5.307962271895055872e-02
-5.309624634653198338e-02
-5.311285303269407121e-02
-5.312944201769176367e-02
-5.314601271012704686e-02
-5.316256401700716894e-02
-5.317909444325545631e-02
-5.319560216883968684e-02
-5.321208510986624729e-02
-5.322853958953902009e-02
-5.324496388540163327e-02
-5.326135754828303925e-02
-5.327771698633715358e-02
-5.329403957232474454e-02
-5.331032304141307410e-02
-5.332656474740986308e-02
-5.334276171173001069e-02
-5.335891068124670733e-02
-5.337500818354910803e-02
-5.339105057604834337e-02
-5.340703408841547539e-02
-5.342295485890227735e-02
-5.343880896538397152e-02
-5.345459151414390375e-02
-5.347030029717728117e-02
-5.348593387530969911e-02
-5.350148736477657041e-02
-5.351695621893520771e-02
-5.353233598982398700e-02
-5.354762053804321131e-02
-5.356280669591578780e-02
-5.357789260649477303e-02
-5.359287264566273135e-02
-5.360774204694120082e-02
-5.362249461366214165e-02
-5.363712827482250423e-02
-5.365164129325156184e-02
-5.366602825198692195e-02
-5.368028469055011187e-02
-5.369440662479488258e-02
-5.370839035047128562e-02
-5.372223151123835250e-02
-5.373592611802779917e-02
-5.374947245463755630e-02
-5.376286748975049601e-02
-5.377610821104782113e-02
-5.378919295781116328e-02
-5.380211936505414905e-02
-5.381488557741795353e-02
-5.382748997661920831e-02
-5.383993116638985388e-02
-5.385220795991284282e-02
-5.386431936912726426e-02
-5.387626465061831627e-02
-5.388804335470463724e-02
-5.389965575401922671e-02
-5.391110163855789006e-02
-5.392238168221097361e-02
-5.393349591985503733e-02
-5.394444503099132815e-02
-5.395522986156917056e-02
-5.396585141103189820e-02
-5.397631082105569522e-02
-5.398660952808073676e-02
-5.399674925844577533e-02
-5.400673190686433589e-02
-5.401655951576765646e-02
-5.402623425719117745e-02
-5.403575841760901999e-02
-5.404513438503133482e-02
-5.405436463789284329e-02
-5.406345173538994187e-02
-5.407239830901225397e-02
-5.408120727762294466e-02
-5.408988181170076848e-02
-5.409842515283266873e-02
-5.410684060286871655e-02
-5.411513151321277471e-02
-5.412330127547264336e-02
-5.413136561165507454e-02
-5.413934960554117604e-02
-5.414720380671173006e-02
-5.415493513275317083e-02
-5.416254758274734182e-02
-5.417002095613435153e-02
-5.417735783723326426e-02
-5.418454841067590899e-02
-5.419159758672316418e-02
-5.419851018298653400e-02
-5.420529092064729770e-02
-5.421194442975893479e-02
-5.421847525411675750e-02
-5.422488785559402558e-02
-5.423118674573136622e-02
-5.423737647675083706e-02
-5.424346128735667294e-02
-5.424954760873544612e-02
-5.425595208279929138e-02
-5.426228239678383691e-02
-5.426855133014781007e-02
-5.427476243431754444e-02
-5.428091929163901541e-02
-5.428702550183402142e-02
-5.429308461233028904e-02
-5.429910018736293364e-02
-5.430507589303004701e-02
-5.431101546804413538e-02
-5.431692269855933897e-02
-5.432280139703193900e-02
-5.432865538453368615e-02
-5.433448847603306042e-02
-5.434030446824203442e-02
-5.434610712968102053e-02
-5.435189978104812414e-02
-5.435768549805311545e-02
-5.436346753400053688e-02
-5.436924927624287029e-02
-5.437503420886007077e-02
-5.438082588091334990e-02
-5.438662787965108103e-02
-5.439244380807983781e-02
-5.439827726636371763e-02
-5.440413183656327145e-02
-5.441001009133390742e-02
-5.441591396221745480e-02
-5.442184538778026270e-02
-5.442780744895774070e-02
-5.443380297705607829e-02
-5.443983496864995830e-02
-5.444590611105078193e-02
-5.445201994132287115e-02
-5.445817978624135913e-02
-5.446438891280366845e-02
-5.447064878521613862e-02
-5.447695977537750367e-02
-5.448332289084671654e-02
-5.448973964832415362e-02
-5.449621196958576164e-02
-5.450274209276895210e-02
-5.450933249709143114e-02
-5.451598583926672847e-02
-5.452270490006670689e-02
-5.452949253966342391e-02
-5.453634740963214655e-02
-5.454644461234507691e-02
-5.455781409278070981e-02
-5.456434869614906757e-02
-5.457247142736054712e-02
-5.458174767945164763e-02
-5.459183964345300233e-02
-5.460246031173951464e-02
-5.460420354770448986e-02
-5.460943325559941552e-02
-5.461814943542429163e-02
-5.463035208717911123e-02
-5.464604121086388128e-02
-5.466521680647860176e-02
-5.468787887402327269e-02
-5.471402741349789406e-02
-5.474366242490246587e-02
-5.477678390823698812e-02
-5.481316655591330494e-02
-5.485258506034326742e-02
-5.489503942152688248e-02
-5.494052963946414320e-02
-5.498905571415504956e-02
-5.504061764559960851e-02
-5.509521543379781311e-02
-5.515284907874966336e-02
-5.521351858045515926e-02
-5.527722393891430774e-02
-5.534364337205346929e-02
-5.541245509779901129e-02
-5.548365911615092683e-02
-5.555725542710922282e-02
-5.563324403067389928e-02
-5.571162492684495621e-02
-5.579239811562238666e-02
-5.587556359700619757e-02
-5.596112137099638895e-02
-5.604907143759296079e-02
-5.613915616708926859e-02
-5.623111792977867479e-02
-5.632495672566117939e-02
-5.642067255473678239e-02
-5.651826541700548379e-02
-5.661773531246728358e-02
-5.671908224112218178e-02
-5.682230620297017143e-02
-5.692740719801125948e-02
-5.703438522624544593e-02
-5.714304301407303888e-02
-5.725318328789433947e-02
-5.736480604770935465e-02
-5.747791129351807748e-02
-5.759249902532050797e-02
-5.770856924311665304e-02
-5.782612194690650576e-02
-5.794515713669006612e-02
-5.806567481246734108e-02
-5.818767497423832369e-02
-5.831100782868377241e-02
-5.843552358248443185e-02
-5.856122223564030893e-02
-5.868810378815140366e-02
-5.881616824001771604e-02
-5.894541559123924607e-02
-5.907584584181599374e-02
-5.920745899174795907e-02
-5.934025504103514204e-02
-5.947423398967754266e-02
-5.960927321688008762e-02
-5.974525010184771057e-02
-5.988216464458040456e-02
-6.002001684507817653e-02
-6.015880670334101954e-02
-6.029853421936894053e-02
-6.043919939316193257e-02
-6.058080222472000259e-02
-6.072334271404314365e-02
-6.086682086113136270e-02
-6.101111472201250358e-02
-6.115610235271442402e-02
-6.130178375323711709e-02
-6.144815892358058279e-02
-6.159522786374482806e-02
-6.174299057372984595e-02
-6.189144705353563647e-02
-6.204059730316219962e-02
-6.219044132260954233e-02
-6.234097911187765767e-02
-6.249206081680345332e-02
-6.264353658322384388e-02
-6.279540641113881549e-02
-6.294767030054837509e-02
-6.310032825145252267e-02
-6.325338026385125823e-02
-6.340682633774458177e-02
-6.356066647313249329e-02
-6.371490067001500668e-02
-6.386952892839210805e-02
-6.402434726559037836e-02
-6.417915169893641247e-02
-6.433394222843019650e-02
-6.448871885407174431e-02
-6.464348157586105592e-02
-6.479823039379811744e-02
-6.495296530788294276e-02
-6.510768631811551799e-02
-6.526239342449585701e-02
-6.541708662702395982e-02
-6.557148777196501743e-02
-6.572531870558423472e-02
-6.587857942788161170e-02
-6.603126993885716223e-02
-6.618339023851087244e-02
-6.633494032684274233e-02
-6.648592020385277190e-02
-6.663632986954096116e-02
-6.678616932390731009e-02
-6.693543856695183258e-02
-6.708377046079382067e-02
-6.723079786755258025e-02
-6.737652078722811133e-02
-6.752093921982042779e-02
-6.766405316532951575e-02
-6.780586262375537521e-02
-6.794636759509802004e-02
-6.808556807935743638e-02
-6.822346407653362421e-02
-6.836005558662658355e-02
-6.849487629611281103e-02
-6.862745989146877557e-02
-6.875780637269447715e-02
-6.888591573978992966e-02
-6.901178799275511921e-02
-6.913542313159004582e-02
-6.925682115629470947e-02
-6.937598206686912405e-02
-6.949290586331327568e-02
-6.960759254562716436e-02
-6.971947642902738551e-02
-6.982799182873050681e-02
-6.993313874473652825e-02
-7.003491717704546371e-02
-7.013332712565729932e-02
-7.022836859057204895e-02
-7.032004157178969872e-02
-7.040834606931024864e-02
-7.049328208313371258e-02
-7.057484961326007666e-02
-7.065236440469964407e-02
-7.072514220246269023e-02
-7.079318300654922902e-02
-7.085648681695924656e-02
-7.091505363369275672e-02
-7.096888345674974563e-02
-7.101797628613022717e-02
-7.106233212183418746e-02
-7.110195096386164038e-02
-7.113683281221257204e-02
-7.116618813911697317e-02
-7.118922741680482058e-02
-7.120595064527610041e-02
-7.121635782453082653e-02
-7.122044895456899893e-02
-7.121822403539061763e-02
-7.120968306699566874e-02
-7.119482604938416614e-02
-7.117365298255610984e-02
-7.114616386651149982e-02
-7.111157060617454007e-02
-7.106908510646946231e-02
-7.101870736739625267e-02
-7.096043738895492503e-02
-7.089427517114547939e-02
-7.082022071396790186e-02
-7.073827401742220633e-02
-7.064843508150837892e-02
-7.055070390622643350e-02
-7.044508049157637009e-02
-7.033082452792445427e-02
-7.020719570563696554e-02
-7.007419402471389003e-02
-6.993181948515524160e-02
-6.978007208696102026e-02
-6.961895183013121213e-02
-6.944845871466583109e-02
-6.926859274056487714e-02
-6.907935390782835028e-02
-6.888074221645623663e-02
-6.867212959373850123e-02
-6.845288796696506750e-02
-6.822301733613594932e-02
-6.798251770125113280e-02
-6.773138906231063183e-02
-6.746963141931443253e-02
-6.719724477226254877e-02
-6.691422912115496668e-02
-6.662058446599170014e-02
-6.631631080677273526e-02
