1.710014338285455529e-02
1.710113862719155053e-02
1.710381338262062859e-02
1.710896871667968652e-02
1.711737920876005986e-02
1.712979304388416793e-02
1.714693210866225642e-02
1.716949209026289933e-02
1.719814256280805323e-02
1.723352706875007703e-02
1.727626319868300758e-02
1.732694267001906596e-02
1.738613140494599599e-02
1.745436960807510152e-02
1.753217184418129695e-02
1.762002711642274635e-02
1.771839894541176255e-02
1.782772544950395055e-02
1.794841942665358764e-02
1.808086843816938960e-02
1.822543489469262076e-02
1.838245614470094408e-02
1.855224456582685311e-02
1.873508765926436628e-02
1.893124814751983090e-02
1.914096407574578454e-02
1.936444891687888817e-02
1.960189168078570882e-02
1.985345702760235587e-02
2.011928538543607606e-02
2.039949307257833688e-02
2.069417242436475887e-02
2.100339192480039224e-02
2.132719634305399459e-02
2.166560687491523793e-02
2.201862128929956558e-02
2.238621407988104425e-02
2.276833662193449015e-02
2.316491733447441359e-02
2.357586184779679461e-02
2.400105317655425521e-02
2.444035189853442300e-02
2.489359633936481103e-02
2.536060276343797548e-02
2.584116557144520640e-02
2.633505750502137394e-02
2.684202985914611872e-02
2.736181270311795893e-02
2.789411511112021430e-02
2.843862540363137348e-02
2.899501140119531417e-02
2.956292069235993622e-02
3.014198091790322442e-02
3.073180007378807643e-02
3.133196683560653117e-02
3.194205090757058774e-02
3.256160339935931097e-02
3.319015723431284481e-02
3.382722759254516709e-02
3.447231239250117540e-02
3.512489281428295140e-02
3.578443386769772361e-02
3.645038500742568688e-02
3.712218079697299222e-02
3.779924162218427364e-02
3.848097445407190620e-02
3.916677365962517587e-02
3.985602185814873799e-02
4.054809081960844552e-02
4.124234240049617223e-02
4.193812951191541738e-02
4.263479711397899496e-02
4.333168323022175417e-02
4.402811997557326551e-02
4.472343459149766970e-02
4.541695048216619346e-02
4.610798824595014472e-02
4.679586669706697899e-02
4.747990387284135166e-02
4.815941802271359040e-02
4.883372857581114168e-02
4.950215708456046082e-02
5.016402814243905994e-02
5.081867027453534913e-02
5.146541680008544228e-02
5.210360666659080708e-02
5.273258525548696340e-02
5.335170515963336135e-02
5.396032693313471129e-02
5.455781981419009774e-02
5.514356242180404322e-02
5.571694342728798766e-02
5.627736220154658242e-02
5.682422943917482538e-02
5.735696776040195843e-02
5.787501229190852858e-02
5.837781122752142005e-02
5.886482636975556848e-02
5.933553365312935202e-02
5.978942365012734905e-02
6.022600206063659367e-02
6.064479018562275725e-02
6.104532538575449530e-02
6.142716152562596732e-02
6.178986940416901497e-02
6.213303717178346453e-02
6.245627073466342161e-02
6.275919414673565566e-02
6.304144998957546264e-02
6.330269974060420690e-02
6.354262412979833075e-02
6.376092348513899555e-02
6.395731806694833488e-02
6.413154839120854822e-02
6.428337554190476089e-02
6.441258147240846998e-02
6.451896929585640428e-02
6.460236356443847805e-02
6.466261053746108489e-02
6.469957843801685260e-02
6.471315769805485729e-02
6.470326119158725797e-02
6.466982445574076532e-02
6.461280589932939800e-02
6.453218699858478957e-02
6.442797247964321405e-02
6.430019048734332554e-02
6.414889273982855855e-02
6.397415466852153509e-02
6.377607554300133985e-02
6.355477858019641102e-02
6.331041103727826080e-02
6.304314428762862466e-02
6.275317387925385959e-02
6.244071957500761660e-02
6.210602537394166456e-02
6.174935951308335724e-02
6.137101444891647495e-02
6.097130681782385320e-02
6.055057737474024704e-02
6.010919090923123875e-02
5.964753613819151479e-02
5.916602557436560772e-02
5.866509536986005968e-02
5.814520513380412592e-02
5.760683772330238428e-02
5.705049900681061215e-02
5.647671759904794586e-02
5.588604456655667241e-02
5.527905310299568997e-02
5.465633817325557531e-02
5.401851612546169912e-02
5.336622426994046264e-02
5.270012042419276732e-02
5.202088242292569886e-02
5.132920759218521922e-02
5.062581218660963667e-02
4.991143078885269813e-02
4.918681567019901613e-02
4.845273611139973291e-02
4.770997768275261897e-02
4.695934148245708983e-02
4.620164333227504139e-02
4.543771295508190755e-02
4.466839317820220367e-02
4.389453900543609233e-02
4.311701660161283700e-02
4.233670222801139138e-02
4.155448113213169870e-02
4.077124639100690451e-02
3.998789770723630566e-02
3.920534015691858054e-02
3.842448288866026629e-02
3.764623777282648243e-02
3.687151800020062320e-02
3.610123662920852738e-02
3.533630508087515221e-02
3.457763158065232934e-02
3.382611954627218198e-02
3.308266592077388490e-02
3.234815944983715497e-02
3.162347890256170246e-02
3.090949123482924707e-02
3.020704969436765683e-02
2.951699186665501448e-02
2.884013766077489146e-02
2.817728723434348090e-02
2.752921885663361587e-02
2.689668670899519540e-02
2.628041862167520767e-02
2.568111374614670192e-02
2.509944016207992998e-02
2.453603241801549303e-02
2.399148900483860300e-02
2.346636976116306048e-02
2.296119320971279007e-02
2.247643382376978902e-02
2.201251922278790393e-02
2.156982729626199732e-02
2.114868325493412735e-02
2.074935660836551773e-02
2.037205806799091343e-02
2.001693637473150530e-02
1.968407505019370216e-02
1.937348907056651512e-02
1.908512146227330994e-02
1.881883981839382533e-02
1.857443269310815256e-02
1.835160586737388452e-02
1.814997880662982607e-02
1.796908088722059746e-02
1.780834748760617633e-02
1.766711599443526390e-02
1.754462172191195365e-02
1.743999374352178319e-02
1.735225063516254371e-02
1.728029612878067764e-02
1.722291467551706132e-02
1.717876691735986325e-02
1.714638506676124594e-02
1.712416819305595181e-02
1.711037741519516250e-02
1.710313100018778440e-02
1.710039936732154695e-02
1.709999999961430914e-02
1.709999999961430914e-02
1.710000000000000062e-02
1.710000000000000062e-02
1.710000000000000062e-02
1.710000000000000062e-02
1.710000000000000062e-02
1.710000000000000062e-02
1.710000000000000062e-02
1.710000000000000062e-02
1.710000000000000062e-02
1.710000000000000062e-02
1.710000000000000062e-02
1.710000000000000062e-02
1.710000000000000062e-02
1.710000000000000062e-02
1.710000000000000062e-02
1.710000000000000062e-02
1.710000000000000062e-02
1.710000000000000062e-02
1.710000000000000062e-02
1.710000000000000062e-02
1.710000000000000062e-02
1.710000000000000062e-02
1.710000000000000062e-02
1.710000000000000062e-02
1.710000000000000062e-02
1.710000000000000062e-02
1.710000000000000062e-02
1.710000000000000062e-02
1.710000000000000062e-02
1.710000000000000062e-02
1.710000000000000062e-02
1.710000000000000062e-02
1.710000000000000062e-02
1.710000000000000062e-02
1.710000000000000062e-02
1.710000000000000062e-02
1.710000000000000062e-02
1.710000000000000062e-02
1.710000000000000062e-02
1.710000000000000062e-02
1.710000000000000062e-02
1.710000000000000062e-02
1.710000000000000062e-02
1.710000000000000062e-02
1.710000000000000062e-02
1.710000000000000062e-02
1.710000000000000062e-02
1.710000000000000062e-02
1.710000000000000062e-02
1.710000000000000062e-02
1.710000000000000062e-02
1.710000000000000062e-02
1.710000000000000062e-02
1.710000000000000062e-02
1.710000000000000062e-02
1.710000000000000062e-02
1.710000000000000062e-02
1.710000000000000062e-02
1.710000000000000062e-02
1.710000000000000062e-02
1.710000000000000062e-02
1.710000000000000062e-02
1.710000000000000062e-02
1.710000000000000062e-02
1.710000000000000062e-02
1.710000000000000062e-02
1.710000000000000062e-02
1.710000000000000062e-02
1.710000000000000062e-02
1.710000000000000062e-02
1.710000000000000062e-02
1.710000000000000062e-02
1.710000000000000062e-02
1.710000000000000062e-02
1.710000000000000062e-02
1.710000000000000062e-02
1.710000000000000062e-02
1.710000000000000062e-02
1.710000000000000062e-02
1.710000000000000062e-02
1.710000000000000062e-02
1.710000000000000062e-02
1.710000000000000062e-02
1.710000000000000062e-02
1.710000000000000062e-02
1.710000000000000062e-02
1.710000000000000062e-02
1.710000000000000062e-02
1.710000000000000062e-02
1.710000000000000062e-02
1.710000000000000062e-02
1.710000000000000062e-02
1.710000000000000062e-02
1.710000000000000062e-02
1.710000000000000062e-02
1.710000000000000062e-02
1.710000000000000062e-02
1.710000000000000062e-02
1.710000000000000062e-02
1.710000000000000062e-02
1.710000000000000062e-02
1.710000000000000062e-02
1.710000000000000062e-02
1.710000000000000062e-02
1.710000000000000062e-02
1.710000000000000062e-02
1.710000000000000062e-02
1.710000000000000062e-02
1.710000000000000062e-02
1.710000000000000062e-02
1.710000000000000062e-02
1.710000000000000062e-02
1.710000000000000062e-02
1.710000000000000062e-02
1.710000000000000062e-02
1.710000000000000062e-02
1.710000000000000062e-02
1.710000000000000062e-02
1.710000000000000062e-02
1.710000000000000062e-02
1.710000000000000062e-02
1.710000000000000062e-02
1.710000000000000062e-02
1.710000000000000062e-02
1.710000000000000062e-02
1.710000000000000062e-02
1.710000000000000062e-02
1.710000000000000062e-02
1.710000000000000062e-02
1.710000000000000062e-02
1.710000000000000062e-02
1.710000000000000062e-02
1.710000000000000062e-02
1.710000000000000062e-02
1.710000000000000062e-02
1.710000000000000062e-02
1.710000000000000062e-02
1.710000000000000062e-02
1.710000000000000062e-02
1.710000000000000062e-02
1.710000000000000062e-02
1.710000000000000062e-02
1.710000000000000062e-02
1.710000000000000062e-02
1.710000000000000062e-02
1.710000000000000062e-02
1.710000000000000062e-02
1.710000000000000062e-02
1.710000000000000062e-02
1.710000000000000062e-02
1.710000000000000062e-02
1.710000000000000062e-02
1.710000000000000062e-02
1.710000000000000062e-02
1.710000000000000062e-02
1.710000000000000062e-02
1.710000000000000062e-02
1.710000000000000062e-02
1.710000000000000062e-02
1.710000000000000062e-02
1.710000000000000062e-02
1.710000000000000062e-02
1.710000000000000062e-02
1.710000000000000062e-02
1.710000000000000062e-02
1.710000000000000062e-02
1.710000000000000062e-02
1.710000000000000062e-02
1.710000000000000062e-02
1.710000000000000062e-02
1.710000000000000062e-02
1.710000000000000062e-02
1.710000000000000062e-02
1.710000000000000062e-02
1.710000000000000062e-02
1.710000000000000062e-02
1.710000000000000062e-02
1.710000000000000062e-02
1.710000000000000062e-02
1.710000000000000062e-02
1.710000000000000062e-02
1.710000000000000062e-02
1.710000000000000062e-02
1.710000000000000062e-02
1.710000000000000062e-02
1.710000000000000062e-02
1.710000000000000062e-02
1.710000000000000062e-02
1.710000000000000062e-02
1.710000000000000062e-02
1.710000000000000062e-02
1.710000000000000062e-02
1.710000000000000062e-02
1.710000000000000062e-02
1.710000000000000062e-02
1.710000000000000062e-02
1.710000000000000062e-02
1.710000000000000062e-02
1.710000000000000062e-02
1.710000000000000062e-02
1.710000000000000062e-02
1.710000000000000062e-02
1.710000000000000062e-02
1.710000000000000062e-02
1.710000000000000062e-02
1.710000000000000062e-02
1.710000000000000062e-02
1.710000000000000062e-02
1.710000000000000062e-02
1.710000000000000062e-02
1.710000000000000062e-02
1.710000000000000062e-02
1.710000000000000062e-02
1.710000000000000062e-02
1.710000000000000062e-02
1.710000000000000062e-02
1.710000000000000062e-02
1.710000000000000062e-02
1.710000000000000062e-02
1.710000000000000062e-02
1.710000000000000062e-02
1.710000000000000062e-02
1.710000000000000062e-02
1.710000000000000062e-02
1.710000000000000062e-02
1.710014344307583117e-02
1.710113910733658538e-02
1.710381500435149624e-02
1.710897256959385479e-02
1.711738675798625889e-02
1.712980613563759927e-02
1.714695296823674775e-02
1.716952330657166292e-02
1.719818706962667962e-02
1.723358812570945781e-02
1.727634437204596252e-02
1.732704781327407823e-02
1.738626463925497384e-02
1.745453530267322695e-02
1.753237459695554737e-02
1.762027173455591594e-02
1.771869042606301348e-02
1.782806896053950804e-02
1.794882028744283417e-02
1.808133210046198799e-02
1.822596692358881276e-02
1.838306219972945382e-02
1.855293038214402696e-02
1.873585902898833658e-02
1.893211090121100712e-02
1.914192406404495450e-02
1.936551199231420842e-02
1.960306367975969688e-02
1.985474375256629509e-02
2.012069258726173482e-02
2.040102643313694564e-02
2.069583753932471848e-02
2.100519428664994123e-02
2.132914132435732510e-02
2.166769971181013374e-02
2.202086706524416029e-02
2.238861770965717979e-02
2.277090283591496483e-02
2.316765066316336941e-02
2.357876660665068208e-02
2.400413345109142504e-02
2.444361152974197995e-02
2.489703890941177833e-02
2.536423158170567765e-02
2.584498366088744392e-02
2.633906758886689348e-02
2.684623434795821439e-02
2.736621368222865933e-02
2.789871432845902541e-02
2.844342425797313778e-02
2.900001093085488937e-02
2.956812156436529337e-02
3.014738341768360974e-02
3.073740409541931423e-02
3.133777187266056224e-02
3.194805604462195442e-02
3.256780730420606729e-02
3.319655815097348472e-02
3.383382333509714346e-02
3.447910033982704708e-02
3.513186990579048735e-02
3.579159660007766308e-02
3.645772943250557424e-02
3.712970252071790683e-02
3.780693580488502653e-02
3.848883581174871588e-02
3.917479646666060383e-02
3.986419995114858644e-02
4.055641760247388761e-02
4.125081085067508480e-02
4.194673218778760537e-02
4.264352616331780477e-02
4.334053039966574705e-02
4.403707662103412135e-02
4.473249168942702858e-02
4.542609864160239430e-02
4.611721772126663177e-02
4.680516740134720022e-02
4.748926539180868545e-02
4.816882962915118582e-02
4.884317924441200498e-02
4.951163550715446948e-02
5.017352274355127428e-02
5.082816922723452924e-02
5.147490804208899873e-02
5.211307791659786082e-02
5.274202402971499282e-02
5.336109878853921573e-02
5.396966257830436431e-02
5.456708448538419298e-02
5.515274299414862913e-02
5.572602665860515447e-02
5.628633474981829810e-02
5.683307788012054163e-02
5.736567860516782191e-02
5.788357200485687304e-02
5.838620624412696469e-02
5.887304311460957174e-02
5.934355855805237279e-02
5.979724317239057396e-02
6.023360270128846894e-02
6.065215850791745578e-02
6.105244803367802786e-02
6.143402524251612151e-02
6.179646105142261314e-02
6.213934374764713831e-02
6.246227939309952071e-02
6.276489221635614402e-02
6.304682499263056239e-02
6.330773941201185695e-02
6.354731643622417436e-02
6.376525664410651051e-02
6.396128056596141198e-02
6.413512900686932361e-02
6.428656335902059593e-02
6.441536590306701227e-02
6.452134009845000850e-02
6.460431086261819722e-02
6.466412483900388364e-02
6.470065065358469869e-02
6.471377915981521567e-02
6.470342367167536413e-02
6.466952018454315276e-02
6.461202758356178466e-02
6.453092783913561004e-02
6.442622618915522237e-02
6.429795130751621290e-02
6.414615545846784339e-02
6.397091463629274444e-02
6.377232868979326730e-02
6.355052143102553341e-02
6.330564072770157591e-02
6.303785857865396025e-02
6.274737117172457523e-02
6.243439892342289577e-02
6.209918649967255400e-02
6.174200281694541825e-02
6.136314102306149321e-02
6.096291845691090283e-02
6.054167658633928528e-02
6.009978092341623779e-02
5.963762091629119799e-02
5.915560981682514707e-02
5.865418452316970011e-02
5.813380539645175704e-02
5.759495605070526214e-02
5.703814309449323217e-02
5.646389578403683551e-02
5.587276571087712584e-02
5.526532648019635841e-02
5.464217335835781786e-02
5.400392288874623914e-02
5.335121247498976482e-02
5.268469993062452339e-02
5.200506299425734780e-02
5.131299880927617241e-02
5.060922336714777925e-02
4.989447091333425177e-02
4.916949331485850894e-02
4.843505938854320014e-02
4.769195418894267569e-02
4.694097826175586130e-02
4.618294690019549009e-02
4.541868940483459460e-02
4.464904818963220945e-02
4.387487781435180090e-02
4.309704397357856653e-02
4.231642244153872856e-02
4.153389797190976118e-02
4.075036315180348423e-02
3.996671720909679426e-02
3.918386477227739362e-02
3.840271458196033161e-02
3.762417815322044445e-02
3.684916838788146465e-02
3.607859813588365494e-02
3.531337870485398711e-02
3.455441831696839938e-02
3.380262051220681019e-02
3.305888249707603088e-02
3.232409343785783151e-02
3.159913269742589681e-02
3.088486801466580264e-02
3.018215362549447542e-02
2.949182832447546851e-02
2.881471346597957658e-02
2.815161090383721740e-02
2.750330086837576501e-02
2.687053977972297600e-02
2.625405799621171807e-02
2.565455749665429205e-02
2.507270949525791312e-02
2.450915198785663315e-02
2.396448722807370188e-02
2.343927913197901489e-02
2.293405062387332202e-02
2.244928094190445575e-02
2.198540281977567554e-02
2.154279958007198834e-02
2.112180212940106480e-02
2.072268586160230450e-02
2.034566748414501011e-02
1.999090175554296342e-02
1.965847805501519038e-02
1.934841676931086871e-02
1.906066615605206058e-02
1.879509879161777794e-02
1.855150780482072922e-02
1.832960300134789042e-02
1.812900687424512033e-02
1.794925049082507149e-02
1.778976924262820267e-02
1.764989844490194235e-02
1.752886876861558738e-02
1.742580146768168622e-02
1.733970378714111069e-02
1.726946485116164984e-02
1.721384868475872229e-02
1.717148620413133306e-02
1.714086675474468455e-02
1.712032926918005335e-02
1.710805302704876060e-02
1.710204806365600225e-02
1.710014539784842844e-02
1.709998822726543563e-02
1.710000000000000062e-02
1.710000000000000062e-02
1.710000000000000062e-02
1.710000000000000062e-02
1.710000000000000062e-02
1.710000000000000062e-02
1.710000000000000062e-02
1.710000000000000062e-02
1.710000000000000062e-02
1.710000000000000062e-02
1.710000000000000062e-02
1.710000000000000062e-02
1.710000000000000062e-02
1.710000000000000062e-02
1.710000000000000062e-02
1.710000000000000062e-02
1.710000000000000062e-02
1.710000000000000062e-02
1.710000000000000062e-02
1.710000000000000062e-02
1.710000000000000062e-02
1.710000000000000062e-02
1.710000000000000062e-02
1.710000000000000062e-02
1.710000000000000062e-02
1.710000000000000062e-02
1.710000000000000062e-02
1.710000000000000062e-02
1.710000000000000062e-02
1.710000000000000062e-02
1.710000000000000062e-02
1.710000000000000062e-02
1.710000000000000062e-02
1.710000000000000062e-02
1.710000000000000062e-02
1.710000000000000062e-02
1.710000000000000062e-02
1.710000000000000062e-02
1.710000000000000062e-02
1.710000000000000062e-02
1.710000000000000062e-02
1.710000000000000062e-02
1.710000000000000062e-02
1.710000000000000062e-02
1.710000000000000062e-02
1.710000000000000062e-02
1.710000000000000062e-02
1.710000000000000062e-02
1.710000000000000062e-02
1.710000000000000062e-02
1.710000000000000062e-02
1.710000000000000062e-02
1.710000000000000062e-02
1.710000000000000062e-02
1.710000000000000062e-02
1.710000000000000062e-02
1.710000000000000062e-02
1.710000000000000062e-02
1.710000000000000062e-02
1.710000000000000062e-02
1.710000000000000062e-02
1.710000000000000062e-02
1.710000000000000062e-02
1.710000000000000062e-02
1.710000000000000062e-02
1.710000000000000062e-02
1.710000000000000062e-02
1.710000000000000062e-02
1.710000000000000062e-02
1.710000000000000062e-02
1.710000000000000062e-02
1.710000000000000062e-02
1.710000000000000062e-02
1.710000000000000062e-02
1.710000000000000062e-02
1.710000000000000062e-02
1.710000000000000062e-02
1.710000000000000062e-02
1.710000000000000062e-02
1.710000000000000062e-02
1.710000000000000062e-02
1.710000000000000062e-02
1.710000000000000062e-02
1.710000000000000062e-02
1.710000000000000062e-02
1.710000000000000062e-02
1.710000000000000062e-02
1.710000000000000062e-02
1.710000000000000062e-02
1.710000000000000062e-02
1.710000000000000062e-02
1.710000000000000062e-02
1.710000000000000062e-02
1.710000000000000062e-02
1.710000000000000062e-02
1.710000000000000062e-02
1.710000000000000062e-02
1.710000000000000062e-02
1.710000000000000062e-02
1.710000000000000062e-02
1.710161887873717576e-02
1.711273446107180671e-02
1.714222353047351044e-02
1.719828509828131777e-02
1.728844562937736223e-02
1.741956397973632928e-02
1.759783617525771324e-02
1.782880015424139625e-02
1.811734058817416823e-02
1.846769388709811055e-02
1.888345348668741056e-02
1.936757550425205476e-02
1.992238484025536313e-02
2.054958179072064253e-02
2.125024922443172204e-02
2.202486036771908809e-02
2.287328722995966498e-02
2.379480969652381442e-02
2.478812531566517569e-02
2.585135981611040232e-02
2.698207841899498416e-02
2.817729805921607295e-02
2.943350071605364826e-02
3.074664817823191676e-02
3.211219873488564691e-02
3.352512647695866932e-02
3.497994407593026100e-02
3.647073001418835864e-02
3.799116119334901287e-02
3.953455157736474740e-02
4.109389702835468394e-02
4.266192584494649803e-02
4.423115387081819061e-02
4.579394257398982510e-02
4.734255831277699167e-02
4.886923110835995898e-02
5.036621155711373810e-02
5.182582492359763537e-02
5.324052185665645309e-02
5.460292550424536429e-02
5.590587504423615017e-02
5.714246580239358553e-02
5.830608621179929341e-02
5.939045190017305798e-02
6.038963719041752498e-02
6.129810427871312806e-02
6.211073032285710505e-02
6.282283263713281385e-02
6.343019215224747487e-02
6.392907526164182119e-02
6.431625413963405757e-02
6.458902558276376216e-02
6.474522839345032976e-02
6.478325929466127731e-02
6.470208733567416048e-02
6.450126672220937718e-02
6.418094797919812744e-02
6.374188733126176509e-02
6.318545416460129294e-02
6.251363641442179986e-02
6.172904370419765585e-02
6.083490804694070830e-02
5.983508190405492644e-02
5.873403338422913955e-02
5.753683835298364913e-02
5.624916921282666071e-02
5.487728010437710469e-02
5.342798827020867058e-02
5.190865131556754442e-02
5.032714009357733276e-02
4.869180693725708164e-02
4.701144895687250913e-02
4.529526611913310685e-02
4.355281434209204439e-02
4.179395400540419914e-02
4.002879026074958324e-02
3.826760602541551259e-02
3.652078857952475999e-02
3.479874968845339533e-02
3.311183900427400184e-02
3.147025049716595246e-02
2.988392166493999622e-02
2.836242526613954804e-02
2.691485331956788504e-02
2.554969311058516088e-02
2.427469494206723963e-02
2.309673136553152747e-02
2.202164762564184572e-02
2.105410304894638970e-02
2.019740310550593651e-02
1.945332186976838837e-02
1.882191460480952747e-02
1.830132019177099431e-02
1.788755312403400230e-02
1.757428478332256558e-02
1.735261371252394200e-02
1.721082459762512604e-02
1.713413566852805756e-02
1.710443422609886008e-02
1.710000000000055573e-02
1.710000000000000062e-02
1.710000000000000062e-02
1.710000000000000062e-02
1.710000000000000062e-02
1.710000000000000062e-02
1.710000000000000062e-02
1.710000000000000062e-02
1.710000000000000062e-02
1.710000000000000062e-02
1.710000000000000062e-02
1.710000000000000062e-02
1.710000000000000062e-02
1.710000000000000062e-02
1.710000000000000062e-02
1.710000000000000062e-02
1.710000000000000062e-02
1.710000000000000062e-02
1.710000000000000062e-02
1.710000000000000062e-02
1.710000000000000062e-02
1.710000000000000062e-02
1.710000000000000062e-02
1.710000000000000062e-02
1.710000000000000062e-02
1.710000000000000062e-02
1.710000000000000062e-02
1.710000000000000062e-02
1.710000000000000062e-02
1.710000000000000062e-02
1.710000000000000062e-02
1.710000000000000062e-02
1.710000000000000062e-02
1.710000000000000062e-02
1.710000000000000062e-02
1.710000000000000062e-02
1.710000000000000062e-02
1.710000000000000062e-02
1.710000000000000062e-02
1.710000000000000062e-02
1.710000000000000062e-02
1.710000000000000062e-02
1.710000000000000062e-02
1.710000000000000062e-02
1.710000000000000062e-02
1.710000000000000062e-02
1.710000000000000062e-02
1.710000000000000062e-02
1.710000000000000062e-02
1.710000000000000062e-02
1.710000000000000062e-02
1.710000000000000062e-02
1.710000000000000062e-02
1.710000000000000062e-02
1.710000000000000062e-02
1.710000000000000062e-02
1.710000000000000062e-02
1.710000000000000062e-02
1.710000000000000062e-02
1.710000000000000062e-02
1.710000000000000062e-02
1.710000000000000062e-02
1.710000000000000062e-02
1.710000000000000062e-02
1.710000000000000062e-02
1.710000000000000062e-02
1.710000000000000062e-02
1.710000000000000062e-02
1.710000000000000062e-02
1.710000000000000062e-02
1.710000000000000062e-02
1.710000000000000062e-02
1.710000000000000062e-02
1.710000000000000062e-02
1.710000000000000062e-02
1.710000000000000062e-02
1.710000000000000062e-02
1.710000000000000062e-02
1.710000000000000062e-02
1.710000000000000062e-02
1.710000000000000062e-02
1.710000000000000062e-02
1.710000000000000062e-02
1.710000000000000062e-02
1.710000000000000062e-02
1.710000000000000062e-02
1.710000000000000062e-02
1.710000000000000062e-02
1.710000000000000062e-02
1.710000000000000062e-02
1.710000000000000062e-02
1.710000000000000062e-02
1.710000000000000062e-02
1.710000000000000062e-02
1.710000000000000062e-02
1.710000000000000062e-02
1.710000000000000062e-02
1.710000000000000062e-02
1.710000000000000062e-02
1.710000000000000062e-02
1.710000000000000062e-02
1.710034137262201118e-02
1.710270194293570661e-02
1.710901307583507711e-02
1.712110906079027800e-02
1.714072985313221109e-02
1.716952059594370472e-02
1.720903550691940675e-02
1.726073994916664522e-02
1.732601342169075298e-02
1.740615086900502637e-02
1.750236557721473324e-02
1.761578966060678084e-02
1.774747416052200807e-02
1.789838750719822957e-02
1.806941931049649286e-02
1.826137934155671813e-02
1.847500369450568239e-02
1.871095768697871031e-02
1.896983722268921757e-02
1.925217006212384327e-02
1.955841700365162569e-02
1.988897297314932977e-02
2.024416802023534107e-02
2.062426822508107993e-02
2.102947651054148243e-02
2.145993335067891000e-02
2.191571737890608135e-02
2.239684588897097872e-02
2.290327495047432549e-02
2.343489784001530699e-02
2.399154191460991375e-02
2.457296803260052356e-02
2.517887069161350855e-02
2.580887813338513317e-02
2.646255242378356756e-02
2.713938951921310641e-02
2.783881933252395705e-02
2.856020581314719364e-02
2.930284705720022018e-02
3.006597546370719937e-02
3.084875795276225546e-02
3.165029626081276859e-02
3.246962732828261033e-02
3.330572379048826748e-02
3.415749385688603146e-02
3.502377565065630666e-02
3.590332310418645895e-02
3.679480179955850472e-02
3.769678859048142261e-02
3.860777219747552058e-02
3.952615488185780984e-02
4.045025524252621879e-02
4.137831211414845500e-02
4.230848948500427753e-02
4.323888230465600113e-02
4.416752302006896752e-02
4.509238866467094042e-02
4.601140832625637278e-02
4.692247083304194877e-02
4.782343251842140208e-02
4.871212495019448807e-02
4.958636253618169121e-02
5.044394994304529645e-02
5.128268928791877845e-02
5.210038708171114974e-02
5.289486091575501536e-02
5.366394590287698607e-02
5.440550258318174737e-02
5.511743014151820885e-02
5.579767581769393137e-02
5.644423908479376251e-02
5.705517495295224506e-02
5.762859746565479613e-02
5.816268340078202537e-02
5.865567619455346049e-02
5.910589010317651715e-02
5.951171461717781608e-02
5.987161914296089404e-02
6.018415796101189708e-02
6.044797547649582992e-02
6.066181177089059740e-02
6.082450845530702754e-02
6.093501483290042486e-02
6.099239436659290026e-02
6.099583143661059526e-02
6.094463837751813717e-02
6.083826276809624345e-02
6.067629493240142557e-02
6.045847560980688318e-02
6.018470372642581445e-02
5.985504419494085127e-02
5.946973564475806218e-02
5.902919797101251198e-02
5.853403957975056304e-02
5.798506417572815708e-02
5.738327689124596287e-02
5.672988962287210668e-02
5.602632533344549526e-02
5.527422112979928082e-02
5.447542988059615732e-02
5.363202016078365275e-02
5.274627274109987274e-02
5.182066876002598688e-02
5.085787576566683232e-02
4.986073999637946619e-02
4.883227846637896996e-02
4.777566871246044511e-02
4.669423614487877572e-02
4.559143903399504039e-02
4.447085122987759487e-02
4.333614250379219657e-02
4.219105690024316235e-02
4.103938902512449527e-02
3.988495788207413462e-02
3.873158017747357906e-02
3.758304426429759371e-02
3.644308393194639617e-02
3.531535212805836377e-02
3.420339502102109908e-02
3.311062680298848537e-02
3.204030561340764915e-02
3.099551093250607278e-02
2.997912273336067121e-02
2.899380260855355038e-02
2.804197723665768568e-02
2.712582414670349981e-02
2.624725939710914266e-02
2.540792813857828056e-02
2.460919873011701772e-02
2.385215974238518929e-02
2.313761959749715755e-02
2.246610874950604950e-02
2.183788496450633429e-02
2.125294467497084935e-02
2.071103895527772951e-02
2.021171745604177436e-02
1.975445261446117859e-02
1.933861205096653810e-02
1.896330301457804443e-02
1.862709487799995775e-02
1.832830790984984679e-02
1.806511444365887717e-02
1.783555826569027322e-02
1.763757487273387090e-02
1.746901241441000882e-02
1.732765311677019957e-02
1.721123500458154529e-02
1.711746904260002741e-02
1.704405060200009023e-02
1.698870020336406758e-02
1.694918844696224544e-02
1.692335470646788229e-02
1.690912487907147640e-02
1.690452801600705532e-02
1.691575460651583915e-02
1.697278569081183894e-02
1.707762617741159436e-02
1.722289403508702951e-02
1.740104010986065139e-02
1.760444965832241512e-02
1.782555049673894762e-02
1.805692768479693830e-02
1.829144484500566312e-02
1.852237254064525648e-02
1.874352159256964176e-02
1.894530339038246955e-02
1.910729273254296520e-02
1.922297460880961414e-02
1.929119450940752420e-02
1.931223517858959501e-02
1.944360612503792315e-02
1.953212067863396503e-02
1.958072194307269517e-02
1.959560065532250581e-02
1.709969118914577910e-02
1.710026098314265317e-02
1.710000000000000062e-02
1.710000000000000062e-02
1.710000000000000062e-02
1.710000000000000062e-02
1.710000000000000062e-02
1.710000000000000062e-02
1.710000000000000062e-02
1.710000000000000062e-02
1.710000000000000062e-02
1.710000000000000062e-02
1.710000000000000062e-02
1.710000000000000062e-02
1.710000000000000062e-02
1.710000000000000062e-02
1.710000000000000062e-02
1.710000000000000062e-02
1.710000000000000062e-02
1.710000000000000062e-02
1.710000000000000062e-02
1.710000000000000062e-02
1.710000000000000062e-02
1.710000000000000062e-02
1.710000000000000062e-02
1.710000000000000062e-02
1.710000000000000062e-02
1.710000000000000062e-02
1.710000000000000062e-02
1.710000000000000062e-02
1.710000000000000062e-02
1.710000000000000062e-02
1.710000000000000062e-02
1.710000000000000062e-02
1.710000000000000062e-02
1.710000000000000062e-02
1.710000000000000062e-02
1.710000000000000062e-02
1.710000000000000062e-02
1.710000000000000062e-02
1.710000000000000062e-02
1.710000000000000062e-02
1.710000000000000062e-02
1.710000000000000062e-02
1.710000000000000062e-02
1.710000000000000062e-02
1.710000000000000062e-02
1.710000000000000062e-02
1.710000000000000062e-02
1.710000000000000062e-02
1.710000000000000062e-02
1.710000000000000062e-02
1.710000000000000062e-02
1.710000000000000062e-02
1.710000000000000062e-02
1.710000000000000062e-02
1.710000000000000062e-02
1.710000000000000062e-02
1.710000000000000062e-02
1.710000000000000062e-02
1.710000000000000062e-02
1.710000000000000062e-02
1.710000000000000062e-02
1.710000000000000062e-02
1.710000000000000062e-02
1.710000000000000062e-02
1.710000000000000062e-02
1.710000000000000062e-02
1.710000000000000062e-02
1.710000000000000062e-02
1.710000000000000062e-02
1.710000000000000062e-02
1.710000000000000062e-02
1.710000000000000062e-02
1.710000000000000062e-02
1.710000000000000062e-02
1.710000000000000062e-02
1.710000000000000062e-02
1.710000000000000062e-02
1.710000000000000062e-02
1.710000000000000062e-02
1.710000000000000062e-02
1.710000000000000062e-02
1.710000000000000062e-02
1.710000000000000062e-02
1.710000000000000062e-02
1.710000000000000062e-02
1.710000000000000062e-02
1.710000000000000062e-02
1.710000000000000062e-02
1.710000000000000062e-02
1.710000000000000062e-02
1.710000000000000062e-02
1.710000000000000062e-02
1.710000000000000062e-02
1.710000000000000062e-02
1.710000000000000062e-02
1.710000000000000062e-02
1.710000000000000062e-02
1.710000000000000062e-02
1.710000000000000062e-02
1.710000000000000062e-02
1.710000000000000062e-02
1.710054379172999683e-02
1.710429155372492765e-02
1.711426031609891707e-02
1.713308833332303702e-02
1.716262836431988598e-02
1.720475738561223072e-02
1.726152894947756422e-02
1.733517446962628758e-02
1.742813617888952157e-02
1.754305549879576695e-02
1.768260469889998757e-02
1.784937983705773418e-02
1.804591140743828578e-02
1.827469051011908208e-02
1.853818891055015322e-02
1.883886845630339604e-02
1.917917450144741506e-02
1.956150905101363205e-02
1.998818162268329104e-02
2.046133786175076408e-02
2.098285736824394981e-02
2.155423401505952852e-02
2.217647822486711745e-02
2.285007650735711507e-02
2.357497247916990821e-02
2.435055760227469376e-02
2.517567063520606205e-02
2.604860472723826564e-02
2.696712109042759264e-02
2.792846824119236265e-02
2.892940589319880490e-02
2.996623269032736361e-02
3.103481707966473935e-02
3.213063073110281054e-02
3.324878400705696957e-02
3.438406307057446931e-02
3.553089959623857708e-02
3.668315800341988286e-02
3.783418460924035942e-02
3.897696529411602551e-02
4.010427373506682269e-02
4.120879913573018832e-02
4.228325516082576119e-02
4.332047208609249300e-02
4.431347425668941825e-02
4.525554664849747166e-02
4.614029524948098926e-02
4.696169027592216050e-02
4.771409515518003353e-02
4.839229209170689550e-02
4.899150782035872898e-02
4.950744177893449949e-02
4.993628857415083333e-02
5.027475534755129760e-02
5.052007679290881903e-02
5.067002863721389860e-02
5.072293985683602735e-02
5.067770541680725882e-02
5.053380338586752063e-02
5.029130877227902530e-02
4.995090180711850292e-02
4.951387309163229888e-02
4.898212608155591563e-02
4.835829792400529736e-02
4.764596449750606311e-02
4.684919096243478354e-02
4.597362975556282261e-02
4.502538627905267044e-02
4.401156213539611506e-02
4.293969622984114554e-02
4.181766680406620584e-02
4.065374589819176210e-02
3.945665526681907398e-02
3.823540665565305918e-02
3.699902450313186097e-02
3.575603280571065801e-02
3.451380535980907993e-02
3.327934094511109109e-02
3.205958819137444404e-02
3.086155082264574120e-02
2.969159366905993122e-02
2.855591953681801617e-02
2.746016094445813058e-02
2.640874616851529230e-02
2.540589681895910265e-02
2.445549508464838970e-02
2.356076538358286773e-02
2.272440217851589769e-02
2.194819062025465603e-02
2.123309987894328107e-02
2.057964995828142837e-02
1.998766005402862964e-02
1.945698728865063662e-02
1.898702415892283488e-02
1.857708979857086370e-02
1.821682709666638464e-02
1.789239327965297041e-02
1.765698331470921464e-02
1.754231367155589458e-02
1.710000052386894884e-02
1.710000052386894884e-02
1.710000000000000062e-02
1.710000000000000062e-02
1.710000000000000062e-02
1.710000000000000062e-02
1.710000000000000062e-02
1.710000000000000062e-02
1.710000000000000062e-02
1.710000000000000062e-02
1.710000000000000062e-02
1.710000000000000062e-02
1.710000000000000062e-02
1.710000000000000062e-02
1.710000000000000062e-02
1.710000000000000062e-02
1.710000000000000062e-02
1.710000000000000062e-02
1.710000000000000062e-02
1.710000000000000062e-02
1.710000000000000062e-02
1.710000000000000062e-02
1.710000000000000062e-02
1.710000000000000062e-02
1.710000000000000062e-02
1.710000000000000062e-02
1.710000000000000062e-02
1.710000000000000062e-02
1.710000000000000062e-02
1.710000000000000062e-02
1.710000000000000062e-02
1.710000000000000062e-02
1.710000000000000062e-02
1.710000000000000062e-02
1.710000000000000062e-02
1.710000000000000062e-02
1.710000000000000062e-02
1.710000000000000062e-02
1.710000000000000062e-02
1.710000000000000062e-02
1.710000000000000062e-02
1.710000000000000062e-02
1.710000000000000062e-02
1.710000000000000062e-02
1.710000000000000062e-02
1.710000000000000062e-02
1.710000000000000062e-02
1.710000000000000062e-02
