9.261437299887091690e-03
9.051729718039858152e-03
8.783951675731691000e-03
8.459305433886225856e-03
8.100838481090479049e-03
7.870972684641833195e-03
7.870713478787247364e-03
7.870416084470407969e-03
7.870058495058354642e-03
7.869642819820936441e-03
7.869160573082109589e-03
7.868615797881853280e-03
7.868007290071796223e-03
7.867338979595621395e-03
7.866604836341599405e-03
7.865808993625815482e-03
7.864946293935477784e-03
7.864016454016811708e-03
7.863017132058766623e-03
7.861949492931369354e-03
7.860816043456335389e-03
7.859617641592042681e-03
7.858354814312490388e-03
7.857028168242102817e-03
7.855638380908108731e-03
7.854188013818173830e-03
7.852676935415831005e-03
7.851105936908180094e-03
7.849475903572974977e-03
7.847791259917226425e-03
7.846050082648915736e-03
7.844253297431325045e-03
7.842403378404430581e-03
7.840502478142170883e-03
7.838549400524918997e-03
7.836545161161515005e-03
7.834490788831721675e-03
7.832391369533439618e-03
7.830244179619860745e-03
7.828050216930886041e-03
7.825810499475747972e-03
7.823526038379831349e-03
7.821201724812217038e-03
7.818834860874528114e-03
7.816426402321455247e-03
7.813977311389011526e-03
7.811488536108704417e-03
7.808961009325293690e-03
7.806395647840427832e-03
7.803797007214882675e-03
7.801162433672820251e-03
7.798492770660733764e-03
7.795788859689338490e-03
7.793051523405890302e-03
7.790281565303168454e-03
7.787479769503058424e-03
7.784646900606810582e-03
7.781783703607103586e-03
7.778890903856937322e-03
7.775969207090477342e-03
7.773019299493158507e-03
7.770041847815156721e-03
7.767037499526140143e-03
7.764006883007310011e-03
7.760950607776602450e-03
7.757869264745108351e-03
7.754763426500381474e-03
7.751633995021330048e-03
7.748481855829610077e-03
7.745306833832184268e-03
7.742108734328352615e-03
7.738888390497696002e-03
7.735646620726947809e-03
7.732383878914048103e-03
7.729100603510223599e-03
7.725797217908628167e-03
7.722474130829770633e-03
7.719131736700080015e-03
7.715770416020666100e-03
7.712390535723749607e-03
7.708992449514485978e-03
7.705576498194831314e-03
7.702143009968125120e-03
7.698692300721801662e-03
7.695224674286522959e-03
7.691740422670401145e-03
7.688239826266429766e-03
7.684723154032888082e-03
7.681190663645545702e-03
7.677642601620904284e-03
7.674075392716507571e-03
7.670493143001035075e-03
7.666896085144835060e-03
7.663284424710835319e-03
7.659658356155160663e-03
7.656018062793250312e-03
7.652363716740100130e-03
7.648695478829820038e-03
7.645009322021618925e-03
7.641309689854117182e-03
7.637596729786103045e-03
7.633870559125080502e-03
7.630131283102269124e-03
7.626376666472561849e-03
7.622606955635921611e-03
7.618824581073373181e-03
7.615029622876690052e-03
7.611219522005614746e-03
7.607394534726308333e-03
7.603540264382868674e-03
7.599675443739246916e-03
7.595799577978491757e-03
7.591909861903056722e-03
7.588002375772014141e-03
7.584084609980647207e-03
7.580153223391297712e-03
7.576211860979079060e-03
7.572256922302247895e-03
7.568289040170782245e-03
7.564308811485384587e-03
7.560315014930638067e-03
7.556313428203571825e-03
7.552303906648266674e-03
7.548286814501967146e-03
7.544263421897332011e-03
7.540234744844699633e-03
7.536201086882514388e-03
7.532159487458424396e-03
7.528100284263490594e-03
7.524049297968939121e-03
7.519992711693443410e-03
7.515927504465259867e-03
7.511839714825337133e-03
7.507741284954745631e-03
7.503632275032909305e-03
7.499512408875669278e-03
7.495381414525416341e-03
7.491239026145082858e-03
7.487069078008876111e-03
7.482886488545684167e-03
7.478677458126033184e-03
7.474454171436953342e-03
7.470216645903034192e-03
7.465964720513799946e-03
7.461698253008602899e-03
7.457417121159486129e-03
7.453121223900405212e-03
7.448810482307728631e-03
7.444484840423905292e-03
7.440144265916721900e-03
7.435788750570070105e-03
7.431404758707522984e-03
7.427005690158271223e-03
7.422591462914518434e-03
7.418162181543452860e-03
7.413705681778882950e-03
7.409234066214402670e-03
7.404747623234828047e-03
7.400246566800314230e-03
7.395731133113980782e-03
7.391201579579231851e-03
7.386658183644784215e-03
7.382101241553341853e-03
7.377531067010362209e-03
7.372947989784377210e-03
7.368352354255723602e-03
7.363744517926582023e-03
7.359124849907069943e-03
7.354493729390544632e-03
7.349851544132174341e-03
7.345198688943122001e-03
7.340535564213657160e-03
7.335862574476229025e-03
7.331180127019255865e-03
7.326488630562198734e-03
7.321788493999892289e-03
7.317080125225111642e-03
7.312363930036099025e-03
7.307640311134594446e-03
7.302909667219768808e-03
7.298172392182375456e-03
7.293428874400854911e-03
7.288679496142522196e-03
7.283924633070017196e-03
7.279164653853413547e-03
7.274399919886598287e-03
7.269630785106527548e-03
7.264857595912735388e-03
7.260091545075675334e-03
7.255321491754104790e-03
7.250559403113920887e-03
7.245793755836948957e-03
7.241024613643010088e-03
7.236252235832282831e-03
7.231476877162169858e-03
7.226698788483899849e-03
7.221918217451203659e-03
7.217146445783188813e-03
7.212371699673945924e-03
7.207606122747470256e-03
7.202836057101355549e-03
7.198061986100852405e-03
7.193295692438692046e-03
7.188535565660958415e-03
7.183766337741356867e-03
7.178987433053327094e-03
7.174198983053700629e-03
7.169401137019477954e-03
7.167690452026753700e-03
7.162727135696531078e-03
7.157758129589165963e-03
7.152770306805021627e-03
7.147765499468661243e-03
7.142744728147611133e-03
7.137708948882770521e-03
7.132662292355387845e-03
7.127604730104937503e-03
7.122537237291455547e-03
7.117463744152292826e-03
7.112381381108048850e-03
7.107290464683065079e-03
7.102191492687759400e-03
7.097084902694603126e-03
7.091971077581596394e-03
7.086850345792171380e-03
7.081722978945194369e-03
7.081793421809724591e-03
7.082282813275329533e-03
7.083600035242001818e-03
7.086142952627493517e-03
7.090298345956049485e-03
7.096441863305852360e-03
7.104937988478384620e-03
7.116140023205835656e-03
7.130390082104041787e-03
7.148019098864867929e-03
7.169346842382983732e-03
7.194682015453227227e-03
7.224322592250034640e-03
7.258555988128338569e-03
7.297659168751626999e-03
7.341898759270688336e-03
7.391531154391752650e-03
7.446802629883882661e-03
7.507949455968487666e-03
7.575198012874005682e-03
7.648764907843698391e-03
7.728857094424032396e-03
7.815671994146808008e-03
7.909397620177432281e-03
8.010212702845251678e-03
8.118286816966458624e-03
8.233780510822010998e-03
8.356845436644120065e-03
8.487624482612936630e-03
8.626251906244926035e-03
8.772853467674868178e-03
8.927546564718330871e-03
9.090440368656410933e-03
9.261635960486862620e-03
9.441226467772614525e-03
9.629297201971991418e-03
9.825925794385896583e-03
1.003118233360389064e-02
1.024512950344218416e-02
1.046782271924852521e-02
1.069931026218995385e-02
1.093963341459661294e-02
1.118882659587742620e-02
1.144691749704052075e-02
1.171392721418283711e-02
1.198987038186872731e-02
1.227475530430014936e-02
1.256858408571019832e-02
1.287135275974207738e-02
1.318305141773491729e-02
1.350366433579085722e-02
1.383317009979378488e-02
1.417154172945092258e-02
1.451874680076047086e-02
1.487474756701805643e-02
1.523950107840186391e-02
1.561295929917308999e-02
1.599506922338474538e-02
1.638577298902725576e-02
1.678500799053163003e-02
1.719270698823589100e-02
1.760879821628324668e-02
1.803320548852876265e-02
1.846584830220309587e-02
1.890664193926056003e-02
1.935549756544174826e-02
1.981232232709126406e-02
2.027701944479808061e-02
2.074948830438250180e-02
2.122962454536877347e-02
2.171732014665175500e-02
2.221246350920717816e-02
2.271493953575606101e-02
2.322462970728029694e-02
2.374141215630271723e-02
2.426516173683103753e-02
2.479575009088279269e-02
2.533304571149718604e-02
2.587691400215724052e-02
2.642721733254318334e-02
2.698381509054781358e-02
2.754656373049291923e-02
2.811531681749418476e-02
2.868992506793466984e-02
2.927023638601615463e-02
2.985609589637501504e-02
3.044734597276127497e-02
3.104382626279847401e-02
3.164537370871774169e-02
3.225182256401387670e-02
3.286300440715304166e-02
3.347874815106227642e-02
3.409888004963472496e-02
3.472322370057616403e-02
3.535160004496734620e-02
3.598382736375285718e-02
3.661972127117409104e-02
3.725909470657789990e-02
3.790175792463232329e-02
3.854751847603971049e-02
3.919618115838041650e-02
3.984754797043645047e-02
4.050141809566343287e-02
4.115758789265767936e-02
4.181585088654132809e-02
4.247599776285597428e-02
4.313781636597820157e-02
4.380109170162129612e-02
4.446560594643497732e-02
4.513113846186270206e-02
4.579746581851098369e-02
4.646436183228569439e-02
4.713159761417441695e-02
4.779894162417457071e-02
4.846615973786620041e-02
4.913301534831487904e-02
4.979926947943202897e-02
5.046468091850390969e-02
5.112900637708783780e-02
5.179200067428305077e-02
5.245341694700625390e-02
5.311300688840064899e-02
5.377052101466794909e-02
5.442570896460474650e-02
5.507831982681260508e-02
5.572810249516924053e-02
5.637480605141920176e-02
5.701818017220139367e-02
5.765797555722484979e-02
5.829394437705692766e-02
5.892584073379825149e-02
5.955342113006134586e-02
6.017644494127183386e-02
6.079467488577239287e-02
6.140787748704512605e-02
6.201582352281476140e-02
6.261828845677808175e-02
6.321505284728567986e-02
6.380590272919350880e-02
6.439062996574618225e-02
6.496903256796571213e-02
6.554091497977498904e-02
6.610608832785258571e-02
6.666437063592001167e-02
6.721558700382646023e-02
6.775956975236430146e-02
6.829615853525683455e-02
6.882520042013351436e-02
6.934654994064759492e-02
6.986006912204456576e-02
7.036562748268937462e-02
7.086310201441303747e-02
7.135237714395992192e-02
7.183334467812718671e-02
7.230590373516587732e-02
7.276996066480334591e-02
7.322542895913830563e-02
7.367222915651283621e-02
7.411028874028824376e-02
7.453954203428581060e-02
7.495993009652246464e-02
7.537140061263980506e-02
7.577390779031756285e-02
7.616741225577872143e-02
7.655188095333931297e-02
7.692728704884865820e-02
7.729360983766186965e-02
7.765083465777311567e-02
7.799895280849800105e-02
7.833796147509974883e-02
7.866786365959588245e-02
7.898866811791183107e-02
7.930038930348726200e-02
7.960304731735229344e-02
7.989666786465327020e-02
8.018128221752801599e-02
8.045692718422564615e-02
8.072364508427920526e-02
8.098148372956476271e-02
8.123049641100016371e-02
8.147074189062825100e-02
8.170228439889704042e-02
8.192519363678549271e-02
8.213954478251053737e-02
8.234541850259589901e-02
8.254290096694447132e-02
8.273208386769444200e-02
8.291306444153240252e-02
8.308594549522320405e-02
8.325083543412221954e-02
8.340784829332245631e-02
8.355710377132950784e-02
8.369872726592730849e-02
8.383284991204328906e-02
8.395960862146194248e-02
8.407914612411658550e-02
8.419161101083155740e-02
8.429715777735835580e-02
8.439594686949775104e-02
8.448814472922119845e-02
8.457392384166051436e-02
8.465346278281535297e-02
8.472694626791124617e-02
8.479456520030637101e-02
8.485651672085051112e-02
8.491300425763986803e-02
8.496423757609486427e-02
8.501043282931261547e-02
8.505181261097521928e-02
8.508860601492299058e-02
8.512104868486161657e-02
8.514938285502884896e-02
8.517385739864086203e-02
8.519472787780074663e-02
8.521225659329256796e-02
8.522671263489847715e-02
8.523837193180969218e-02
8.524751730289673035e-02
8.525443850685060498e-02
8.525943229208679530e-02
8.526280244622191917e-02
8.526485984494575066e-02
8.526592249972814175e-02
8.526631560311426217e-02
8.526637156674973794e-02
8.762117862022354708e-02
8.762890071174313233e-02
8.763659790315604659e-02
8.764419905946416178e-02
8.765170991836505887e-02
8.765913256985383151e-02
8.766646761330412763e-02
8.767371751334653018e-02
8.768088569254796349e-02
8.768797390214731757e-02
8.769498366947101053e-02
8.770191632777415980e-02
8.770877303884939968e-02
8.771555481226575579e-02
8.772226316175946170e-02
8.772890102053289285e-02
8.773546883633594196e-02
8.774196702701761441e-02
8.774839597497535726e-02
8.775475753799073797e-02
8.776105043055379418e-02
8.776727496030614639e-02
8.777343296521894489e-02
8.777952299202400333e-02
8.778554519137950207e-02
8.779149970848051932e-02
8.779738666361742994e-02
8.780320847425138187e-02
8.780896238220944894e-02
8.781464859769867737e-02
8.782026784669370867e-02
8.782582196685197184e-02
8.783130735623585761e-02
8.783672405518147541e-02
8.784207197752334773e-02
8.784735102743897184e-02
8.785256109762641652e-02
8.785770526408806513e-02
8.786278156446503118e-02
8.786778956672225416e-02
8.787272914527750889e-02
8.787760017494399001e-02
8.788240483854636853e-02
8.788714315252824094e-02
8.789181305838476843e-02
8.789641437346862318e-02
8.790094693426908634e-02
8.790541056444753365e-02
8.790980936406456170e-02
8.791413916189558253e-02
8.791839976743755225e-02
8.792259098687894847e-02
8.792671261356337087e-02
8.793076443298006306e-02
8.793474622532222729e-02
8.793865776699802406e-02
8.794249883169749649e-02
8.794627335985948091e-02
8.794997708317513208e-02
8.795360978622490666e-02
8.795717124531811371e-02
8.796066123058703112e-02
8.796407951071402720e-02
8.796742585543859683e-02
8.797070003709747676e-02
8.797390183174105815e-02
8.797703102005804965e-02
8.798008738820756180e-02
8.798307072859780364e-02
8.798598084062475566e-02
8.798881753137363648e-02
8.799158061628049865e-02
8.799426991974926282e-02
8.799688527571897234e-02
8.799942652817556443e-02
8.800189353160242645e-02
8.800428615136482446e-02
8.800660426402326375e-02
8.800884775757181200e-02
8.801101653159736082e-02
8.801311049735713321e-02
8.801512957777279933e-02
8.801707370733902192e-02
8.801894283194661162e-02
8.802073690862033395e-02
8.802245590517245033e-02
8.802409979977410259e-02
8.802566858044719167e-02
8.802716224448024762e-02
8.802857865501319268e-02
8.802991797004233732e-02
8.803118244284331706e-02
8.803237996821867972e-02
8.803350671504789338e-02
8.803455141451001220e-02
8.803551845594820291e-02
8.803640726543734973e-02
8.803722304139993682e-02
8.803796446237327489e-02
8.803863144861488743e-02
8.803922393558942516e-02
8.803974186464121054e-02
8.804018517860311144e-02
8.804055553489267827e-02
8.804085273473336026e-02
8.804107479039154083e-02
8.804121895622590843e-02
8.804128817577702715e-02
8.804128238853831112e-02
8.804119867626246376e-02
8.804103697136068940e-02
8.804079929573502272e-02
8.804048556455593144e-02
8.804009567537567083e-02
8.803962951780894275e-02
8.803908697291182306e-02
8.803846534165273019e-02
8.803776458111418901e-02
8.803698671962642552e-02
8.803613160143156091e-02
8.803519906429338460e-02
8.803418893525047362e-02
8.803310103043808510e-02
8.803193515499445343e-02
8.803069110305893064e-02
8.802936865786378795e-02
8.802796759192094145e-02
8.802648766730300500e-02
8.802492863601658890e-02
8.802328800055274349e-02
8.802156769303288997e-02
8.801976527680854812e-02
8.801788258991868896e-02
8.801591933371175069e-02
8.801387521744999387e-02
8.801174994511065663e-02
8.800954321625156784e-02
8.800725472688614159e-02
8.800488417035676192e-02
8.800243123819109781e-02
8.799989562092858097e-02
8.799727700890420945e-02
8.799457509297980984e-02
8.799178956521268302e-02
8.798892011945390335e-02
8.798596645187030385e-02
8.798292826138442990e-02
8.797922323207629791e-02
8.797485294190310334e-02
8.796982017922053143e-02
8.796412734743784545e-02
8.795777651562149135e-02
8.795076946083123237e-02
8.794310770343710670e-02
8.793479253653697925e-02
8.792582505044443941e-02
8.791620615308086417e-02
8.790593658698174495e-02
8.789501694351906091e-02
8.788344767484750075e-02
8.787122910399863818e-02
8.785836143347852678e-02
8.784484475266161885e-02
8.783067904422382777e-02
8.781586418981288111e-02
8.780039997511770999e-02
8.778428609446681241e-02
8.776752215506096466e-02
8.775010768092356139e-02
8.773204211663439278e-02
8.771332483089816501e-02
8.769395511998641368e-02
8.767393242848997570e-02
8.765325568733040029e-02
8.763192399506010422e-02
8.760993639083276829e-02
8.758729185753350022e-02
8.756398932487602371e-02
8.754002767247225092e-02
8.751540573287645841e-02
8.749012229460781387e-02
8.746417610515337671e-02
8.743756587395494495e-02
8.741029027538327334e-02
8.738234795170372882e-02
8.735373751603933701e-02
8.732445755533632670e-02
8.729450663334001326e-02
8.726388330594017639e-02
8.723258603849966264e-02
8.720061319215635653e-02
8.716796334698920234e-02
8.713463500807325235e-02
8.710062667443065065e-02
8.706593684456551130e-02
8.703056401989105184e-02
8.699450659210333781e-02
8.695776318579570563e-02
8.692033233472150344e-02
8.688221259065975755e-02
8.684340164084378144e-02
8.680389811583684445e-02
8.676370155739646095e-02
8.672281065877419926e-02
8.668124920765885033e-02
8.663901775397783722e-02
8.659612422020707134e-02
8.655256203753997069e-02
8.650833154212830833e-02
8.646343498198134914e-02
8.641786965470817095e-02
8.637163807482838018e-02
8.632473841994128816e-02
8.627717390929239005e-02
8.622894549974174927e-02
8.618005085665166043e-02
8.613105827162061134e-02
8.608196343186029498e-02
8.603276641712430395e-02
8.598346727558200953e-02
8.593406602768349778e-02
8.588459413743339266e-02
8.583511611262692464e-02
8.578551744107411337e-02
8.573578404338315362e-02
8.573443324724842884e-02
8.572513970773770753e-02
8.570040065051023892e-02
8.565318408612279666e-02
8.557691905199958649e-02
8.546548586571514616e-02
8.531320634442031425e-02
8.511483401680683403e-02
8.486554433681786636e-02
8.456092489848776594e-02
8.419696565249346065e-02
8.377004912509850021e-02
8.327694063744707498e-02
8.271477852765492245e-02
8.208106437523851606e-02
8.137365323016085283e-02
8.059074384582096129e-02
7.973086891402518528e-02
7.879288530271659485e-02
7.777596429705843639e-02
7.667958184408411870e-02
7.550350880131134756e-02
7.424780118910818960e-02
7.291279044732769388e-02
7.149907369652708233e-02
7.000750400412386609e-02
6.843918065640999804e-02
6.679543943720051002e-02
6.507784290970695940e-02
6.328817070746348139e-02
6.142840983480692130e-02
5.950074497263195539e-02
5.750754879636116312e-02
5.545137230658701843e-02
5.333493517488284430e-02
5.116111610257229048e-02
4.893294319280482030e-02
4.665358434501035156e-02
4.432633767633674393e-02
4.195462196944742261e-02
3.954196715492036551e-02
3.709200483054650443e-02
3.460845882791266370e-02
3.209513583512682566e-02
2.955591608579927199e-02
2.699474412679725432e-02
2.441561967905236941e-02
2.182258860681587920e-02
1.921973401066273679e-02
1.661116745725027544e-02
1.400102035303407710e-02
1.139343545776760891e-02
8.792558516050763551e-03
6.202529962922975759e-03
3.627476617521829816e-03
1.071503254375549830e-03
-1.461316100721532507e-03
-3.966947327677494695e-03
-6.441405964025703756e-03
-8.880767709541326216e-03
-1.128117974352005337e-02
-1.363887284029041691e-02
-1.595017421416577985e-02
-1.821152089982236433e-02
-2.041947345307615347e-02
-2.257072978594115709e-02
-2.466213894954705221e-02
-2.669071469509690098e-02
-2.865364871030770533e-02
-3.054832345125968462e-02
-3.237232452517313508e-02
-3.412345260935556457e-02
-3.579973491234816896e-02
-3.739943619798188901e-02
-3.892106940184933417e-02
-4.036340587567904814e-02
-4.172548529723338340e-02
-4.300662528407150909e-02
-4.420643074843552678e-02
-4.532480302862748611e-02
-4.636194882994074118e-02
-4.731838900537241321e-02
-4.819496720346078122e-02
-4.899285840766623434e-02
-4.971357738939444215e-02
-5.035898709368760717e-02
-5.093130696968839466e-02
-5.143312126301849418e-02
-5.186738728263318166e-02
-5.223744365090451924e-02
-5.254701854407217709e-02
-5.280023792881410882e-02
-5.300163379946754016e-02
-5.315615241929005919e-02
-5.326916256820812823e-02
-5.334646379868029920e-02
-5.339429470066009431e-02
-5.341934117614322020e-02
-5.342874472342384884e-02
-5.343011073094783292e-02
-6.801490361487652625e-02
-6.794577816415889315e-02
-6.787207160649542936e-02
-6.792499175238782272e-02
-6.797800454054485353e-02
-6.803109542947616273e-02
-6.808425242178617331e-02
-6.813746023365374604e-02
-6.819070058986510807e-02
-6.824395654374863784e-02
-6.829721078610921647e-02
-6.835044584074739804e-02
-6.840364428531318930e-02
-6.845678894215395660e-02
-6.850986360762408023e-02
-6.856285596515913905e-02
-6.861574533108295848e-02
-6.866851658857406338e-02
-6.872116047870480138e-02
-6.877366245713682769e-02
-6.882599938725784960e-02
-6.887815832840150920e-02
-6.893013232485928343e-02
-6.898191687853058585e-02
-6.903350168334443371e-02
-6.908488158250648825e-02
-6.913844057982013180e-02
-6.919217058306731394e-02
-6.924522870946464570e-02
-6.929766687745536613e-02
-6.934952077832071127e-02
-6.940082172719871934e-02
-6.945160614737486138e-02
-6.950187942525160034e-02
-6.955164763849175369e-02
-6.960100002135373443e-02
-6.964996603261876251e-02
-6.969855927188683964e-02
-6.974680065059449263e-02
-6.979471104620638133e-02
-6.984232012284388724e-02
-6.988964174124399908e-02
-6.993669813842438854e-02
-6.998351239199190887e-02
-7.003010848777423136e-02
-7.007651134616146860e-02
-7.012274679136233646e-02
-7.016884147130977856e-02
-7.021482273920846839e-02
-7.026072119797596716e-02
-7.030656886650851756e-02
-7.035238815738317775e-02
-7.039820769259605426e-02
-7.044405610454772260e-02
-7.048996192111020576e-02
-7.053595349879418497e-02
-7.058205898342850837e-02
-7.062830629630145740e-02
-7.067472314282638446e-02
-7.072133704075152238e-02
-7.076817536559135147e-02
-7.081519423984375394e-02
-7.086220660193012777e-02
-7.090949611600999569e-02
-7.095708453498120183e-02
-7.100499324172762639e-02
-7.105324024708865871e-02
-7.110185740633029328e-02
-7.115086961750316519e-02
-7.120030274026309391e-02
-7.125018389543724684e-02
-7.130054177838071605e-02
-7.135162748947154743e-02
-7.140344664016905207e-02
-7.145580945275104012e-02
-7.150872985911543855e-02
-7.156223510618033024e-02
-7.161635987613980403e-02
-7.167112909406844756e-02
-7.172654047562312951e-02
-7.178260406118480708e-02
-7.183934092255570003e-02
-7.189674595001682711e-02
-7.195483684009779113e-02
-7.201361359273093787e-02
-7.207307034555548997e-02
-7.213321402088301859e-02
-7.219404009383303955e-02
-7.225552852576339058e-02
-7.231768094807312919e-02
-7.238048491782464455e-02
-7.244392553843975735e-02
-7.250798557232962516e-02
-7.257263702842749187e-02
-7.263786270632774378e-02
-7.270364283180552611e-02
-7.276995228323512865e-02
-7.283676431160107656e-02
-7.290405067655500448e-02
-7.297178203897868032e-02
-7.297534312994868877e-02
-7.299984301834080980e-02
-7.306505791174155995e-02
-7.318952023979360955e-02
-7.339054436333107556e-02
-7.368425251321429614e-02
-7.408560147841858345e-02
-7.460840751290706563e-02
-7.526537172435557310e-02
-7.606810573719997859e-02
-7.702715740020836532e-02
-7.815203663510755794e-02
-7.945124131387161504e-02
-8.093228312540849678e-02
-8.260171341980913906e-02
-8.446514903086849158e-02
-8.652729807903551673e-02
-8.879198574970420532e-02
-9.126218005490104035e-02
-9.394001757446843182e-02
-9.682682917685027368e-02
-9.992316571912061851e-02
-1.032288237254325725e-01
-1.067428710512254575e-01
-1.104636725266595343e-01
-1.143889120614783317e-01
-1.185156081347722573e-01
-1.228401503689342672e-01
-1.273583289007466091e-01
-1.320653608099643661e-01
-1.369559163838329208e-01
-1.420241450782802894e-01
-1.472637012393926970e-01
-1.526677696330398792e-01
-1.582290907994400864e-01
-1.639399862728613266e-01
-1.697923836855126101e-01
-1.757778417690693817e-01
-1.818875748746086318e-01
-1.881124766934048342e-01
-1.944431463115723624e-01
-2.008699135570324867e-01
-2.073828639379124428e-01
-2.139718635222806753e-01
-2.206265837400396002e-01
-2.273365260959011591e-01
-2.340910467916798576e-01
-2.408793812638156395e-01
-2.476906686540867597e-01
-2.545139762486048340e-01
-2.613383239427405358e-01
-2.681527088224728850e-01
-2.749461299899181310e-01
-2.817076138011875841e-01
-2.884262397213523954e-01
-2.950911670229002803e-01
-3.016916625467620516e-01
-3.082171296965162677e-01
-3.146571387419861421e-01
-3.210014583768946994e-01
-3.272400883300550234e-01
-3.333632927013850389e-01
-3.393616336111366927e-01
-3.452260047405392163e-01
-3.509476643697478360e-01
-3.565182676050693278e-01
-3.619298975862523804e-01
-3.671750955619718093e-01
-3.722468898028226114e-01
-3.771388233840555215e-01
-3.818449809095576519e-01
-3.863600142685792993e-01
-3.906791675323713076e-01
-3.947983010969731699e-01
-3.987139151702360773e-01
-4.024231726956695177e-01
-4.059239217963246937e-01
-4.092147178125550289e-01
-4.122948449987960950e-01
-4.151643379363449404e-01
-4.178240027120571631e-01
-4.202754379065648527e-01
-4.225210554290286247e-01
-4.245641012310282791e-01
-4.264086759281174310e-01
-4.280597553534051247e-01
-4.295232110636443834e-01
-4.308058308149975701e-01
-4.319153390225909384e-01
-4.328604172153430740e-01
-4.336507244951535167e-01
-4.342969180074882640e-01
-4.348106734286095731e-01
-4.352047054731292830e-01
-4.354927884243455782e-01
-4.356897766887721790e-01
-4.358116253754735769e-01
-4.358754109002274113e-01
-4.358993516141274061e-01
-4.359028284559707256e-01
-4.708385699299520999e-01
-4.709771008017464844e-01
-4.710194196471385042e-01
-4.710624324397358897e-01
-4.711154332879213258e-01
-4.711585962142788575e-01
-4.712040695641871446e-01
-4.712473579109106026e-01
-4.712932441806014228e-01
-4.713366100202486253e-01
-4.713802143854594617e-01
-4.714242747762280583e-01
-4.714677016904065265e-01
-4.715111476418969993e-01
-4.715546484793421977e-01
-4.715981940758069424e-01
-4.716417470174610327e-01
-4.716852889293325357e-01
-4.717288118794665808e-01
-4.717723080267459679e-01
-4.718157697911524728e-01
-4.718591899274970358e-01
-4.719025614614501540e-01
-4.719458778136554900e-01
-4.719891327274189918e-01
-4.720323201687380288e-01
-4.720754344122121693e-01
-4.721184699761948877e-01
-4.721614216350021875e-01
-4.722042844090475477e-01
-4.722470535555589599e-01
-4.722897244283168483e-01
-4.723322925883972623e-01
-4.723747541785318638e-01
-4.724171053324827119e-01
-4.724593423949744464e-01
-4.725014618865948091e-01
-4.725434605179822944e-01
-4.725853351853447348e-01
-4.726270829665609741e-01
-4.726687010189360993e-01
-4.727101865381789780e-01
-4.727515373893346196e-01
-4.727927514143502874e-01
-4.728338265642242910e-01
-4.728747609610228775e-01
-4.729155528987308843e-01
-4.729562008444367360e-01
-4.729967034402550174e-01
-4.730370595058703276e-01
-4.730772680415641918e-01
-4.731173282316350481e-01
-4.731572394481191601e-01
-4.731970012547268567e-01
-4.732366134109164957e-01
-4.732760758760357067e-01
-4.733153888134680187e-01
-4.733545525947393529e-01
-4.733935678035521288e-01
-4.734324352397295543e-01
-4.734711559230752043e-01
-4.735097310971611018e-01
-4.735481622330852125e-01
-4.735864510332430388e-01
-4.736245997263423546e-01
-4.736626102712583886e-01
-4.737004849911551352e-01
-4.737382265537286030e-01
-4.737758378796750325e-01
-4.738133221480841373e-01
-4.738506828023486550e-01
-4.738879235566258452e-01
-4.739250486850238309e-01
-4.739620621680370460e-01
-4.739989685608541059e-01
-4.740357727387582987e-01
-4.740724798894593306e-01
-4.741090957381393078e-01
-4.741456258926793343e-01
-4.741820765251703040e-01
-4.742184542994634100e-01
-4.742547660387818054e-01
-4.742910189504381813e-01
-4.743272208243643484e-01
-4.743633795750500926e-01
-4.743995036496750917e-01
-4.744356019499433308e-01
-4.744716836908007274e-01
-4.745077585144930055e-01
-4.745438365091965705e-01
-4.745799280661754938e-01
-4.746160441225520943e-01
-4.746521958390470530e-01
-4.746883949109139134e-01
-4.747246529036369123e-01
-4.747609817894392070e-01
-4.747973933518934708e-01
-4.748339002988832824e-01
-4.748705144580334103e-01
-4.749072483257557598e-01
-4.749441149025629416e-01
-4.749811260760702369e-01
-4.750182947665151367e-01
-4.750556332333479848e-01
-4.750931535299713904e-01
-4.751308674587403358e-01
-4.751687865200852623e-01
-4.752069217765482745e-01
-4.752452835742486670e-01
-4.752838759099471955e-01
-4.753227090587300863e-01
-4.753618005108947164e-01
-4.754011587943874906e-01
-4.754407922539000686e-01
-4.754807087648420527e-01
-4.755209153054520410e-01
-4.755614181811044228e-01
-4.756022225207438003e-01
-4.756433332210796006e-01
-4.756847544852867982e-01
-4.757264898239040862e-01
-4.757685281224124374e-01
-4.758108853380323966e-01
-4.758535839755521635e-01
-4.758966525095432720e-01
-4.759400889014900882e-01
-4.759838902287632512e-01
-4.760280531194282516e-01
-4.760725737875052821e-01
-4.761174480764445160e-01
-4.761626715079173566e-01
-4.762082393337597752e-01
-4.762541465893935788e-01
-4.763003881473961698e-01
-4.763469587700419061e-01
-4.763938531595799386e-01
-4.764410660054483881e-01
-4.764885920232881933e-01
-4.765364259834951599e-01
-4.765845686994252817e-01
-4.766330092592130918e-01
-4.766817427379199112e-01
-4.767307644926656041e-01
-4.767800701097429927e-01
-4.768296554140332155e-01
-4.768795164723780844e-01
-4.769296495909314260e-01
-4.769800513065462488e-01
-4.770307183723332400e-01
-4.770816477384184351e-01
-4.771328365283848960e-01
-4.771842820091660164e-01
-4.772359815544553463e-01
-4.772879326053059978e-01
-4.773401409185972777e-01
-4.773925953757711671e-01
-4.774452918726521111e-01
-4.774982239132276041e-01
-4.775513846515914151e-01
-4.776047684533051285e-01
-4.776583707721558381e-01
-4.777121927011624414e-01
-4.777662306558322358e-01
-4.778204774941116617e-01
-4.778749313463613313e-01
-4.779296005954995485e-01
-4.779844718523423852e-01
-4.780395542771404549e-01
-4.780948327891548222e-01
-4.781503071153642703e-01
-4.782059760035081708e-01
-4.782618371032761329e-01
-4.783178968831749978e-01
-4.783741332758367770e-01
-4.784305587022746886e-01
-4.784869850187586926e-01
-4.784872888146541881e-01
-4.784894032559430244e-01
-4.784951158053982745e-01
-4.785061932615643499e-01
-4.785243829300748208e-01
-4.785514135501029442e-01
-4.785889940405232967e-01
-4.786388121128864470e-01
-4.787025317476301667e-01
-4.787817903684239984e-01
-4.788781957725353755e-01
-4.789933228796535158e-01
-4.791287104731156155e-01
-4.792858581002756302e-01
-4.794662232853559303e-01
-4.796712191899561439e-01
-4.799022128354519801e-01
-4.801605239797832603e-01
-4.804474247207960458e-01
-4.807641398812134148e-01
-4.811118508976245378e-01
-4.814917667014873004e-01
-4.819053867011591219e-01
-4.823547081652940771e-01
-4.828424725925466454e-01
-4.833725343959776599e-01
-4.839504262297146253e-01
-4.845842467223702155e-01
-4.852860900429038504e-01
-4.860744131449356020e-01
-4.869765323766808152e-01
-4.880257813103345832e-01
-4.892538139165312217e-01
-4.906888915020599651e-01
-4.923559662227643408e-01
-4.942767678350352689e-01
-4.964698940036620378e-01
-4.989509042582001008e-01
-5.017324174517177049e-01
-5.048242123287995931e-01
-5.082333305550146285e-01
-5.119641813010895603e-01
-5.160186462155076370e-01
-5.203961833667252179e-01
-5.250939285048339400e-01
-5.301067918068316231e-01
-5.354275481688040017e-01
-5.410469191526585675e-01
-5.469536449714311743e-01
-5.531345455191738480e-01
-5.595745705514696411e-01
-5.662568408204426973e-01
-5.731626843213302180e-01
-5.802716747249392348e-01
-5.875616822064195777e-01
-5.950089495573864795e-01
-6.025882077042837848e-01
-6.102728434948812009e-01
-6.180351281668281516e-01
-6.258465074563703823e-01
-6.336779529443692383e-01
-6.415005350106675053e-01
-6.492864461940843768e-01
-6.570094374673320914e-01
-6.646447877531667103e-01
-6.721692265730903060e-01
-6.795608850431014147e-01
-6.867992674428107236e-01
-6.938652366652515724e-01
-7.007410083437157766e-01
-7.074101499651224145e-01
-7.138575826190818319e-01
-7.200695841025011035e-01
-7.260337928818021425e-01
-7.317392129328679218e-01
-7.371762197770506120e-01
-7.423365681621909573e-01
-7.472134018481524365e-01
-7.518012658893238331e-01
-7.560961216959456443e-01
-7.600953650272583850e-01
-7.637978469412713967e-01
-7.672038976121819953e-01
-7.703153528322792543e-01
-7.731355829472015273e-01
-7.756695239297328737e-01
-7.779237102777529778e-01
-7.799063094227778326e-01
-7.816271573525486183e-01
-7.830977951804372061e-01
-7.843315064307931905e-01
-7.853433548497104066e-01
-7.861502225906280561e-01
-7.867708486614808372e-01
-7.872258675525030114e-01
-7.875378479903365481e-01
-7.877313317843974705e-01
-7.878328727455876646e-01
-7.878710756665561199e-01
-7.878766353576445169e-01
-7.878766353576445169e-01
-8.308937729239541659e-01
-8.321022540195519568e-01
-8.333781002926207160e-01
-8.349376816824193304e-01
-8.365860988639737261e-01
-8.366060388700592432e-01
-8.366259654741418084e-01
-8.366456950385182667e-01
-8.366650517629435901e-01
-8.366840745662162959e-01
-8.367028316283577904e-01
-8.367214113502722261e-01
-8.367393472104871499e-01
-8.367571343026445341e-01
-8.367750338977015812e-01
-8.367931007518422115e-01
-8.368114105178172668e-01
-8.368300287918506442e-01
-8.368490111167350420e-01
-8.368673929621636143e-01
-8.368855719561643092e-01
-8.369042733170887205e-01
-8.369235260267866572e-01
-8.369433497290673651e-01
-8.369637829214684466e-01
-8.369847992979402296e-01
-8.370063951661131929e-01
-8.370285603357350279e-01
-8.370512792305836447e-01
-8.370745317268715180e-01
-8.370982939423804448e-01
-8.371225389617080737e-01
-8.371472648371400815e-01
-8.371724120134252933e-01
-8.371979484531116844e-01
-8.372238409871318732e-01
-8.372500559146476284e-01
-8.372765593312370136e-01
-8.373045406384947986e-01
-8.373325752122614540e-01
-8.373606452221540319e-01
-8.373887393467041029e-01
-8.374168466260765165e-01
-8.374449564951095271e-01
-8.374730590290309085e-01
-8.375011451143998809e-01
-8.375292065118817852e-01
-8.375572359423330004e-01
-8.375852273154137384e-01
-8.376131754986990696e-01
-8.376410766099294802e-01
-8.376689280987043018e-01
-8.376967287581923438e-01
-8.377244789627602550e-01
-8.377521802700785836e-01
-8.377798358725432326e-01
-8.378074505242321113e-01
-8.378237436925215498e-01
-8.376924516186508018e-01
-8.374532000813847965e-01
-8.365987376464614211e-01
-8.349415699769181520e-01
-8.331370066573199340e-01
-8.310962725306652032e-01
-8.287989234311559095e-01
-8.262202295228194826e-01
-8.233627061899446709e-01
-8.201910440856315931e-01
-8.167177886677369214e-01
-8.128981966856511088e-01
-8.087557093126318541e-01
-8.042570827509157860e-01
-7.993408756533911808e-01
-7.940328988995913884e-01
-7.882736676938079112e-01
-7.820578485762639254e-01
-7.746172437618706885e-01
-7.652619154447155569e-01
-7.557893564286134458e-01
-7.462684568545286945e-01
-7.366268038515023653e-01
-7.267885454049451965e-01
-7.166749105550304089e-01
-7.062151956360412930e-01
-6.953132043187886246e-01
-6.838618215518385002e-01
-6.717770078467610873e-01
-6.590172659347413031e-01
-6.456459402987385632e-01
-6.322111583265891399e-01
-6.189645986644994879e-01
-6.060637932381987003e-01
-5.936424850320105584e-01
-5.818093494167182467e-01
-5.706492458852684413e-01
-5.602221242179549199e-01
-5.505656777470504526e-01
-5.417481984336736112e-01
-5.338392047921918238e-01
-5.268534094118759725e-01
-5.207518430086267580e-01
-5.207519420455914982e-01
-5.207526312839720894e-01
-5.207544929813276990e-01
-5.207581032835806312e-01
-5.207640456293437525e-01
-5.207729465245187761e-01
-5.207854947978006743e-01
-5.208025089109036276e-01
-5.208250066385612387e-01
-5.208541398064506778e-01
-5.208911430168753354e-01
-5.209373199308402480e-01
-5.209940355557779457e-01
-5.210627078335742235e-01
-5.211447986864977677e-01
-5.212418047500404494e-01
-5.213552479903701409e-01
-5.214866664571823351e-01
-5.216376053097967480e-01
-5.218096082426321169e-01
-5.220042093907405478e-01
-5.222229257804702485e-01
-5.224672503640012122e-01
-5.227386456395778369e-01
-5.230385378581332567e-01
-5.233683118017515845e-01
-5.237293061086383261e-01
-5.241228091352255758e-01
-5.245500652544544673e-01
-5.250123290716067759e-01
-5.255109484046005530e-01
-5.260474012577174285e-01
-5.266233223358761650e-01
-5.272405339879483455e-01
-5.279010826669406908e-01
-5.286072822860433673e-01
-5.293617661981860900e-01
-5.301675500022428045e-01
-5.310281053421155306e-01
-5.319474355403253085e-01
-5.329301584534871239e-01
-5.339816401981591909e-01
-5.351081745314804072e-01
-5.363172136643477028e-01
-5.376176682967042098e-01
-5.390203020863202354e-01
