2.961366359741099408e-02
2.808025713494877174e-02
2.601083621078492669e-02
2.325102150488417285e-02
1.982635246919536853e-02
1.680001418114654421e-02
1.680007948217743241e-02
1.680014730555590141e-02
1.680022733153321846e-02
1.680031520165548020e-02
1.680041332167578338e-02
1.680052114990407408e-02
1.680063886230040437e-02
1.680076661498874913e-02
1.680090447512938567e-02
1.680105245791929658e-02
1.680120668566489894e-02
1.680137512676491141e-02
1.680155353771056737e-02
1.680174181001364841e-02
1.680193797327497740e-02
1.680214577187705283e-02
1.680236302839627216e-02
1.680258847207261041e-02
1.680282424780427109e-02
1.680306896432917640e-02
1.680332224784708561e-02
1.680358369352114023e-02
1.680385410985432704e-02
1.680413264421937170e-02
1.680441836826845892e-02
1.680471249432627379e-02
1.680501406359297123e-02
1.680532284174049429e-02
1.680563860102041174e-02
1.680596101150899635e-02
1.680628942521708580e-02
1.680662474516300686e-02
1.680696609792275975e-02
1.680731324070755539e-02
1.680766593025406763e-02
1.680802392312194526e-02
1.680838699100359324e-02
1.680875489683872348e-02
1.680912741201684435e-02
1.680950430712971344e-02
1.680988528625385059e-02
1.681026956700854003e-02
1.681065825975674999e-02
1.681105042320521492e-02
1.681144583345731136e-02
1.681184426881254801e-02
1.681224552104984560e-02
1.681264937590437603e-02
1.681305562659826669e-02
1.681346406686684558e-02
1.681387449164686854e-02
1.681428669748577520e-02
1.681470048275457430e-02
1.681511564775173273e-02
1.681553199472654581e-02
1.681594937123398470e-02
1.681636816494341824e-02
1.681678686731821748e-02
1.681720598888128415e-02
1.681762534303946066e-02
1.681804474354214873e-02
1.681846400494516058e-02
1.681888294272940176e-02
1.681930137330295283e-02
1.681971911392968200e-02
1.682013598263173981e-02
1.682055180465738542e-02
1.682096639127381166e-02
1.682137956124635236e-02
1.682179157839935879e-02
1.682220143377971544e-02
1.682260921256048536e-02
1.682301484344214670e-02
1.682341814258064838e-02
1.682381892571449544e-02
1.682421700803940490e-02
1.682461220873440744e-02
1.682500442198492374e-02
1.682539349019210317e-02
1.682577882663158220e-02
1.682616050234278515e-02
1.682653832080052703e-02
1.682691208390590942e-02
1.682728171386399518e-02
1.682764672927991589e-02
1.682800708829862435e-02
1.682836259056955108e-02
1.682871317011322421e-02
1.682905801065132101e-02
1.682938153938662307e-02
1.682971509930830667e-02
1.683004516203021050e-02
1.683037178899102204e-02
1.683066829822857380e-02
1.683097576123088190e-02
1.683128166628983235e-02
1.683158433136039411e-02
1.683187986728373886e-02
1.683216686381339144e-02
1.683243877688331280e-02
1.683270207749743008e-02
1.683295813314233946e-02
1.683320580946123801e-02
1.683344439246298174e-02
1.683367421822684618e-02
1.683389577306837470e-02
1.683410664041501414e-02
1.683430746560615754e-02
1.683449806435760587e-02
1.683467814772307558e-02
1.683484742847965454e-02
1.683500561382164640e-02
1.683515240536462287e-02
1.683528436487874425e-02
1.683540713100481478e-02
1.683551036560665404e-02
1.683560751146631618e-02
1.683569182127347963e-02
1.683576300569938899e-02
1.683581424920413405e-02
1.683585810733947974e-02
1.683588688590528792e-02
1.683590209713137220e-02
1.683590266836496041e-02
1.683588827331897186e-02
1.683748467319956532e-02
1.683901619465100197e-02
1.684052484815914963e-02
1.684203063241052067e-02
1.684353157791307343e-02
1.684502740399151932e-02
1.684651778451812243e-02
1.684800239299702462e-02
1.684948090102761364e-02
1.685095297722832841e-02
1.685241828652386809e-02
1.685387645132208068e-02
1.685532710402068424e-02
1.685676985992007326e-02
1.685820434464513351e-02
1.685963019032646337e-02
1.686104703298413332e-02
1.686245451076867630e-02
1.686384497910650704e-02
1.686523252234162218e-02
1.686660962611957748e-02
1.686797589997399149e-02
1.686933096440040858e-02
1.687067443419998369e-02
1.687200593666135506e-02
1.687332510855688028e-02
1.687463159412105895e-02
1.687592504370574731e-02
1.687720511294410475e-02
1.687847146225979200e-02
1.687972375663771007e-02
1.688096164348626416e-02
1.688218479309097630e-02
1.688339986806824955e-02
1.688459258472171931e-02
1.688576959885881856e-02
1.688693061556414965e-02
1.688807535019126727e-02
1.688920352740694297e-02
1.689031488066122799e-02
1.689140915190823211e-02
1.689248607274448921e-02
1.689354542061954900e-02
1.689458695617093720e-02
1.689561045848536613e-02
1.689661572220127472e-02
1.689760255557576363e-02
1.689857077920878248e-02
1.689952022522089869e-02
1.690045073674581455e-02
1.690136216762547217e-02
1.690225437091291694e-02
1.690312724933409894e-02
1.690398068916254548e-02
1.690481459464632241e-02
1.690562888550217746e-02
1.690642349526055854e-02
1.690719837016863014e-02
1.690795346847176472e-02
1.690869031397906896e-02
1.690940579495361917e-02
1.691010143118981679e-02
1.691078108564994520e-02
1.691143968116071150e-02
1.691207573260219976e-02
1.691269205770293271e-02
1.691328871633021591e-02
1.691386578030623644e-02
1.691442333312528912e-02
1.691496146940618672e-02
1.691548029450240520e-02
1.691598615291164953e-02
1.691646629719023576e-02
1.691692482917844798e-02
1.691737330653825255e-02
1.691779674156901336e-02
1.691820169037822064e-02
1.691858832034318083e-02
1.691895682351168828e-02
1.691930740245695119e-02
1.691964026972586632e-02
1.691995566124318562e-02
1.692025374040831420e-02
1.692053471342652715e-02
1.692079880348709708e-02
1.692104555671528066e-02
1.692127659044642685e-02
1.692148480139171740e-02
1.692167410840361708e-02
1.692116978896082702e-02
1.692175506194890100e-02
1.692217505674564748e-02
1.692235130356942174e-02
1.692247550886238905e-02
1.692258391708303944e-02
1.692267217446580263e-02
1.692273915605288503e-02
1.692279489602327436e-02
1.692283387734550004e-02
1.692285625255363080e-02
1.692286217249738822e-02
1.692284711283378873e-02
1.692279187040024446e-02
1.692269924576444984e-02
1.692340098865910414e-02
1.692632815225408871e-02
1.693275782297884446e-02
1.694378107526275934e-02
1.696036442481824169e-02
1.698338815239430755e-02
1.701367100895917472e-02
1.705172545979313781e-02
1.709788371208786906e-02
1.715254892288439748e-02
1.721616542754650370e-02
1.728919995728961378e-02
1.737212987106104278e-02
1.746543591717575339e-02
1.756959776254343741e-02
1.768509107890950394e-02
1.781238653349861978e-02
1.795171898169414804e-02
1.810318329851359764e-02
1.826694762431269048e-02
1.844322563103084622e-02
1.863225907622212407e-02
1.883430656160478556e-02
1.904963627757721989e-02
1.927852112907649240e-02
1.952123651292855810e-02
1.977805814420402486e-02
2.004901780595738647e-02
2.033400452203923403e-02
2.063298929065429665e-02
2.094599609744215996e-02
2.127308167246494408e-02
2.161432285688674737e-02
2.196980904258369338e-02
2.233963481472980850e-02
2.272389880227193570e-02
2.312270025681231744e-02
2.353587618096972256e-02
2.396311031946535275e-02
2.440417552288726144e-02
2.485890037498250660e-02
2.532714772680588755e-02
2.580880084814954345e-02
2.630375445010504909e-02
2.681190882872661052e-02
2.733316601429416903e-02
2.786742746893458578e-02
2.841431033699465258e-02
2.897326593292742780e-02
2.954384256181480373e-02
3.012564909775536370e-02
3.071833192581355232e-02
3.132156028969945716e-02
3.193501696289285929e-02
3.255839234235527457e-02
3.319138074827338025e-02
3.383367815074120322e-02
3.448467970892304946e-02
3.514360821149742353e-02
3.580979596851718849e-02
3.648264648203178306e-02
3.716161010822935373e-02
3.784616868966936276e-02
3.853582592719573263e-02
3.923010142527103006e-02
3.992852708786320814e-02
4.063064501698210318e-02
4.133568926972588931e-02
4.204272338493308947e-02
4.275093720603218017e-02
4.345960738550930236e-02
4.416807065675948385e-02
4.487570781919647533e-02
4.558193351744163624e-02
4.628618977033313597e-02
4.698794196019270841e-02
4.768667637606080478e-02
4.838157260012945771e-02
4.907164547484940686e-02
4.975605177091607656e-02
5.043404768390813420e-02
5.110496159160504703e-02
5.176817658721438731e-02
5.242311925070461398e-02
5.306925216215016561e-02
5.370606999892460487e-02
5.433309542101341649e-02
5.494955003159354701e-02
5.555449728229311379e-02
5.614714983612340005e-02
5.672682611024312815e-02
5.729292197823143695e-02
5.784489335671702537e-02
5.838224328079941183e-02
5.890451443369393303e-02
5.941128390661420955e-02
5.990215948479327146e-02
6.037645699075680494e-02
6.083333966026263639e-02
6.127211819104008694e-02
6.169220786785897803e-02
6.209310080664257048e-02
6.247434766135354089e-02
6.283554567449203820e-02
6.317633095101288232e-02
6.349637265918334217e-02
6.379536913977837398e-02
6.407308022725818897e-02
6.432930142877224533e-02
6.456382540851940410e-02
6.477644971465446044e-02
6.496698157156749476e-02
6.513524062547040860e-02
6.528106039252812298e-02
6.540428898074113206e-02
6.550478948703811199e-02
6.558243968238949839e-02
6.563751777274998145e-02
6.567051181895053324e-02
6.568174767603238151e-02
6.567144926498477697e-02
6.563977714329788382e-02
6.558685313478410106e-02
6.551277603392366422e-02
6.541763159695926366e-02
6.530149887687256016e-02
6.516445421957883788e-02
6.500696599851782387e-02
6.482970053231790208e-02
6.463314515663448612e-02
6.441767175595353168e-02
6.418357788577822021e-02
6.393111254407415900e-02
6.366049303984885888e-02
6.337191591269761282e-02
6.306556390975787130e-02
6.274161050172558096e-02
6.240061449910597191e-02
6.204332505807946818e-02
6.167030536805781504e-02
6.128199733307035380e-02
6.087876311964449116e-02
6.046091186009150409e-02
6.002871685669886048e-02
5.958242670503594018e-02
5.912227252196147753e-02
5.864847267588596536e-02
5.816161940192135504e-02
5.766248719604702422e-02
5.715166460302392726e-02
5.662961818973238914e-02
5.609673362958922382e-02
5.555334211364243435e-02
5.499973737989394262e-02
5.443618674118716472e-02
5.386293827091254149e-02
5.328022552592781569e-02
5.268863806557619323e-02
5.208893780831855280e-02
5.148170668295493080e-02
5.086740810041925909e-02
5.024642640414300754e-02
4.961909221936622316e-02
4.898569879582828634e-02
4.834651259469177620e-02
4.770178019396556501e-02
4.705173283608415913e-02
4.639693250604051689e-02
4.573810105810424687e-02
4.507579181304538496e-02
4.441044671759972196e-02
4.374243299763919124e-02
4.307206669640656349e-02
4.239962784517736782e-02
4.172537029225151239e-02
4.104952814710147169e-02
4.037232000815235700e-02
3.969426112331223000e-02
3.901601075881214187e-02
3.833807709991610135e-02
3.766086763789774916e-02
3.698472234246105717e-02
3.630993430631879182e-02
3.563676320360156802e-02
3.496544403248549870e-02
3.429619283122045670e-02
3.362921045879899151e-02
3.296494887516762673e-02
3.230398386745347850e-02
3.164676471808089420e-02
3.099365617011121121e-02
3.034496531565450406e-02
2.970095886515722317e-02
2.906187429291376412e-02
2.842792708177677152e-02
2.779931548073377723e-02
2.717622367442026898e-02
2.655902762658496341e-02
2.594820146030493713e-02
2.534412630714774628e-02
2.474712036194845477e-02
2.415745848377329197e-02
2.357538403155814977e-02
2.300111776150146059e-02
2.243486274100017774e-02
2.187680790649501605e-02
2.132713046530668177e-02
2.078613179865684835e-02
2.025418258085612266e-02
1.973159992426348763e-02
1.921866415398226779e-02
1.871562957124286997e-02
1.822273111547559332e-02
1.774018965599333253e-02
1.726821475830603303e-02
1.709732071737654624e-02
1.710714281457459407e-02
1.712309882053639210e-02
1.713880593910055428e-02
1.715034905465800952e-02
1.715541495711209175e-02
1.715270298912230373e-02
1.714155198634800814e-02
1.712170260426643109e-02
1.709338891687181561e-02
1.710320812194265905e-02
1.712862494100741984e-02
1.709243627094497731e-02
1.709214613753612388e-02
1.709185426287979093e-02
1.709156033177627876e-02
1.709126432641555615e-02
1.709096629859660488e-02
1.709066631305866668e-02
1.709036639881095221e-02
1.709006261545201188e-02
1.708975704784015948e-02
1.708944974394810412e-02
1.708914073674175360e-02
1.708883005726666293e-02
1.708851773026232035e-02
1.708820377470965379e-02
1.708789087317941213e-02
1.708757347130274162e-02
1.708725446271158743e-02
1.708693384783940838e-02
1.708661511925513299e-02
1.708629078871126694e-02
1.708596540059667546e-02
1.708564678754187494e-02
1.708531780572550285e-02
1.708498337630012798e-02
1.708464727168620967e-02
1.708430953095277371e-02
1.708394663525267254e-02
1.708360365926714364e-02
1.708324914421524565e-02
1.708291532813338565e-02
1.708257189584730384e-02
1.708222123247213342e-02
1.708188919858369403e-02
1.708154421878649298e-02
1.708119249111048066e-02
1.708083655824485514e-02
1.708048609743462176e-02
1.708013719022183352e-02
1.707977963299611712e-02
1.707941684376235170e-02
1.707905020298053356e-02
1.707868025663733524e-02
1.707830881768984677e-02
1.707794075316398930e-02
1.707756187825226757e-02
1.707717971674863056e-02
1.707679414932564144e-02
1.707640505414223520e-02
1.707601230594410491e-02
1.707561578281879822e-02
1.707521535483152997e-02
1.707481089374265903e-02
1.707440226883535916e-02
1.707398934734949414e-02
1.707357199488815369e-02
1.707315007579202071e-02
1.707272333167167422e-02
1.707229186518655073e-02
1.707185542131464673e-02
1.707141387131427823e-02
1.707096708336469648e-02
1.707051493136266251e-02
1.707005729070504296e-02
1.706959403886443294e-02
1.706912517953584896e-02
1.706865035113294682e-02
1.706816956112350292e-02
1.706768270008846011e-02
1.706718966285317163e-02
1.706669035910832188e-02
1.706618470158752232e-02
1.706567261341201958e-02
1.706515402377845048e-02
1.706462886844134497e-02
1.706409709012238207e-02
1.706355863883665669e-02
1.706301347216826469e-02
1.706246168015967957e-02
1.706190173717522796e-02
1.706133635092305090e-02
1.706076418310950582e-02
1.706018524855160146e-02
1.705959769019146921e-02
1.705899955799072831e-02
1.705840014347098643e-02
1.705779633838830356e-02
1.705718696804087164e-02
1.705656401270388978e-02
1.705593370647701112e-02
1.705530535985363971e-02
1.705467424651349595e-02
1.705403277576772458e-02
1.705338365513670018e-02
1.705272982467501142e-02
1.705207038942430087e-02
1.705140549515704596e-02
1.705073530910833357e-02
1.705006000931366672e-02
1.704937978187157088e-02
1.704869483674148478e-02
1.704881584370698810e-02
1.704901124601501672e-02
1.704919934707366247e-02
1.704963737663384160e-02
1.705013600008439822e-02
1.705062964862191777e-02
1.705111817005214303e-02
1.705160044563483468e-02
1.705207276360515278e-02
1.705254468260972156e-02
1.705301098503889112e-02
1.705347158723707901e-02
1.705392641305797374e-02
1.705437539494505939e-02
1.705481847464351830e-02
1.705525560373002958e-02
1.705568674397983653e-02
1.705611186759284359e-02
1.705653095730730318e-02
1.705694403706584095e-02
1.705735117697820824e-02
1.705775243400992069e-02
1.705814786704051844e-02
1.705853753778815984e-02
1.705892093451269464e-02
1.705929926186494638e-02
1.705966646321410707e-02
1.706003365469591082e-02
1.706039546022503073e-02
1.706075200098022826e-02
1.706110343310129895e-02
1.706144989851288152e-02
1.706179153500364531e-02
1.706212847743346361e-02
1.706246085871257478e-02
1.706282690018359749e-02
1.706322621772884962e-02
1.706365810502677438e-02
1.706412194562789697e-02
1.706461705573908416e-02
1.706514270015166423e-02
1.706569820165215745e-02
1.706628292028927740e-02
1.706689623559395907e-02
1.706753753168571697e-02
1.706820618479959473e-02
1.706890155285753496e-02
1.706962296674766066e-02
1.707036972304404321e-02
1.707114074157600747e-02
1.707193464154582729e-02
1.707275014553483183e-02
1.707358603649344886e-02
1.707444113525616314e-02
1.707531428178243882e-02
1.707620431950993001e-02
1.707711008233320227e-02
1.707803038375524385e-02
1.707896400786559910e-02
1.707990938313946883e-02
1.708086464389321768e-02
1.708182802728591687e-02
1.708279782810215308e-02
1.708377237643893265e-02
1.708475001908060786e-02
1.708572910393901800e-02
1.708670796707900674e-02
1.708768492186446553e-02
1.708865824989566629e-02
1.708962589011059352e-02
1.709058548469574723e-02
1.709153477665134591e-02
1.709247156150239810e-02
1.709339366554282758e-02
1.709429892758662639e-02
1.709518518363492556e-02
1.709605025400151579e-02
1.709689193246413663e-02
1.709770797710227774e-02
1.709849582168582183e-02
1.709925260313344131e-02
1.709997555229039734e-02
1.710066194266712802e-02
1.710130906968782005e-02
1.710191423313597858e-02
1.710247472230996824e-02
1.710298780343724734e-02
1.710345102624621916e-02
1.710386568419669517e-02
1.710421994445879279e-02
1.710451419931138806e-02
1.710474571347533890e-02
1.710491120895399342e-02
1.710500740835466105e-02
1.710503101970120565e-02
1.710497872333702207e-02
1.710484716071683509e-02
1.710463292484626363e-02
1.710433255175666800e-02
1.710394243253318680e-02
1.710345876800314913e-02
1.710287775128122023e-02
1.710219602350249168e-02
1.710141338429282953e-02
1.710052777310563932e-02
1.709954499547655660e-02
1.709846582097754308e-02
1.709729598516723792e-02
1.709602553293809724e-02
1.709465898478682022e-02
1.709319880061069274e-02
1.709164573261665043e-02
1.709000034255583889e-02
1.708826302487606585e-02
1.708626260753648429e-02
1.708406478571472542e-02
1.708163222176539708e-02
1.707899924958058979e-02
1.707619045218486398e-02
1.707320997545974661e-02
1.707007004354815782e-02
1.706678143213588572e-02
1.706334311217536093e-02
1.705976535516079418e-02
1.705605732017806409e-02
1.705242636429107894e-02
1.704965338378466866e-02
1.704868653936661427e-02
1.704753348064061425e-02
1.704613376474314879e-02
1.704448746950945615e-02
1.705863378582575529e-02
1.710010862623495553e-02
1.715386956578474065e-02
1.722467786633063991e-02
1.731652983314052596e-02
1.743297070690083550e-02
1.757724586208278539e-02
1.775240939568567544e-02
1.795906462188173736e-02
1.819640629892257944e-02
1.846442185770919009e-02
1.876361270299464756e-02
1.909481638147489391e-02
1.945909920575472629e-02
1.985768673626558956e-02
2.029192111667776910e-02
2.076323501723886800e-02
2.127313136133401894e-02
2.182128412589948163e-02
2.240624771188898245e-02
2.302717213034025101e-02
2.368357981973329141e-02
2.437522074532552652e-02
2.510197775436875944e-02
2.586380418307671070e-02
2.666068316638339764e-02
2.749259877452311929e-02
2.835951659930185942e-02
2.925892162467749746e-02
3.018672702866764812e-02
3.113950988218217031e-02
3.211424688018796325e-02
3.310814902533792958e-02
3.411855989867684791e-02
3.514289380684587627e-02
3.617860014355253617e-02
3.722314616166125245e-02
3.827400881959466816e-02
3.932551905139861081e-02
4.037015369214957961e-02
4.140149727049000083e-02
4.241389003335041541e-02
4.340220716172021875e-02
4.436172167242252717e-02
4.528802125637007570e-02
4.617695739490637608e-02
4.702461566093499301e-02
4.782729853439568468e-02
4.858129780685732646e-02
4.928298499917285747e-02
4.992901192908963393e-02
5.051628323826806710e-02
5.104193555402677940e-02
5.150332693477244206e-02
5.189802008906510555e-02
5.222377599883626376e-02
5.247854521673334105e-02
5.266046222902082130e-02
5.277111880470880534e-02
5.281400716222170444e-02
5.279137639826106398e-02
5.270470153700793081e-02
5.255498073717429497e-02
5.234293013497728908e-02
5.206910509838227896e-02
5.173398454861399820e-02
5.133801765082535162e-02
5.088165814252793018e-02
5.036870798457163123e-02
4.980469753766145202e-02
4.919369928603478659e-02
4.853885183284431526e-02
4.784269606622146287e-02
4.710738978812201161e-02
4.633485130003917041e-02
4.552684402284284948e-02
4.468503516347818727e-02
4.381103165693520096e-02
4.290945860010114687e-02
4.198645382443033647e-02
4.104674985392345321e-02
4.009416217637837287e-02
3.913190717495140802e-02
3.816279727634167007e-02
3.718936869260131006e-02
3.621396160113543594e-02
3.523877060520805293e-02
3.426587404851136331e-02
3.329663316191144862e-02
3.233181063801857102e-02
3.137214958588058211e-02
3.041860178116545521e-02
2.947227618203221433e-02
2.853434057320003436e-02
2.760598653057338980e-02
2.668840681357514955e-02
2.578278101595476990e-02
2.489026655457601822e-02
2.383379226849316468e-02
2.248043935231910928e-02
2.085410970054057955e-02
1.898504255867750068e-02
1.690977342908311920e-02
1.681972476257959093e-02
1.682583681255328534e-02
1.683184671197890392e-02
1.683775733079967418e-02
1.684357292251070781e-02
1.684929499869078362e-02
1.685492677870345513e-02
1.686046977509608746e-02
1.686592553585708476e-02
1.687129634723008587e-02
1.687658332932787109e-02
1.688178828360789585e-02
1.688691160921598766e-02
1.689196041038773521e-02
1.689692956594035511e-02
1.690181643462146388e-02
1.690663300679157155e-02
1.691136684879465668e-02
1.691602581291634655e-02
1.692061074890441330e-02
1.692512246105426499e-02
1.692956171395565423e-02
1.693392581612188086e-02
1.693822275210377093e-02
1.694244929704308289e-02
1.694660608296949533e-02
1.695069251421818524e-02
1.695471183128227644e-02
1.695866318042951737e-02
1.696254711585928887e-02
1.696636364394424334e-02
1.697011440308918151e-02
1.697379926993661248e-02
1.697741870957236721e-02
1.698097316636701382e-02
1.698446293671002083e-02
1.698788846630197580e-02
1.699125051818353715e-02
1.699454922543808255e-02
1.699778496051318477e-02
1.700095807924040248e-02
1.700406892063249797e-02
1.700711780702060527e-02
1.701010504430547354e-02
1.701303092227207658e-02
1.701589572065079214e-02
1.701869970659894427e-02
1.702144314003145587e-02
1.702412626884447500e-02
1.702674932829462140e-02
1.702931254072193035e-02
1.703181611548193475e-02
1.703426047928954801e-02
1.703664535986504358e-02
1.703897115457364553e-02
1.704123808417737362e-02
1.704344634600885033e-02
1.704559613297704224e-02
1.704768761395958343e-02
1.704972074922792014e-02
1.705169623036331683e-02
1.705361365170174337e-02
1.705547326048068024e-02
1.705727514525351429e-02
1.705901952226682172e-02
1.706070585571836662e-02
1.706233509458621178e-02
1.706390687692779795e-02
1.706542143084549545e-02
1.706687817373248039e-02
1.706827814999145598e-02
1.707010023267022114e-02
1.707212775713651265e-02
1.707409899002970688e-02
1.707601311953055312e-02
1.707787049609349461e-02
1.707967118205330759e-02
1.708141522758638287e-02
1.708310758776812599e-02
1.708474162071646485e-02
1.708631465559243279e-02
1.708783189800844315e-02
1.708928645231802546e-02
1.709068577628045094e-02
1.709203372594594872e-02
1.709332142143460409e-02
1.709455615067304035e-02
1.709573434019445726e-02
1.709685594951618204e-02
1.709792093544706959e-02
1.709892925052192147e-02
1.709987840841634132e-02
1.710077313516752961e-02
1.710161101382173809e-02
1.710239196979881915e-02
1.710311587585419679e-02
1.710378258103750770e-02
1.710439192862020508e-02
1.710494376042412390e-02
1.710543791485097387e-02
1.710587422519382894e-02
1.710625251819752890e-02
1.710657261284501129e-02
1.710683431930928866e-02
1.710703743808472677e-02
1.710718152605827935e-02
1.710726603533602175e-02
1.710729044117437203e-02
1.710725425644987752e-02
1.710715702183471243e-02
1.710699829752676537e-02
1.710677765633047964e-02
1.710649467786787281e-02
1.710614894376372153e-02
1.710574003365861184e-02
1.710526751167606996e-02
1.710473092797476502e-02
1.710412982491957279e-02
1.710346373546331455e-02
1.710273218106361792e-02
1.710193467000881151e-02
1.710107069608657326e-02
1.710013973751980942e-02
1.709914125612704838e-02
1.709807469666296820e-02
1.709693947918702883e-02
1.709573500240421651e-02
1.709446064812988886e-02
1.709311578191527459e-02
1.709169975224300586e-02
1.709021188995174523e-02
1.708865150781971320e-02
1.708701790028871459e-02
1.708531034325122544e-02
1.708352809392318927e-02
1.708167038863397935e-02
1.707973644496513232e-02
1.707772546128502600e-02
1.707563661813235600e-02
1.707346907762577470e-02
1.707122208173134092e-02
1.706889833875513407e-02
1.706648945706792930e-02
1.706399833437552416e-02
1.706142403709801081e-02
1.705876561737257324e-02
1.705602211163753656e-02
1.705319253290826786e-02
1.705027587388752153e-02
1.704727110645662402e-02
1.704417718138789839e-02
1.704099302816117212e-02
1.703771755485450345e-02
1.703434964805222718e-02
1.703088817274711619e-02
1.702733198563088912e-02
1.702367992577055733e-02
1.701993080593564023e-02
1.701608341335741903e-02
1.701213650963970259e-02
1.700808883077359335e-02
1.700393908716923974e-02
1.699968985740818450e-02
1.699533224647872820e-02
1.699086816738193395e-02
1.698629663095674314e-02
1.698161623392815955e-02
1.697682554949311862e-02
1.698030022397889471e-02
1.698430009378187888e-02
1.698804651301863422e-02
1.699169803264988232e-02
1.699525340688490260e-02
1.699871133178867955e-02
1.700207046010882017e-02
1.700532955337519248e-02
1.700848776134869511e-02
1.701227618231287986e-02
1.701667410666099500e-02
1.702097731763632660e-02
1.702520076506047753e-02
1.702934299699235265e-02
1.703340501480235525e-02
1.703737849652467440e-02
1.704126613718875971e-02
1.704503925462316771e-02
1.704867808570539878e-02
1.705217716781903814e-02
1.705554018139571193e-02
1.708542486865197163e-02
1.715113217590105710e-02
1.720991305768368451e-02
1.726712544703640217e-02
1.732628610734054941e-02
1.738986274419040967e-02
1.745938622893888903e-02
1.753582660528713033e-02
1.761983895512006515e-02
1.771172725857061980e-02
1.781160025322719997e-02
1.791948476468896434e-02
1.803537757940348873e-02
1.815927578540721399e-02
1.829118857856029678e-02
1.843114848023502672e-02
1.857909819155267872e-02
1.873496581832898022e-02
1.889870888389016956e-02
1.907030832455203218e-02
1.924980330981937438e-02
1.943726336015907941e-02
1.963278671982024437e-02
1.983649462995298873e-02
2.004852733275605536e-02
2.026904433932238958e-02
2.049810733484866421e-02
2.073571991007944204e-02
2.098193029722775216e-02
2.123681899106930060e-02
2.150049366194051181e-02
2.177308289841969891e-02
2.205473429301266219e-02
2.234561305562213218e-02
2.264589881440157160e-02
2.295578557910538109e-02
2.327535771182004387e-02
2.360463164845713613e-02
2.394366525910593402e-02
2.429254629215354955e-02
2.465138482971579448e-02
2.502030828070361812e-02
2.539945796584580640e-02
2.578898669256710074e-02
2.618905693642620269e-02
2.659983938529461578e-02
2.702137483496669379e-02
2.745361951629288200e-02
2.789656599712081464e-02
2.835022977529419452e-02
2.881464032398908803e-02
2.928983497791864954e-02
2.977585462579007691e-02
3.027274055203088565e-02
3.078053201176947362e-02
3.129926427690690738e-02
3.182881144486485181e-02
3.236893825762704457e-02
3.291943817751924461e-02
3.348011815242393774e-02
3.405078859827370685e-02
3.463125676883047066e-02
3.522132233213973174e-02
3.582077440044145744e-02
3.642938953334035057e-02
3.704693040833215156e-02
3.767296747288473302e-02
3.830694065043577234e-02
3.894831933906184318e-02
3.959658613984179398e-02
4.025122671019898402e-02
4.091172361586187245e-02
4.157755279657388003e-02
4.224818175190872549e-02
4.292306886847413461e-02
4.360166351169378340e-02
4.428320770088792213e-02
4.496680903739219692e-02
4.565162291331451017e-02
4.633683520689521607e-02
4.702165187327203566e-02
4.770529299048406613e-02
4.838698958035367315e-02
4.906598267488490595e-02
4.974152335653625467e-02
5.041287224436577508e-02
5.107908570742555887e-02
5.173909767695938910e-02
5.239191798137612932e-02
5.303661293420747214e-02
5.367229337655463062e-02
5.429810749324523456e-02
5.491323664934466553e-02
5.551689311544860672e-02
5.610831895184062446e-02
5.668678558135084589e-02
5.725137073540309540e-02
5.780104383537409962e-02
5.833487084189614702e-02
5.885199159367185406e-02
5.935160636768979647e-02
5.983296726548439914e-02
6.029537217131394899e-02
6.073816164970521903e-02
6.116071631842304179e-02
6.156245399349907776e-02
6.194285648810313183e-02
6.230144895672359850e-02
6.263777037353018828e-02
6.295137997815988817e-02
6.324186066485223967e-02
6.350882205267299740e-02
6.375190164789004688e-02
6.397076529560993818e-02
6.416510704775993390e-02
6.433464892564430548e-02
6.447944205146480257e-02
6.459972547988024338e-02
6.469563824193966250e-02
6.476726168511343085e-02
6.481464610397033588e-02
6.483782766349260873e-02
6.483683949737895080e-02
6.481171827396017826e-02
6.476250812927250577e-02
6.468926291280061025e-02
6.459236950175789582e-02
6.447239443437843831e-02
6.432977559124408717e-02
6.416487030401640812e-02
6.397798654477496183e-02
6.376940219323559700e-02
6.353937760881481212e-02
6.328816360692093856e-02
6.301600630356579691e-02
6.272315005950732103e-02
6.241017416091068637e-02
6.207783086858881250e-02
6.172672439332832495e-02
6.135736316451365080e-02
6.097019337289377727e-02
6.056562042698926396e-02
6.014402264533444398e-02
5.970575996571539368e-02
5.925117946022473436e-02
5.878061880629240066e-02
5.829474696083891683e-02
5.779439908836356277e-02
5.728025209776738125e-02
5.675287879405985225e-02
5.621278265916085370e-02
5.566042014987351849e-02
5.509621731066005612e-02
5.452058239833693087e-02
5.393388226539569397e-02
5.333647913823838516e-02
5.272906106638328150e-02
5.211238557851369246e-02
5.148707822531287115e-02
5.085367832852241698e-02
5.021267927321548807e-02
4.956454029311527232e-02
4.890969473261488898e-02
4.824855535690950048e-02
4.758151782482369918e-02
4.690896299325700292e-02
4.623158025565218820e-02
4.555020938888701409e-02
4.486553203862300720e-02
4.417813201426304404e-02
4.348852627487920230e-02
4.279713697545131645e-02
4.210438810114594532e-02
4.141067231629128043e-02
4.071635987854060890e-02
4.002180284135112287e-02
3.932762879382342702e-02
3.863459978683808638e-02
3.794333512232625494e-02
3.725435857690528874e-02
3.656812868606423850e-02
3.588505817953605015e-02
3.520552649919506116e-02
3.452988790869970792e-02
3.385847679582321135e-02
3.319161118859886850e-02
3.252984278839529675e-02
3.187383844565633284e-02
3.122414520209554345e-02
3.058122966969947787e-02
2.994550327760436836e-02
2.931733847632120304e-02
2.869707918270222868e-02
2.808504755924412510e-02
2.748154846213968217e-02
2.688687240830595071e-02
2.630148201646359540e-02
2.572592641244178524e-02
2.516066735375538377e-02
2.460610815215530378e-02
2.406261126783046378e-02
2.353050989291347039e-02
2.301011543151429417e-02
2.250172226574562173e-02
2.200561101673315090e-02
2.152205054372963167e-02
2.105140237587593832e-02
2.059407595167958571e-02
2.015043412459713301e-02
1.972080750425242446e-02
1.930550358697225022e-02
1.890481256398202081e-02
1.851901103100403456e-02
1.814836437676903280e-02
1.779312834381330255e-02
1.745355007411938941e-02
1.712928494246901412e-02
1.686711872724044881e-02
1.692537071290012296e-02
1.707293684240634990e-02
1.728468714294364994e-02
1.754259982218267511e-02
1.783367709776662036e-02
1.814833620250982937e-02
1.847936901946239940e-02
1.882124851448571667e-02
1.903903607752788218e-02
1.902459611302109721e-02
1.878110100600513532e-02
1.831436955615498019e-02
1.763306074214054942e-02
1.680652460786158375e-02
1.680763677202534723e-02
1.680875137189591362e-02
1.680984210246999622e-02
1.681091033341744478e-02
1.681195727366993631e-02
1.681298492183647131e-02
1.681399477746731153e-02
1.681500687427089913e-02
1.681598255879795945e-02
1.681694399587502220e-02
1.681789721211585098e-02
1.681883570226175295e-02
1.681975426405377116e-02
1.682065969273210948e-02
1.682155284182970667e-02
1.682242406493289488e-02
1.682328030951982245e-02
1.682412560098475729e-02
1.682496115343790066e-02
1.682578766618703092e-02
1.682660559895329810e-02
1.682745743271746308e-02
1.682830135012894357e-02
1.682914050456862931e-02
1.682997639146660562e-02
1.683078780478153291e-02
1.683161128539062412e-02
1.683241093014753442e-02
1.683319627673088292e-02
1.683398879003719650e-02
1.683476333513117540e-02
1.683552684365779983e-02
1.683628167052536595e-02
1.683704425374704661e-02
1.683778446200215329e-02
1.683851777219297352e-02
1.683924427127542200e-02
1.683996398964510144e-02
1.684067695218374738e-02
1.684138301320448061e-02
1.684208251001956258e-02
1.684277528996552808e-02
1.684346135356640239e-02
1.684414069557249594e-02
1.684481330494549955e-02
1.684547916329354189e-02
1.684613825408237675e-02
1.684679055915805357e-02
1.684743605805238964e-02
1.684807472758723113e-02
1.684870654171277682e-02
1.684933147147396615e-02
1.684994948507734236e-02
1.685056054801162273e-02
1.685116462344810051e-02
1.685176167148233484e-02
1.685235165782117406e-02
1.685293455045458466e-02
1.685351031889603668e-02
1.685407893377618982e-02
1.685464036664405252e-02
1.685519458990838992e-02
1.685574157687530494e-02
1.685628130183400297e-02
1.685681374092903861e-02
1.685733887245760565e-02
1.685785668420794470e-02
1.685836722831562939e-02
1.685887055019755221e-02
1.685936638279075805e-02
1.685985490172881018e-02
1.686033612025994444e-02
1.686081005558751067e-02
1.686127680889273894e-02
1.686173619616671004e-02
1.686218842995979017e-02
1.686263350653896542e-02
1.686307158616165425e-02
1.686350034234662676e-02
1.686392444571033211e-02
1.686432941002799502e-02
1.686473606700408800e-02
1.686513902508890439e-02
1.686552499713364628e-02
1.686589919205297439e-02
1.686627935183543370e-02
1.686663958329215340e-02
1.686699096308774681e-02
1.686735434091998775e-02
1.686769639975285728e-02
1.686802730824177310e-02
1.686834413092477836e-02
1.686865392559341870e-02
1.686900635703794671e-02
1.686937473068303439e-02
1.686974672062049874e-02
1.687011756434761423e-02
1.687048548451905439e-02
1.687081021342243248e-02
1.687111732058843572e-02
1.687142487832657411e-02
1.687172860646427019e-02
1.687202589264974462e-02
1.687231666299068844e-02
1.687260976669141543e-02
1.687290117239079179e-02
1.687318931224612850e-02
1.687347564872399008e-02
1.687375987058384319e-02
1.687404235782627437e-02
1.687431769801986392e-02
1.687459272105470975e-02
1.687486866618748138e-02
1.687514460282177331e-02
1.687541988292134976e-02
1.687569515723269520e-02
1.687597036696189545e-02
1.687624564406134398e-02
1.687652189388941237e-02
1.687679868585481580e-02
1.687707559707582461e-02
1.687735300064147070e-02
1.687763118549262531e-02
1.687791036297850433e-02
1.687819066599691165e-02
1.687847223545671516e-02
1.687875519189760420e-02
1.687936874573964241e-02
1.688047065141093372e-02
1.688149342817654719e-02
1.688250873351587744e-02
1.688351630748377574e-02
1.688451530733894868e-02
1.688550605403643656e-02
1.688648884240623316e-02
1.688746398168222695e-02
1.688843135293480180e-02
1.688939198540331810e-02
1.689034573918721249e-02
1.689129283655235736e-02
1.689223348678298153e-02
1.689316788789485546e-02
1.689409622814691536e-02
1.689501868731724255e-02
1.689593547155709974e-02
1.689684681445066672e-02
1.689775292546652485e-02
1.689865400169351939e-02
1.689955022931119433e-02
1.690044178488728233e-02
1.690132883650505291e-02
1.690221154473026122e-02
1.690309006344045684e-02
1.690396454053161301e-02
1.690483514837240464e-02
1.690570208541203323e-02
1.690656552828390113e-02
1.690742602564254682e-02
1.690828297878985143e-02
1.690913690789674906e-02
1.690998795427933743e-02
1.691083625249531486e-02
1.691168193109252038e-02
1.691253086116062399e-02
1.691337164996914444e-02
1.691421025055805938e-02
1.691504680555588891e-02
1.691588144948918959e-02
1.691671430931526721e-02
1.691754550507609811e-02
1.691837515050287344e-02
1.691920335356528193e-02
1.692003021695370757e-02
1.692085583850824748e-02
1.692168032604707273e-02
1.692250380718565705e-02
1.692332638844132320e-02
1.692414817037482533e-02
1.692496924792974422e-02
1.692578971079503058e-02
1.692660964374972932e-02
1.692742912699171653e-02
