9.261437299887091690e-03
9.051729718039858152e-03
8.783941456750293808e-03
8.459302090352567582e-03
8.100956288117328041e-03
7.872959897409201324e-03
7.872709427861411535e-03
7.872418686400747823e-03
7.872077320510650900e-03
7.871677772463885059e-03
7.871221355044852319e-03
7.870707481779253001e-03
7.870134970158190746e-03
7.869502955475830841e-03
7.868810850602175888e-03
7.868058283522806617e-03
7.867244206631984760e-03
7.866370527337816776e-03
7.865437345010183046e-03
7.864444829341829535e-03
7.863395667938581635e-03
7.862288621916332931e-03
7.861123951877491134e-03
7.859905421535251513e-03
7.858630663880636358e-03
7.857300105781263311e-03
7.855916093181383730e-03
7.854479498565991591e-03
7.852989117006381470e-03
7.851445512192939402e-03
7.849852987059958986e-03
7.848208747280434328e-03
7.846513338283241101e-03
7.844767311616325511e-03
7.842971245432990568e-03
7.841127521600592398e-03
7.839236870915637645e-03
7.837298163398787043e-03
7.835312006042538524e-03
7.833279026320659477e-03
7.831199856678308646e-03
7.829075133452816082e-03
7.826905431917913214e-03
7.824691298614100399e-03
7.822433295699704470e-03
7.820131994468383640e-03
7.817789698857345593e-03
7.815407012154461375e-03
7.812982812220897744e-03
7.810517660544295804e-03
7.808012131258243449e-03
7.805466797879793972e-03
7.802882175931960540e-03
7.800258750081306980e-03
7.797597017968206645e-03
7.794897484088472717e-03
7.792160656118395090e-03
7.789387042734352562e-03
7.786577152379202393e-03
7.783731492626011494e-03
7.780850569915107040e-03
7.777933126737537894e-03
7.774979640785321944e-03
7.771992289270314436e-03
7.768971526860284083e-03
7.765917801107413698e-03
7.762831562519938167e-03
7.759713262418720114e-03
7.756563351782992666e-03
7.753382280713830288e-03
7.750170498279841669e-03
7.746928452590944036e-03
7.743656539722303112e-03
7.740355132021502216e-03
7.737024615087940982e-03
7.733663445300922867e-03
7.730272067217561216e-03
7.726852854384354263e-03
7.723406208801096573e-03
7.719932528138892525e-03
7.716432208910391222e-03
7.712905646601278531e-03
7.709353183856522407e-03
7.705773018596623336e-03
7.702165596239769763e-03
7.698533396244426619e-03
7.694876780140157135e-03
7.691196092669355666e-03
7.687491677376666332e-03
7.683759214626592615e-03
7.680003888110367716e-03
7.676226063042843051e-03
7.672426019490682925e-03
7.668601414269463068e-03
7.664752718123876707e-03
7.660865695885740734e-03
7.656959370692766054e-03
7.653033530959980901e-03
7.649086127489469755e-03
7.645114700735818059e-03
7.641122820198471832e-03
7.637113340170254006e-03
7.633083106240848292e-03
7.629035944323965535e-03
7.624971257716335604e-03
7.620889095235727773e-03
7.616788651008510325e-03
7.612671545957093444e-03
7.608538303223257027e-03
7.604389934893034109e-03
7.600227770658447846e-03
7.596052058130499385e-03
7.591864331172586133e-03
7.587665232389850800e-03
7.583454845924146592e-03
7.579233281565150859e-03
7.575000646818284833e-03
7.570757050572668456e-03
7.566502605080779875e-03
7.562227960098921731e-03
7.557941402750734117e-03
7.553634565874565998e-03
7.549314934655999842e-03
7.544983066915554593e-03
7.540639049564132335e-03
7.536275794272809248e-03
7.531897681104536557e-03
7.527498485765254932e-03
7.523086655530267230e-03
7.518662399375909688e-03
7.514225976470535751e-03
7.509754695802159374e-03
7.505307500261459985e-03
7.500851516978927769e-03
7.496383667459555200e-03
7.491907002005963878e-03
7.487421596017160286e-03
7.482927555047619306e-03
7.478425014211642630e-03
7.473914136372369899e-03
7.469395109881725447e-03
7.464868146103760538e-03
7.460333355814842415e-03
7.455790859178738905e-03
7.451240788554434891e-03
7.446683296270482921e-03
7.442118557912068277e-03
7.437546772874663314e-03
7.432968163293841857e-03
7.428370032919608124e-03
7.423765279828201114e-03
7.419154455173951335e-03
7.414537735691228981e-03
7.409915287409793438e-03
7.405287286533016045e-03
7.400653924936884120e-03
7.396015411948286822e-03
7.391371973985587374e-03
7.386723852976742610e-03
7.382071304133999701e-03
7.377414593442863100e-03
7.372753995083906886e-03
7.368089664236146530e-03
7.363421745515554007e-03
7.358762811959206063e-03
7.354100683942148275e-03
7.349435319089575591e-03
7.344766887668011113e-03
7.340095570481271203e-03
7.335421557403319637e-03
7.330745045503253565e-03
7.326066237016023996e-03
7.321385216405254526e-03
7.316702082234484428e-03
7.312016925574572890e-03
7.307329839027244811e-03
7.302640921158412568e-03
7.297950278162552984e-03
7.293258023902224330e-03
7.288564279040170291e-03
7.283869169709890345e-03
7.279172826000428198e-03
7.274475284901320282e-03
7.269776609022005065e-03
7.265076848684839939e-03
7.260376051722694513e-03
7.255674268664198678e-03
7.250971555113040756e-03
7.246267972456726936e-03
7.241563587617481923e-03
7.236869995760356056e-03
7.232175038736875228e-03
7.227479012735918418e-03
7.222786455923203841e-03
7.218101179596037031e-03
7.213414149468425074e-03
7.208725638702263849e-03
7.204035667509732510e-03
7.199344259828613368e-03
7.194651444670671636e-03
7.189957256570199406e-03
7.185261735441289543e-03
7.180576652889125722e-03
7.175889665680681984e-03
7.171204390700784692e-03
7.166526186422599032e-03
7.161845334745953195e-03
7.157160926698061254e-03
7.152472968844747481e-03
7.147781468970645924e-03
7.143086442710500084e-03
7.138387914365246223e-03
7.133686073927253402e-03
7.128981052228616777e-03
7.124272934999613394e-03
7.119561783350228379e-03
7.114851807795564975e-03
7.110144981385214946e-03
7.105438221907151020e-03
7.100731628287039465e-03
7.092341182898399821e-03
7.087316580716367109e-03
7.082318759312714040e-03
7.077320900930474112e-03
7.072314905456282552e-03
7.067309228652007835e-03
7.062288288530060854e-03
7.057252094210930693e-03
7.052209210358970082e-03
7.047159203880992706e-03
7.048949711113266896e-03
7.054321232810090332e-03
7.063273768971463015e-03
7.075807319597384945e-03
7.091921884687856122e-03
7.111617464242876545e-03
7.134894058262446215e-03
7.161751666746565131e-03
7.192190289695233295e-03
7.226209927108450705e-03
7.263702111548779247e-03
7.304558375578780807e-03
7.348778719198456252e-03
7.396363142407805583e-03
7.447311645206828798e-03
7.501624227595525031e-03
7.559300889573895149e-03
7.620341631141939152e-03
7.684746452299656173e-03
7.752515353047047079e-03
7.823546426599931394e-03
7.897737766174131244e-03
7.975089371769645760e-03
8.055601243386476679e-03
8.139273381024622264e-03
8.226105784684082517e-03
8.316098454364857437e-03
8.409251390066947024e-03
8.505564591790353013e-03
8.605038059535073669e-03
8.707572198125427751e-03
8.813067412385734017e-03
8.921523702315992468e-03
9.032941067916203104e-03
9.147319509186365924e-03
9.264659026126480929e-03
9.384959618736548118e-03
9.508221287016567491e-03
9.634444030966539049e-03
9.763627850586462792e-03
9.895680188812065389e-03
1.003050848857907525e-02
1.016811274988749236e-02
1.030849297273731674e-02
1.045164915712854664e-02
1.059758130306118380e-02
1.074628941053522822e-02
1.089777347955067817e-02
1.105203351010753537e-02
1.120906950220579984e-02
1.136879628623300477e-02
1.153112869257668684e-02
1.169606672123684431e-02
1.186361037221347892e-02
1.203375964550658893e-02
1.220651454111617434e-02
1.238187505904223690e-02
1.255984119928477485e-02
1.274041296184378995e-02
1.292359034671928045e-02
1.310929351249459467e-02
1.329744261775308266e-02
1.348803766249474269e-02
1.368107864671957649e-02
1.387656557042758233e-02
1.407449843361876195e-02
1.427487723629311360e-02
1.447770197845063729e-02
1.468297266009133475e-02
1.489068928121520426e-02
1.510077288268577532e-02
1.531314450536657400e-02
1.552780414925760202e-02
1.574475181435885940e-02
1.596398750067034439e-02
1.618551120819205699e-02
1.640932293692399721e-02
1.663542268686616851e-02
1.686381045801856743e-02
1.709448625038119396e-02
1.732736509068119948e-02
1.756236200564573191e-02
1.779947699527479471e-02
1.803871005956838441e-02
1.828006119852650102e-02
1.852353041214914800e-02
1.876911770043632188e-02
1.901682306338802267e-02
1.926664650100425383e-02
1.951858801328501189e-02
1.977254814240425596e-02
2.002842743053594859e-02
2.028622587768008634e-02
2.054594348383666919e-02
2.080758024900569714e-02
2.107113617318717019e-02
2.133661125638109182e-02
2.160400549858745856e-02
2.187331889980627039e-02
2.214455146003752734e-02
2.241758046235270765e-02
2.269228318982328615e-02
2.296865964244926284e-02
2.324670982023063770e-02
2.352643372316741421e-02
2.380783135125958891e-02
2.409090270450716179e-02
2.437564778291013284e-02
2.466206658646850208e-02
2.495015911518226950e-02
2.523977114938396119e-02
2.553074846940610321e-02
2.582309107524869557e-02
2.611679896691173827e-02
2.641187214439522785e-02
2.670831060769916776e-02
2.700611435682355801e-02
2.730528339176839514e-02
2.760581771253368261e-02
2.790771731911942041e-02
2.821078966463259202e-02
2.851484220218018090e-02
2.881987493176218704e-02
2.912588785337861391e-02
2.943288096702945805e-02
2.974085427271471946e-02
3.004980777043439813e-02
3.035974146018849407e-02
3.067065534197701074e-02
3.098254941579994468e-02
3.129518967638168087e-02
3.160834211844661124e-02
3.192200674199473232e-02
3.223618354702604410e-02
3.255087253354054661e-02
3.286607370153824675e-02
3.318178705101913761e-02
3.349801258198321918e-02
3.381475029443049146e-02
3.413200018836095445e-02
3.444949013457195702e-02
3.476694800386084111e-02
3.508437379622760671e-02
3.540176751167225383e-02
3.571912915019478246e-02
3.603645871179519261e-02
3.635375619647349121e-02
3.667102160422967133e-02
3.698825493506373296e-02
3.730545618897567611e-02
3.762232497554296451e-02
3.793856090434306882e-02
3.825416397537598906e-02
3.856913418864172521e-02
3.888347154414027729e-02
3.919717604187165222e-02
3.951024768183584307e-02
3.982268646403284984e-02
4.013449238846267253e-02
4.044566545512531114e-02
4.075589289233667173e-02
4.106486192841266730e-02
4.137257256335329786e-02
4.167902479715856340e-02
4.198421862982846392e-02
4.228815406136299249e-02
4.259083109176215604e-02
4.289224972102595457e-02
4.319240994915438808e-02
4.349131177614745658e-02
4.378865240495655176e-02
4.408412903853305836e-02
4.437774167687697641e-02
4.466949031998830588e-02
4.495937496786704679e-02
4.524739562051319913e-02
4.553355227792676291e-02
4.581784494010774506e-02
4.610027360705613864e-02
4.638083827877194365e-02
4.665927968827422029e-02
4.693533856858202180e-02
4.720901491969535513e-02
4.748030874161422027e-02
4.774922003433861029e-02
4.801574879786853212e-02
4.827989503220398576e-02
4.854165873734496428e-02
4.880103991329147461e-02
4.905803856004351676e-02
4.931249406053388878e-02
4.956424579769538874e-02
4.981329377152802357e-02
5.005963798203178633e-02
5.030327842920668396e-02
5.054421511305270953e-02
5.078244803356986997e-02
5.101797719075815835e-02
5.125080258461758159e-02
5.148092421514813277e-02
5.170836582261596065e-02
5.193315114728721399e-02
5.215528018916188585e-02
5.237475294823998317e-02
5.259156942452149902e-02
5.280572961800644033e-02
5.301723352869480016e-02
5.322608115658658545e-02
5.343227250168178927e-02
5.363580756398041854e-02
5.383698544422441806e-02
5.403610524315573260e-02
5.423316696077436910e-02
5.442817059708032063e-02
5.462111615207359411e-02
5.481200362575418261e-02
5.500083301812209308e-02
5.518760432917731856e-02
5.537231755891985907e-02
5.555497270734972154e-02
5.573636801350352610e-02
5.591730171641790675e-02
5.609777381609285657e-02
5.627778431252837554e-02
5.645733320572447062e-02
5.663642049568113485e-02
5.681504618239837517e-02
5.699321026587618466e-02
5.717091274611456331e-02
5.734815362311351805e-02
5.756741264180267881e-02
5.760504412887416936e-02
5.765086891024040483e-02
5.765659793845549774e-02
5.766228281197224859e-02
5.766792484179147915e-02
5.767352466782848380e-02
5.767908329796470057e-02
5.768460090593136025e-02
5.769008056183935057e-02
5.769551934392240511e-02
5.770091737217648842e-02
5.770627473139865182e-02
5.771159149738248201e-02
5.771686773782003926e-02
5.772210351205440265e-02
5.772729887131117232e-02
5.773245669131992636e-02
5.773757390477161910e-02
5.774265055594002272e-02
5.774768666286523439e-02
5.775268499616099949e-02
5.775764233985236640e-02
5.776256001235089560e-02
5.776743912500716116e-02
5.777227795230281682e-02
5.777707345168080211e-02
5.778182567494050126e-02
5.778653461684938458e-02
5.779120011833738940e-02
5.779582702481703138e-02
5.780041214677547612e-02
5.780495907523253846e-02
5.780946525658579166e-02
5.781393032364500612e-02
5.781835800391341845e-02
5.782274497516097511e-02
5.782709126501524299e-02
5.783139689645918485e-02
5.783566361145230789e-02
5.783989153322710575e-02
5.784407899367799422e-02
5.784822601745683718e-02
5.785233261019351314e-02
5.785639877416189070e-02
5.786042481646529873e-02
5.786441296721617222e-02
5.786836103728187908e-02
5.787226879815282610e-02
5.787613624401299894e-02
5.787996336907155065e-02
5.788375016750063606e-02
5.788749663068493839e-02
5.789120274912623598e-02
5.789486851612857948e-02
5.789849392559516528e-02
5.790207897073740284e-02
5.790562364332717954e-02
5.790912793328111680e-02
5.791259314735203168e-02
5.791601795881256426e-02
5.791940234938972032e-02
5.792274629514344852e-02
5.792604976891123358e-02
5.792931274461120272e-02
5.793253519485169756e-02
5.793571708956109234e-02
5.793885708984708449e-02
5.794195648028174772e-02
5.794501522003336208e-02
5.794803326635759866e-02
5.795101057248526477e-02
5.795394708261299155e-02
5.795684273485939703e-02
5.795969746792058175e-02
5.796251121834327530e-02
5.796528391898633781e-02
5.796801549820461419e-02
5.797070587948299769e-02
5.797335498134729981e-02
5.797596130540632470e-02
5.797852481519949475e-02
5.798104689792291100e-02
5.798352743884126886e-02
5.798596632835317094e-02
5.798836176349533855e-02
5.799071373428649895e-02
5.799302397098075185e-02
5.799529235098504348e-02
5.799751873638373662e-02
5.799970117812044967e-02
5.800183979825975639e-02
5.800393641099323844e-02
5.800599085756629608e-02
5.800800117098530578e-02
5.800996864643630235e-02
5.801189298384887283e-02
5.801377516057194123e-02
5.801561499964472124e-02
5.801741232067902238e-02
5.801916693637623051e-02
5.802087865291721130e-02
5.802254723092383631e-02
5.802417841332090098e-02
5.802576570631014230e-02
5.802730608070338914e-02
5.802880167920486387e-02
5.803025010628736630e-02
5.803165055873923256e-02
5.803300270426041407e-02
5.803430354715721773e-02
5.803555287264777068e-02
5.803675264058619221e-02
5.803790244866626619e-02
5.803900193646517602e-02
5.804005075314268985e-02
5.804104855805188035e-02
5.804199502107157405e-02
5.804288982275794540e-02
5.804373265437514501e-02
5.804452321784246693e-02
5.804526122562219531e-02
5.804594635513193185e-02
5.804657826532049619e-02
5.804715662211500093e-02
5.804768110384541518e-02
5.804815140412135366e-02
5.804856477836069922e-02
5.804892338114911454e-02
5.804922458113764144e-02
5.804947050892450555e-02
5.804966090024326481e-02
5.804979549640330166e-02
5.804987401326792973e-02
5.804989617953521669e-02
5.804986174091894546e-02
5.804977046198523533e-02
5.804962212658903303e-02
5.804884471606535506e-02
5.804743898691096249e-02
5.804540700269620462e-02
5.804275061166144778e-02
5.803947203281533546e-02
5.803557369675967081e-02
5.803105775381964260e-02
5.802592610085743202e-02
5.802018040335672061e-02
5.801382211409679412e-02
5.800685248928203613e-02
5.799927260271641599e-02
5.799108335842910467e-02
5.798228550203812781e-02
5.797288136207874587e-02
5.796287433496658675e-02
5.795226737898255542e-02
5.794106305769641807e-02
5.792926357639397589e-02
5.791687081329791043e-02
5.790388634683547864e-02
5.789031147980348846e-02
5.787614726101994456e-02
5.786139450487842728e-02
5.784605563560350078e-02
5.783013414720022255e-02
5.781363301382332065e-02
5.779655474217004762e-02
5.777890141599695273e-02
5.776067473464015223e-02
5.774187604687811004e-02
5.772250638105450027e-02
5.770256647210650347e-02
5.768205678596512870e-02
5.766097946093631799e-02
5.763933774321150505e-02
5.761713431064420521e-02
5.759437133178893498e-02
5.757105051629055059e-02
5.754717315858125237e-02
5.752274017631198166e-02
5.749775214450736360e-02
5.747220932614739708e-02
5.744611169969197906e-02
5.741946090782496653e-02
5.739225969914855952e-02
5.736451023738756150e-02
5.733621416369755891e-02
5.730737265000605818e-02
5.727798644530855687e-02
5.724805591636627361e-02
5.721758108381738706e-02
5.718656139538028094e-02
5.715499643849093064e-02
5.712288655167067908e-02
5.709023385895868608e-02
5.705703955230653768e-02
5.702330434683708371e-02
5.698902853304355087e-02
5.695421201963106472e-02
5.691885437111942475e-02
5.688295484111650924e-02
5.684651214913540029e-02
5.680952525688845456e-02
5.677199331137072064e-02
5.673391573146502331e-02
5.669529161232197273e-02
5.665611829774944846e-02
5.661639386563212945e-02
5.657670262663790084e-02
5.653704253215206116e-02
5.649741001424108539e-02
5.645780115089401446e-02
5.641820866700789777e-02
5.637863174420854745e-02
5.633906374107220533e-02
5.629949796074243396e-02
5.625992814020591704e-02
5.622034840255907967e-02
5.617598176427603118e-02
5.613144651249048211e-02
5.608755261329435859e-02
5.604423444042667957e-02
5.600142420245088348e-02
5.595906705790611863e-02
5.591710394685080188e-02
5.587547742378657506e-02
5.583413893648411785e-02
5.579304860277112948e-02
5.575216556720715561e-02
5.571152181142528803e-02
5.567135745109223766e-02
5.564569293700788455e-02
5.556869939475481829e-02
5.544037682433303887e-02
5.526072522574254631e-02
5.502974459898334059e-02
5.474743494405542171e-02
5.441379626095879662e-02
5.402882854969345838e-02
5.359253181025940699e-02
5.310490604265664244e-02
5.257148312650770927e-02
5.199779494143514508e-02
5.138384148743894986e-02
5.072962276451912361e-02
5.003513877267566634e-02
4.930038951190857804e-02
4.852537498221785872e-02
4.771009518360350837e-02
4.685455011606553394e-02
4.595873977960392848e-02
4.502479305220483119e-02
4.405483881185438128e-02
4.304887705855258567e-02
4.200690779229943744e-02
4.092893101309493659e-02
3.981494672093909004e-02
3.866495491583189087e-02
3.747895559777334601e-02
3.625694876676344852e-02
3.499893442280219841e-02
3.370038451528747231e-02
3.235677099361713993e-02
3.096809385779120474e-02
2.953435310780966674e-02
2.805554874367252247e-02
2.653168076537977538e-02
2.496274917293142201e-02
2.334875396632746583e-02
2.168969514556790337e-02
1.998557271065273810e-02
1.823992503681875696e-02
1.645629049930275728e-02
1.463466909810473560e-02
1.277506083322469191e-02
1.087746570466262622e-02
8.941883712418540256e-03
6.968314856492432291e-03
4.956759136884303189e-03
2.907216553594152951e-03
8.196871066219815760e-04
-1.302304878031531384e-03
-3.455235074365706378e-03
-5.639103482380543840e-03
-7.853910102076044203e-03
-1.009965493345220573e-02
-1.237633797650902930e-02
-1.468395923124651489e-02
-1.702251869766466252e-02
-1.939201637576347392e-02
-2.179245226554294562e-02
-2.422036411938907619e-02
-2.667228968968785377e-02
-2.914822897643928185e-02
-3.164818197964335694e-02
-3.417214869930008253e-02
-3.672012913540945167e-02
-3.929212328797147130e-02
-4.188813115698614142e-02
-4.450815274245346204e-02
-4.715218804437343314e-02
-4.981682063466544991e-02
-5.249863408524892139e-02
-5.519762839612384064e-02
-5.791380356729021461e-02
-6.064715959874803636e-02
-6.339769649049731282e-02
-6.616541424253803705e-02
-6.895031285487021600e-02
-7.175239232749383578e-02
-7.457165266040891027e-02
-7.740457869038983030e-02
-8.024765525421097279e-02
-8.310088235187235162e-02
-8.596425998337395291e-02
-8.883778814871579055e-02
-9.172146684789785065e-02
-9.461529608092014709e-02
-9.751927584778266600e-02
-1.004334061484854212e-01
-1.033576869830283990e-01
-1.062890548138882840e-01
-1.092244461035417336e-01
-1.121638608519887614e-01
-1.151072990592293677e-01
-1.180547607252635384e-01
-1.210062458500912874e-01
-1.239617544337126009e-01
-1.269212864761274928e-01
-1.298848419773359630e-01
-1.328524209373380116e-01
-1.326216604070976357e-01
-1.357552681092102365e-01
-1.388737145641752435e-01
-1.419656282456387419e-01
-1.450321920924891317e-01
-1.480716675723067755e-01
-1.510795988867943140e-01
-1.511165379196969527e-01
-1.511516383048071288e-01
-1.511865919461783392e-01
-1.512214078055983679e-01
-1.512560944363646465e-01
-1.512906578142531044e-01
-1.513251050262097719e-01
-1.513594417290045069e-01
-1.513936722304349280e-01
-1.514278020726334550e-01
-1.514618346094634971e-01
-1.514957731862304202e-01
-1.515296209692842955e-01
-1.515633806798886707e-01
-1.515970562620490014e-01
-1.516306533705186754e-01
-1.516641720843050767e-01
-1.516976183101618747e-01
-1.517309945430847518e-01
-1.517643032102340972e-01
-1.517975466425393050e-01
-1.518307270830386857e-01
-1.518638468932785313e-01
-1.518969076235354432e-01
-1.519299113436575754e-01
-1.519628601425815906e-01
-1.519957555761753121e-01
-1.520286001316505375e-01
-1.520613959131006387e-01
-1.520941448892735304e-01
-1.521268484786100494e-01
-1.521595092121210135e-01
-1.521921290281955108e-01
-1.522247098110753871e-01
-1.522572534054205673e-01
-1.522897611605669166e-01
-1.523222355582320997e-01
-1.523546786246137430e-01
-1.523870923141493472e-01
-1.524194785481202963e-01
-1.524518392175183978e-01
-1.524841761814911267e-01
-1.525164912665509243e-01
-1.525487862662902872e-01
-1.525810629414358355e-01
-1.526133231390646994e-01
-1.526455687820016394e-01
-1.526778017759015116e-01
-1.527100240028642641e-01
-1.527422373172301340e-01
-1.527744435428099734e-01
-1.528066444710599048e-01
-1.528388420522839852e-01
-1.528710378353130284e-01
-1.529032334543477811e-01
-1.529354303455274788e-01
-1.529676297018981446e-01
-1.529998326405299647e-01
-1.530320402167973104e-01
-1.530642534469706384e-01
-1.530964732507232584e-01
-1.531287005627195164e-01
-1.531609362927914830e-01
-1.531931813328892278e-01
-1.532254364542746661e-01
-1.532577026844258172e-01
-1.532899813282083967e-01
-1.533222735972258888e-01
-1.533545804728697892e-01
-1.533869031390800164e-01
-1.534192429905161248e-01
-1.534515945784204194e-01
-1.534839626600164597e-01
-1.535163521629986927e-01
-1.535487645413623758e-01
-1.535812011176590219e-01
-1.536136633576441202e-01
-1.536461527015563766e-01
-1.536786706371459088e-01
-1.537112192943128619e-01
-1.537437988038160008e-01
-1.537764100197876460e-01
-1.538090544653247793e-01
-1.538417327843629445e-01
-1.538744467738513699e-01
-1.539071958953594499e-01
-1.539399831563271204e-01
-1.539728099670369943e-01
-1.540056776371121483e-01
-1.540385874190174365e-01
-1.540715405063145804e-01
-1.541045354668340028e-01
-1.541375756734716107e-01
-1.541706621620969886e-01
-1.542037958823399835e-01
-1.542369779588650680e-01
-1.542702096620925112e-01
-1.543034921967382789e-01
-1.543368266994636917e-01
-1.543702142384531240e-01
-1.544036558143919713e-01
-1.544371523624874232e-01
-1.544707047552666135e-01
-1.545043138059518650e-01
-1.545379802722575691e-01
-1.545717065158960790e-01
-1.546054962040655789e-01
-1.546393528027473763e-01
-1.546732795737302824e-01
-1.547072795759711628e-01
-1.547413556700449055e-01
-1.547755105248566632e-01
-1.548097466259766852e-01
-1.548440662851015837e-01
-1.548784716502534520e-01
-1.549129647372852470e-01
-1.549475474402602360e-01
-1.549822215208070120e-01
-1.550169886178509870e-01
-1.550518502577368229e-01
-1.550868078643928838e-01
-1.551218627693062846e-01
-1.551570162211550474e-01
-1.551922693949989995e-01
-1.552276234009674072e-01
-1.552630793031308798e-01
-1.552986381282458195e-01
-1.553343008616306364e-01
-1.553700684529923937e-01
-1.554059418222122901e-01
-1.554419218648867285e-01
-1.554780094575162475e-01
-1.555142054622879744e-01
-1.555505107314302804e-01
-1.555869261111387236e-01
-1.556234524423851517e-01
-1.556600905691001846e-01
-1.556968413426780551e-01
-1.557337056236307582e-01
-1.557706842832841665e-01
-1.558077816783982605e-01
-1.558449987009449533e-01
-1.558823327620907639e-01
-1.559197847409487248e-01
-1.559573555806946787e-01
-1.559950462253623937e-01
-1.560328576301922843e-01
-1.560707907760846835e-01
-1.561088466690626064e-01
-1.561470263396941838e-01
-1.561853308424386300e-01
-1.562237612549135235e-01
-1.562623186770942529e-01
-1.563010042304586178e-01
-1.563398190570911561e-01
-1.563787642907710773e-01
-1.564178410649127715e-01
-1.564570505439050740e-01
-1.564963939204842558e-01
-1.565358724131854784e-01
-1.565754872638877027e-01
-1.566152397354627357e-01
-1.566551335907439557e-01
-1.566951718874264876e-01
-1.567353531207785200e-01
-1.567756768489147190e-01
-1.568161443306327896e-01
-1.568567568514345201e-01
-1.568974762124956956e-01
-1.569383638804665582e-01
-1.569794219156349091e-01
-1.570206515841181261e-01
-1.570620546505054060e-01
-1.571036328669430104e-01
-1.571453879721768920e-01
-1.571873219755799689e-01
-1.572294418890085588e-01
-1.572716754904969205e-01
-1.573140263336844091e-01
-1.573565787255720716e-01
-1.573993135703596336e-01
-1.574422386835188092e-01
-1.574853559899285216e-01
-1.574948448939962886e-01
-1.575233116061996175e-01
-1.575707561265384804e-01
-1.576371784550128774e-01
-1.577225785916228362e-01
-1.578269565363683291e-01
-1.579503122892493838e-01
-1.580926458502659726e-01
-1.582539572194181232e-01
-1.584342463967058079e-01
-1.586291636940719840e-01
-1.588343594234595813e-01
-1.590498335848686273e-01
-1.592755861782990945e-01
-1.595116172037510105e-01
-1.597579266612243476e-01
-1.600145145507191058e-01
-1.602813808722353128e-01
-1.605585256257729410e-01
-1.608459488113320179e-01
-1.611431429855985364e-01
-1.614496007052585447e-01
-1.617653219703120149e-01
-1.620903067807589748e-01
-1.624245551365993967e-01
-1.627680670378333083e-01
-1.631208424844607097e-01
-1.634828814764815730e-01
-1.638541840138959260e-01
-1.642347500967037410e-01
-1.646244875019573506e-01
-1.650233040067090873e-01
-1.654311996109589511e-01
-1.658481743147069420e-01
-1.662742281179530601e-01
-1.667093610206972776e-01
-1.671535730229396222e-01
-1.676068641246800939e-01
-1.680692343259186927e-01
-1.685406836266554187e-01
-1.690212325519887815e-01
-1.695109016270172908e-01
-1.700096908517409466e-01
-1.705176002261597490e-01
-1.710346297502736979e-01
-1.715607794240827932e-01
-1.720960492475870351e-01
-1.726404392207864236e-01
-1.731939493436809863e-01
-1.737565796162706955e-01
-1.743283714344745217e-01
-1.749093661942114353e-01
-1.754995638954814363e-01
-1.760989645382845248e-01
-1.767075681226206729e-01
-1.773253746484899085e-01
-1.779523841158922315e-01
-1.785885965248276419e-01
-1.792340118752961398e-01
-1.798886301672977250e-01
-1.805524830016181081e-01
-1.812256019790429995e-01
-1.819079870995723991e-01
-1.825996383632063069e-01
-1.833005557699447230e-01
-1.840107393197876473e-01
-1.847301890127350799e-01
-1.854589048487870206e-01
-1.861968868279434697e-01
-1.869441349502044269e-01
-1.877006614322581368e-01
-1.884664784907928159e-01
-1.892415861258084642e-01
-1.900259843373050817e-01
-1.908196731252826683e-01
-1.916226524897412242e-01
-1.924349224306807493e-01
-1.932564829481012436e-01
-1.940873340420027071e-01
-1.949274757123851676e-01
-1.957769041650584685e-01
-1.966356156058324811e-01
-1.975036100347072332e-01
-1.983808874516826970e-01
-1.992674478567589003e-01
-2.001632912499358152e-01
-2.010684176312134419e-01
-2.019828270005918081e-01
-2.029065193580708859e-01
-2.038394947036507032e-01
-2.047817470727002487e-01
-2.057332705005885110e-01
-2.066940649873154900e-01
-2.076641305328811860e-01
-2.086434671372855987e-01
-2.096320748005287282e-01
-2.106299535226106023e-01
-2.116371033035311933e-01
-2.126535241432905010e-01
-2.136792160418885256e-01
-2.147141909099833379e-01
-2.157584606582329534e-01
-2.168120252866373998e-01
-2.178748847951966772e-01
-2.189470391839107577e-01
-2.200284884527796692e-01
-2.211192326018034116e-01
-2.222192716309819849e-01
-2.233286055403153614e-01
-2.244472343298035688e-01
-2.255752076645594073e-01
-2.267125752096957048e-01
-2.278593369652124612e-01
-2.290154929311096765e-01
-2.301810431073873509e-01
-2.313559874940454841e-01
-2.325403260910840764e-01
-2.337340588985031276e-01
-2.349371859163026377e-01
-2.361497071444826068e-01
-2.373717215568253158e-01
-2.386033281271130735e-01
-2.398445268553458798e-01
-2.410953177415237347e-01
-2.423557007856466383e-01
-2.436256759877145905e-01
-2.449052433477275914e-01
-2.461944028656856409e-01
-2.474931545415887391e-01
-2.488014983754368858e-01
-2.501195736890954868e-01
-2.514475198044299198e-01
-2.527853367214401570e-01
-2.541330244401262539e-01
-2.554905829604882106e-01
-2.568580122825259715e-01
-2.582353124062395922e-01
-2.596224833316290725e-01
-2.610195250586943572e-01
-2.624264375874355015e-01
-2.638433735407929581e-01
-2.652704855417072349e-01
-2.667077735901783320e-01
-2.681552376862061937e-01
-2.696128778297908757e-01
-2.710806940209323779e-01
-2.725586862596307003e-01
-2.740468545458858429e-01
-2.755451988796977503e-01
-2.770537192610664778e-01
-2.785725496964165382e-01
-2.801018241921723329e-01
-2.816415427483339173e-01
-2.831917053649012916e-01
-2.847523120418744558e-01
-2.863233627792534097e-01
-2.879048575770381535e-01
-2.894967964352286871e-01
-2.910991793538250105e-01
-2.927120063328271238e-01
-2.943353564973996139e-01
-2.959693089727070126e-01
-2.976138637587493196e-01
-2.992690208555265352e-01
-3.009347802630386592e-01
-3.026111419812856917e-01
-3.042981060102676327e-01
-3.059956723499845377e-01
-3.077038410004363511e-01
-3.094226119616230730e-01
-3.111519761245361004e-01
-3.128919243801668304e-01
-3.146424567285152629e-01
-3.164035731695813980e-01
-3.181752737033652356e-01
-3.199575583298667758e-01
-3.217504270490860185e-01
-3.235538798610229638e-01
-3.253679167656776117e-01
-3.271925377630499621e-01
-3.290275375622191967e-01
-3.308727108722644972e-01
-3.327280576931858080e-01
-3.345935780249831848e-01
-3.364692718676566274e-01
-3.383551392212060804e-01
-3.402511800856315993e-01
-3.421573944609331286e-01
-3.440737823471107237e-01
-3.460003437441643848e-01
-3.479366048420411417e-01
-3.498820918306881356e-01
-3.518368047101054219e-01
-3.538007434802929452e-01
-3.557739081412507054e-01
-3.577562986929787026e-01
-3.597479151354769367e-01
-3.617487574687454077e-01
-3.637588256927841157e-01
-3.657781198075930607e-01
-3.678057869659189238e-01
-3.698409743205084421e-01
-3.718836818713616155e-01
-3.739339096184783884e-01
-3.759916575618588164e-01
-3.780569257015028994e-01
-3.801297140374105821e-01
-3.822100225695819198e-01
-3.842978512980169126e-01
-3.863932002227155049e-01
-3.884947085820724122e-01
-3.906010156144822942e-01
-3.927121213199451510e-01
-3.948280256984610381e-01
-3.969487287500299000e-01
-3.990742304746517366e-01
-4.012045308723265480e-01
-4.033396299430543341e-01
-4.054795276868350951e-01
-4.076242241036688863e-01
-4.097721728801630992e-01
-4.119218277029252362e-01
-4.140731885719552974e-01
-4.162262554872532827e-01
-4.183810284488191922e-01
-4.205375074566529703e-01
-4.226956925107546725e-01
-4.248555836111242989e-01
-4.270171807577618495e-01
-4.291804839506673241e-01
-4.224578623249953813e-01
-4.237927614468028348e-01
-4.250981872034242937e-01
-4.262574185189715870e-01
-4.272904040978791618e-01
-4.282135171253098616e-01
-4.290397878579358393e-01
-4.297104645715607574e-01
-4.297166019316246421e-01
-4.297226451218449927e-01
-4.297285894228697334e-01
-4.297344432806957104e-01
-4.297402142043126316e-01
-4.297459078689420675e-01
-4.297515315281686399e-01
-4.297570841245955675e-01
-4.297625764374698454e-01
-4.297680102524272794e-01
-4.297733894857364012e-01
-4.297787164371427160e-01
-4.297839973704626892e-01
-4.297892331490983930e-01
-4.297944299333669171e-01
-4.297995898665740722e-01
-4.298047140899826646e-01
-4.298098042360934956e-01
-4.298148617361607915e-01
-4.298198879069141665e-01
-4.298248839592949677e-01
-4.298298452656388324e-01
-4.298347753391776327e-01
-4.298396740081958378e-01
-4.298445421531862931e-01
-4.298493832708649709e-01
-4.298541902666987435e-01
-4.298589703229600545e-01
-4.298637249696027895e-01
-4.298684523817768444e-01
-4.298731549944062591e-01
-4.298778339685246364e-01
-4.298824898615443701e-01
-4.298871180022833527e-01
-4.298917227597387480e-01
-4.298963057629729967e-01
-4.299008675324816897e-01
-4.299054085670075409e-01
-4.299099293460257321e-01
-4.299144289969251131e-01
-4.299189092528357126e-01
-4.299233705394450711e-01
-4.299278132556910714e-01
-4.299322377805501194e-01
-4.299366444807961596e-01
-4.299410337193247944e-01
-4.299454058581012594e-01
-4.299497612528958568e-01
-4.299541002501504061e-01
-4.299584231852429661e-01
-4.299627303816496715e-01
-4.299670221506871615e-01
-4.299712987916286533e-01
-4.299755605920591583e-01
-4.299798078375621779e-01
-4.299840408202572628e-01
-4.299882598394910160e-01
-4.299924651963004107e-01
-4.299966571900363799e-01
-4.300008361163888404e-01
-4.300050022663078342e-01
-4.300091559254947682e-01
-4.300132973742559206e-01
-4.300174268875823769e-01
-4.300215447482311770e-01
-4.300256512546988819e-01
-4.300297467181194988e-01
-4.300338320915351176e-01
-4.300379076694907376e-01
-4.300419731368174681e-01
-4.300460288066960679e-01
-4.300500749978260484e-01
-4.300541120270423012e-01
-4.300581409140865063e-01
-4.300621619508134819e-01
-4.300661747731802653e-01
-4.300701797412294636e-01
-4.300741780252703150e-01
-4.300781730538408842e-01
-4.300821610643241755e-01
-4.300861444855696991e-01
-4.300901217873228100e-01
-4.300940935174271118e-01
-4.300980619950018902e-01
-4.301020290380093147e-01
-4.301059905792912752e-01
-4.301099495870542300e-01
-4.301139065116552640e-01
-4.301178585741494698e-01
-4.301218091996711346e-01
-4.301257583261135498e-01
-4.301297067733752533e-01
-4.301336539099338552e-01
-4.301375957622430302e-01
-4.301415323768956189e-01
-4.301454644913550451e-01
-4.301493927017712160e-01
-4.301533175515986906e-01
-4.301572418137773468e-01
-4.301611663032802735e-01
-4.301650939633243631e-01
-4.301690253257750007e-01
-4.301729609784265551e-01
-4.301769012640633272e-01
-4.301808472773147041e-01
-4.301847998747867496e-01
-4.301887581586038567e-01
-4.301927235354571222e-01
-4.301966947849774070e-01
-4.302006723623725826e-01
-4.302046610438586272e-01
-4.302086580074128697e-01
-4.302126628408639575e-01
-4.302166766924622743e-01
-4.302207000042266860e-01
-4.302247324278729024e-01
-4.302287743093365924e-01
-4.302328259770410446e-01
-4.302368883924853060e-01
-4.302409618868193730e-01
-4.302450461048849539e-01
-4.302491413054509994e-01
-4.302532477384607423e-01
-4.302573656426141868e-01
-4.302614952573123874e-01
-4.302656368117452335e-01
-4.302697905146841140e-01
-4.302739531029644571e-01
-4.302781139919374387e-01
-4.302822903869970572e-01
-4.302864818526371815e-01
-4.302906934560148389e-01
-4.302949294708466876e-01
-4.302991898659902503e-01
-4.303034746122371135e-01
-4.303077836713303794e-01
-4.303121200519953171e-01
-4.303164806686846644e-01
-4.303208655195897570e-01
-4.303252745789080680e-01
-4.303297078188141334e-01
-4.303341652083884639e-01
-4.303386467129035053e-01
-4.303431522933944264e-01
-4.303476818962930772e-01
-4.303522354488674706e-01
-4.303568128798838655e-01
-4.303614141173823793e-01
-4.303660390873524366e-01
-4.303706877129346853e-01
-4.303753599140082153e-01
-4.303800556070583316e-01
-4.303847747052448880e-01
-4.303895171186162827e-01
-4.303942827387874925e-01
-4.303990714372962212e-01
-4.304038830908127333e-01
-4.304087149067928331e-01
-4.304135695068364020e-01
-4.304184467413736392e-01
-4.304233464930637965e-01
-4.304282686446248563e-01
-4.304332130788592337e-01
-4.304381769469525776e-01
-4.304431629665567693e-01
-4.304481708944678520e-01
-4.304532005798910599e-01
-4.304582518792889889e-01
-4.304633246544680159e-01
-4.304684187714213905e-01
-4.304735340996792003e-01
-4.304786705119963419e-01
-4.304838278842574306e-01
-4.304890060955264830e-01
-4.304942049982087293e-01
-4.304994244189163100e-01
-4.305046641975585064e-01
-4.305099241840112390e-01
-4.305152042362288545e-01
-4.305205042191215803e-01
-4.305258240039306350e-01
-4.305311634679232502e-01
