-6.156433450840228527e-01
-6.052248249638393363e-01
-5.951066003412334160e-01
-5.854516016916332388e-01
-5.763520747211121620e-01
-5.678190708487066418e-01
-5.598450917831364615e-01
-5.523978327926002407e-01
-5.454328440531750477e-01
-5.389002446599426843e-01
-5.370438178063792201e-01
-5.343838433754999340e-01
-5.312626422891764122e-01
-5.278961384595244333e-01
-5.244072210982300142e-01
-5.208754655849556769e-01
-5.173453399542586872e-01
-5.138312325520273394e-01
-5.103422680599385419e-01
-5.068798182814182596e-01
-5.087580726041613932e-01
-5.091841268309063029e-01
-5.086630216277794325e-01
-5.075255053945353367e-01
-5.059789824778380130e-01
-5.041642991126291662e-01
-5.021734470886538571e-01
-5.000637672517371790e-01
-4.978729022024774853e-01
-4.956256721256937503e-01
-4.999785191771533022e-01
-5.024316698967297157e-01
-5.036490777640878491e-01
-5.040642382227014107e-01
-5.039599191497194930e-01
-5.035209035743333228e-01
-5.028682313257124559e-01
-5.020814379109224124e-01
-5.012130007796748998e-01
-5.002977247612110379e-01
-5.074310945980462506e-01
-5.122395378260042875e-01
-5.155425624207425894e-01
-5.178728200306931262e-01
-5.195757207692490720e-01
-5.208752323235539272e-01
-5.219165141031849586e-01
-5.227935541335713143e-01
-5.235670900499289626e-01
-5.242762336629096520e-01
-5.343413682021261879e-01
-5.416355155547565303e-01
-5.471232951852859072e-01
-5.514289545889208277e-01
-5.549552860769687568e-01
-5.579619880458039916e-01
-5.606163010436406857e-01
-5.630257381266476902e-01
-5.652592445568602741e-01
-5.673608785224975026e-01
-5.797509141251375731e-01
-5.889563915509037351e-01
-5.960620274728487544e-01
-6.017681456242087723e-01
-6.065258392476658988e-01
-6.106257649136632715e-01
-6.142553355338777887e-01
-6.175355633385324339e-01
-6.205447919619929698e-01
-6.233339801057802276e-01
-6.368231040023640821e-01
-6.468375844238634098e-01
-6.545385177787256259e-01
-6.606746098308764470e-01
-6.657280943006276264e-01
-6.700102535754802746e-01
-6.737227291007414909e-01
-6.769968588028902889e-01
-6.799188479506239613e-01
-6.825461057055576264e-01
-6.956755834891162893e-01
-7.052389072779039481e-01
-7.124121274925605540e-01
-7.179534715623102636e-01
-7.223445035101423439e-01
-7.259135431534851080e-01
-7.288553639490152891e-01
-7.313051706280908615e-01
-7.333537606525479813e-01
-7.350623735096550870e-01
-7.464125216312997857e-01
-7.543419702407152538e-01
-7.599679726897170529e-01
-7.640080443021415313e-01
-7.669235221380292788e-01
-7.690126785227731077e-01
-7.704699821258823578e-01
-7.714246381185863033e-01
-7.719566931951892252e-01
-7.721397758458335980e-01
-7.709185714637327713e-01
-7.697858715643853822e-01
-7.686336480937558946e-01
-7.673971829217077767e-01
-7.660393449603218885e-01
-7.645408860355205061e-01
-7.628875166527520069e-01
-7.610917390067555299e-01
-7.591435825889811806e-01
-7.570496364349561524e-01
-7.462971253870416266e-01
-7.383565916388011852e-01
-7.322067744892630792e-01
-7.271857238451768790e-01
-7.228915091541172622e-01
-7.193242612427044325e-01
-7.158282216000895204e-01
-7.125240360600322287e-01
-7.094069109200029644e-01
-7.064380667353276078e-01
-6.979801442211663876e-01
-6.917201890919560947e-01
-6.868901915096263799e-01
-6.830184270902357468e-01
-6.798152599199744905e-01
-6.771030193269877984e-01
-6.747725715267094415e-01
-6.727567764969122344e-01
-6.710142502509794937e-01
-6.695194644944044704e-01
-6.662722801840577080e-01
-6.642543213280376335e-01
-6.630810460530967010e-01
-6.625045229557113835e-01
-6.624308066037619680e-01
-6.627569556635923842e-01
-6.634500778154603928e-01
-6.644841434042276784e-01
-6.658452070216224206e-01
-6.675254163166759458e-01
-6.717304589606222232e-01
-6.760025501733213371e-01
-6.803917573830329246e-01
-6.849660465368605511e-01
-6.897441198000888729e-01
-6.948259723213199290e-01
-7.001992688482968630e-01
-7.059100907937581049e-01
-7.119733364917811835e-01
-7.184026621644231669e-01
-7.319669349052253526e-01
-7.443458303523466935e-01
-7.560576670841838709e-01
-7.674629572663860255e-01
-7.788095066283481360e-01
-7.902662336067851623e-01
-8.019473620121263524e-01
-8.139295572123850242e-01
-8.262639576536984221e-01
-8.389834134334760440e-01
-8.633423189994278157e-01
-8.853403570898628061e-01
-9.059257251802266264e-01
-9.257352354584089671e-01
-9.451985567067450189e-01
-9.645728107564336407e-01
-9.840846316259910243e-01
-1.003784509766898925e+00
-1.023804152950510638e+00
-1.044170805443749739e+00
-1.079796751467469118e+00
-1.112195290558082306e+00
-1.142662153660729096e+00
-1.171926562925550197e+00
-1.200591887751995213e+00
-1.228973348900886720e+00
-1.257289797362072026e+00
-1.285677203309931960e+00
-1.314250990477343617e+00
-1.342960149448447993e+00
-1.388530235654900746e+00
-1.430730026283978162e+00
-1.470792158275563200e+00
-1.509517854317216301e+00
-1.547419429092738330e+00
-1.584817835008639930e+00
-1.413278357356372528e+00
-1.424295911508305146e+00
-1.436196489086122074e+00
-1.448289748171923685e+00
-1.460393702397794424e+00
-1.472243536979129797e+00
-1.483691370596019077e+00
-1.494635167626154004e+00
-1.505119321410415933e+00
-1.514802012063184433e+00
-1.523947788631135225e+00
-1.525192135289155981e+00
-1.527124413109069323e+00
-1.529272154531845729e+00
-1.531333785351591148e+00
-1.532977747161857751e+00
-1.534195360235316219e+00
-1.534865434045047605e+00
-1.534930652200716894e+00
-1.534352715748800389e+00
-1.533105766537637971e+00
-1.524373028755012571e+00
-1.516320900779398961e+00
-1.508379572642497779e+00
-1.500350644924297150e+00
-1.492034735462887340e+00
-1.483323974883060448e+00
-1.474155081446476778e+00
-1.464493455845986336e+00
-1.454323166118878241e+00
-1.443640657537209382e+00
-1.426405087388872950e+00
-1.409891266395686626e+00
-1.393710199032689001e+00
-1.377629482217504808e+00
-1.361515456279988712e+00
-1.345296451037176544e+00
-1.328939771441612905e+00
-1.312437263436615265e+00
-1.295796235618535075e+00
-1.279033722800144268e+00
-1.257180434752905196e+00
-1.236290291206883385e+00
-1.216056793213545983e+00
-1.196302572061638703e+00
-1.176930231015589134e+00
-1.157891304623124284e+00
-1.139166957304703853e+00
-1.120755972351256791e+00
-1.102667268252476296e+00
-1.084915229367955369e+00
-1.063770438711108213e+00
-1.043787576049564514e+00
-1.024732693031928044e+00
-1.006467064526565647e+00
-9.889096108730445200e-01
-9.720134693367336043e-01
-9.557516592581997150e-01
-9.401083418882507647e-01
-9.250735206511138120e-01
-9.106398563345137198e-01
-8.943328281770922539e-01
-8.791280239135970120e-01
-8.648522522640559318e-01
-8.513970516314658399e-01
-8.387046205033484858e-01
-8.267192734413919553e-01
-8.154040314299236814e-01
-8.047285555516420219e-01
-7.946660744527076492e-01
-7.851988125384699035e-01
-7.749636517380280587e-01
-7.655194882338953732e-01
-7.567373866111039016e-01
-7.485838426901133547e-01
-7.410075384803374021e-01
-7.339505632783138722e-01
-7.274142101559819551e-01
-7.213179666953215552e-01
-7.156801755650075147e-01
-7.104675169032192983e-01
-7.052148100595641012e-01
-7.003166287215143448e-01
-6.957725372100770356e-01
-6.915640956415025631e-01
-6.876805941368199226e-01
-6.840774357514363135e-01
-6.807454347938952655e-01
-6.776898074544064343e-01
-6.748804045083280911e-01
-6.723079933855182766e-01
-6.701232947291567710e-01
-6.679253385920609354e-01
-6.658349537916353755e-01
-6.638254065606417065e-01
-6.619242593402994146e-01
-6.601367752545539425e-01
-6.584622632092771433e-01
-6.568964436511967042e-01
-6.554329878543802002e-01
-6.540645397206457101e-01
-6.532360710608769994e-01
-6.522503684505973620e-01
-6.511141571418215257e-01
-6.499676795703432930e-01
-6.487411967611362851e-01
-6.475647944945570611e-01
-6.463874105149298721e-01
-6.452361775795769638e-01
-6.441385150401108817e-01
-6.430006810510201509e-01
-6.416454294385190993e-01
-6.403371094328094149e-01
-6.390947441006828988e-01
-6.378947367561488280e-01
-6.367287815171791543e-01
-6.355912643566841158e-01
-6.344784425620331181e-01
-6.334112501593225364e-01
-6.323188244989730311e-01
-6.312685768622939841e-01
-6.296398296968246378e-01
-6.283140216383736876e-01
-6.272366439678161987e-01
-6.263221480884387793e-01
-6.255291267742633110e-01
-6.248325578168359984e-01
-6.242174962738796795e-01
-6.236751798716483330e-01
-6.232006400690710546e-01
-6.227912443002577847e-01
-6.225469519154321896e-01
-6.225010388133944694e-01
-6.226038545242673639e-01
-6.228285687491363909e-01
-6.231612190016087016e-01
-6.235949268763567588e-01
-6.241266087357638659e-01
-6.247551474222199364e-01
-6.254804072096568079e-01
-6.263027260935127849e-01
-6.283820320287020200e-01
-6.304035533035612371e-01
-6.324160389416556560e-01
-6.344573381775882037e-01
-6.365557601976123969e-01
-6.387319451318923536e-01
-6.410006417944561496e-01
-6.433722280771976276e-01
-6.458539349100143045e-01
-6.484507938274666206e-01
-6.536556688490752220e-01
-6.584552244795435216e-01
-6.630260675400735382e-01
-6.674893995765188714e-01
-6.719276940410571219e-01
-6.763967616531324500e-01
-6.809341835746264282e-01
-6.855651722080133847e-01
-6.903066231410417419e-01
-6.951699037018980176e-01
-7.041687952860332667e-01
-7.123584123452370021e-01
-7.200615174913296279e-01
-7.274940388496232702e-01
-7.347997227199918324e-01
-7.420740380746211340e-01
-7.493802731022396468e-01
-7.567603525852946156e-01
-7.642420935513719593e-01
-7.718570741118653267e-01
-7.851852246935193680e-01
-7.972954343735253468e-01
-8.086511189850213999e-01
-8.195556530687390095e-01
-8.302513648160139148e-01
-8.408234070088589363e-01
-8.513847231938531657e-01
-8.619932224204027715e-01
-8.726869944436506099e-01
-8.834912302522602845e-01
-9.015864082128585144e-01
-9.180568762862516552e-01
-9.335507546983800031e-01
-9.484085532359219917e-01
-9.629633573298242988e-01
-9.772480583136707866e-01
-9.915349226940185501e-01
-1.005815903826549507e+00
-1.020190183572074805e+00
-1.034567694124324699e+00
-1.057607063725083840e+00
-1.078741076261901188e+00
-1.098631594080512475e+00
-1.117805410473273087e+00
-1.136504279877589951e+00
-1.154950914730581868e+00
-1.173268940232107704e+00
-1.191537574627938412e+00
-1.209807120669562197e+00
-1.228109090787962820e+00
-1.255898789999081444e+00
-1.281611278590062408e+00
-1.305990910205192534e+00
-1.329518983491878137e+00
-1.352505069584120090e+00
-1.375147214752141078e+00
-1.397571063381648049e+00
-1.419855271806017560e+00
-1.442052254252072174e+00
-1.464223940337121554e+00
-1.495928579225509925e+00
-1.525655867064462434e+00
-1.554001320405479447e+00
-1.583593933187292579e+00
-1.609437277490495699e+00
-1.637155825071662463e+00
-1.663859236097553929e+00
-1.509653644659783911e+00
-1.525462905825946791e+00
-1.540548437420944827e+00
-1.554737613965761156e+00
-1.567923144192022722e+00
-1.580038641136456867e+00
-1.591043258236912283e+00
-1.600975567167910452e+00
-1.600477499890185396e+00
-1.600815209349398138e+00
-1.601214490011041436e+00
-1.601279768465078135e+00
-1.600761790625185421e+00
-1.599507723257120650e+00
-1.597426115154711557e+00
-1.594464674599729515e+00
-1.590596310546998238e+00
-1.585810381394554325e+00
-1.571842738685428564e+00
-1.558700262799453728e+00
-1.545815736243192129e+00
-1.532844201640644055e+00
-1.519581583357201948e+00
-1.505912782909017533e+00
-1.491779056163065054e+00
-1.477157496191772390e+00
-1.462048112166293823e+00
-1.446465671046625934e+00
-1.423281824641144278e+00
-1.401243192194222331e+00
-1.379870796437721925e+00
-1.358882105928829409e+00
-1.338117728339198953e+00
-1.317533387600446471e+00
-1.296946762467394709e+00
-1.276594559048541688e+00
-1.256222284425380309e+00
-1.236072973450860424e+00
-1.210278359918711466e+00
-1.185998920972270554e+00
-1.162834821891248982e+00
-1.140548394078293892e+00
-1.119001959727371043e+00
-1.098118609494798337e+00
-1.077857858903733534e+00
-1.058200559762560999e+00
-1.039139568566479710e+00
-1.020673996959811092e+00
-9.985513728874185757e-01
-9.780520494583605506e-01
-9.588475480865649159e-01
-9.407329908545997155e-01
-9.235788837361648129e-01
-9.073010244299216653e-01
-8.918420881715368731e-01
-8.771604113784969847e-01
-8.632234709719451837e-01
-8.500011443041205483e-01
-8.347181811909152316e-01
-8.208025514675362233e-01
-8.079810849421114050e-01
-7.961027112758363167e-01
-7.850590167368225458e-01
-7.747721336624856514e-01
-7.651828411914339823e-01
-7.562404753956689651e-01
-7.479026956155432337e-01
-7.401449073134070966e-01
-7.315157787147456014e-01
-7.237302788095542061e-01
-7.166486078070215537e-01
-7.101752687984128620e-01
-7.042390450799544954e-01
-6.987967303278743714e-01
-6.937941462681651572e-01
-6.892008403610700995e-01
-6.849831804605539531e-01
-6.811116381403580222e-01
-6.772218456297680600e-01
-6.736724460868543929e-01
-6.704264626837432850e-01
-6.674593628382001764e-01
-6.647466687255149109e-01
-6.622712739057781128e-01
-6.600079443493478415e-01
-6.579462823542280292e-01
-6.560672356421115570e-01
-6.543547043568710420e-01
-6.531958952751032443e-01
-6.519986980584032699e-01
-6.508191538744205751e-01
-6.496587186997905272e-01
-6.485847434011698942e-01
-6.475523152711334385e-01
-6.465989129658028522e-01
-6.456997133088887564e-01
-6.448705426634031568e-01
-6.440969103617514291e-01
-6.441810465416368814e-01
-6.439986995273567771e-01
-6.436534649733050006e-01
-6.432114960742476573e-01
-6.427193586207052833e-01
-6.421880597015723335e-01
-6.416516549927560042e-01
-6.411033230234932656e-01
-6.405551154368165356e-01
-6.400086922288359403e-01
-6.392739572750458787e-01
-6.386000500267554614e-01
-6.379665193649504129e-01
-6.373598802019788678e-01
-6.367712809725560863e-01
-6.361949550528366304e-01
-6.356272107178672082e-01
-6.350657710764644470e-01
-6.345093411853157672e-01
-6.339573225406452961e-01
-6.323302291154653254e-01
-6.311709539985719264e-01
-6.303059167696776210e-01
-6.296417132324014787e-01
-6.291180792576455127e-01
-6.286798963251578609e-01
-6.283136321923538103e-01
-6.280027248013804186e-01
-6.277382750460354099e-01
-6.275151740673662326e-01
-6.267819392328445316e-01
-6.264126659999783575e-01
-6.262847771015217502e-01
-6.263239316710352833e-01
-6.264854398013417480e-01
-6.267426845534108670e-01
-6.270800165724818021e-01
-6.274884160530953547e-01
-6.279628582787664115e-01
-6.285007229970481779e-01
-6.293795388407300573e-01
-6.304166591067210668e-01
-6.315666890550544199e-01
-6.328064574754542759e-01
-6.341249787111773450e-01
-6.355177452338908184e-01
-6.369835412272593089e-01
-6.385227139754723336e-01
-6.401362728482753450e-01
-6.418254476890352667e-01
-6.449330490067635147e-01
-6.479110331616786400e-01
-6.508187898338045896e-01
-6.537016614967042782e-01
-6.565932571736938783e-01
-6.595180321850179217e-01
-6.624935323013799726e-01
-6.655320748663490216e-01
-6.686447116149702996e-01
-6.718327565956102587e-01
-6.776753170962022121e-01
-6.830366559533129767e-01
-6.881122505887755647e-01
-6.930239006595571016e-01
-6.978562714255246435e-01
-7.026666270487931243e-01
-7.074935962453642313e-01
-7.123631451993543973e-01
-7.172926859054442605e-01
-7.222938902882389822e-01
-7.314086516076170330e-01
-7.393965637710302463e-01
-7.470014030369804825e-01
-7.543749183397329139e-01
-7.608166352503691332e-01
-7.675731416384550254e-01
-7.744786332374917759e-01
-7.815145899821501763e-01
-7.886653985872260630e-01
-7.959205309582449983e-01
-8.085744028659216376e-01
-8.200089045046723424e-01
-8.306644341329519898e-01
-8.408316344266035802e-01
-8.507013568879455701e-01
-8.603906609675993078e-01
-8.700070191448209256e-01
-8.795828775011687028e-01
-8.891359912045300185e-01
-8.987184891856250246e-01
-9.147875980825836972e-01
-9.293192282592900311e-01
-9.428578240008922418e-01
-9.557594245815004275e-01
-9.682556332775738017e-01
-9.804965215202505746e-01
-9.925787898297376843e-01
-1.004564239623297661e+00
-1.016491880856813523e+00
-1.028373966429481534e+00
-1.047447890100543066e+00
-1.064818287545942876e+00
-1.081110616203937225e+00
-1.096684919263931413e+00
-1.111780166910680157e+00
-1.126549877708054481e+00
-1.141077752844612991e+00
-1.155490534208942321e+00
-1.169699763069042664e+00
-1.183847157004025430e+00
-1.205205431525901982e+00
-1.224980893839099583e+00
-1.243691637350349266e+00
-1.261670295664355290e+00
-1.279128752956486537e+00
-1.296195933417992663e+00
-1.255322822338855282e+00
-1.263704491861674661e+00
-1.272517877953603493e+00
-1.281300010110014709e+00
-1.289756166754134625e+00
-1.297702337600255884e+00
-1.305009801415838222e+00
-1.311643154914437392e+00
-1.317453057259520000e+00
-1.322490982622173572e+00
-1.317432790437032430e+00
-1.313563772509778405e+00
-1.310199007303228358e+00
-1.306909057814519048e+00
-1.303424057860564256e+00
-1.299619549317640121e+00
-1.295296317060865121e+00
-1.290483132758966089e+00
-1.285128623666413228e+00
-1.279219690342359605e+00
-1.264482247374314028e+00
-1.251070258949423586e+00
-1.238398424405856790e+00
-1.226024730355101289e+00
-1.213774031790971986e+00
-1.201507906975174400e+00
-1.189154265230829788e+00
-1.176677691831218286e+00
-1.164065939049913512e+00
-1.151321196617574039e+00
-1.131637917328659260e+00
-1.113481276551304244e+00
-1.096334362051927247e+00
-1.079884980793595295e+00
-1.063948290140143804e+00
-1.048415216245142556e+00
-1.033236969995341425e+00
-1.018372374622657173e+00
-1.003814524216025017e+00
-9.895614679737251285e-01
-9.705918999403313485e-01
-9.532091902800966521e-01
-9.370036844866198589e-01
-9.217244760607297138e-01
-9.072179184186039969e-01
-8.933920735367518740e-01
-8.801774312711906356e-01
-8.675468665932685175e-01
-8.554690847914495633e-01
-8.439242694003100675e-01
-8.297780511344282628e-01
-8.169638091198098140e-01
-8.051941775152303693e-01
-7.942876796178834908e-01
-7.841266623920969403e-01
-7.746315266413152933e-01
-7.657452620960061296e-01
-7.574242216985112020e-01
-7.496369812077735562e-01
-7.423386861611155352e-01
-7.341837545718105096e-01
-7.268082598595142496e-01
-7.201149752901877532e-01
-7.139890332747420576e-01
-7.083640537458131270e-01
-7.031909507485565314e-01
-6.984306880888011548e-01
-6.940546154093797382e-01
-6.900336828794255695e-01
-6.863156942355818080e-01
-6.829848134364988610e-01
-6.798910067678269886e-01
-6.770224692388459031e-01
-6.743243837890910974e-01
-6.718813604053341937e-01
-6.696333962429273923e-01
-6.675709620306746750e-01
-6.656810350095359041e-01
-6.639373348042081346e-01
-6.623619986293959316e-01
-6.619603957260271621e-01
-6.613018352465283023e-01
-6.605256678130549952e-01
-6.596868821045207554e-01
-6.588267982267674849e-01
-6.580090779671752266e-01
-6.571311280143922184e-01
-6.563434355164026179e-01
-6.555154477438687177e-01
-6.547376387817633869e-01
-6.554629932042650431e-01
-6.556858861422173446e-01
-6.555512147896928044e-01
-6.552006009209858650e-01
-6.546961802249584572e-01
-6.540829010323329085e-01
-6.534112414809527536e-01
-6.526526864607595790e-01
-6.518229183895729584e-01
-6.509658460340059793e-01
-6.497297926519289835e-01
-6.485517128149715926e-01
-6.474013688199768968e-01
-6.462596072178052875e-01
-6.451145430126028479e-01
-6.439590380039830197e-01
-6.427890743115198813e-01
-6.416176232152269732e-01
-6.403992258343200739e-01
-6.392083174832127179e-01
-6.364691427933941714e-01
-6.343715738905975066e-01
-6.326706212590211820e-01
-6.312322985922770302e-01
-6.299745572618141720e-01
-6.288475355429611335e-01
-6.278212360779076295e-01
-6.268778897572665487e-01
-6.260072457583322203e-01
-6.252036806574780003e-01
-6.241817354212277902e-01
-6.235777813902916300e-01
-6.231750241428699599e-01
-6.229632549940689046e-01
-6.229126446381587634e-01
-6.229981619933844250e-01
-6.232371881305778238e-01
-6.235398902759214934e-01
-6.239921899119689197e-01
-6.245632799349243314e-01
-6.266955895605040849e-01
-6.287652188905040740e-01
-6.308239698511395321e-01
-6.329166164652134663e-01
-6.350790522456725151e-01
-6.373388108388956530e-01
-6.397163775754043380e-01
-6.422266773157482289e-01
-6.448756129849912977e-01
-6.476863684858885639e-01
-6.542345986793705048e-01
-6.601481040854095816e-01
-6.656737485853455594e-01
-6.710561227566322895e-01
-6.763505450481082093e-01
-6.816709476428998160e-01
-6.870752178837274959e-01
-6.926022760604388928e-01
-6.982782373661026165e-01
-7.041206222364042588e-01
-7.161231331799311484e-01
-7.268475962255487310e-01
-7.367939580596533089e-01
-7.462973064285449709e-01
-7.555807740769839853e-01
-7.647923312897297876e-01
-7.740296484911162178e-01
-7.833568599304719937e-01
-7.928158415560017103e-01
-8.024337815509794414e-01
-8.206232816303062894e-01
-8.369042882859220045e-01
-8.519921081286480069e-01
-8.663943913615077541e-01
-8.803971367629590539e-01
-8.942000146475378441e-01
-9.079418126490821361e-01
-9.217138144027428037e-01
-9.355698954193024663e-01
-9.495435535959892981e-01
-9.741424668771609952e-01
-9.963328151460870696e-01
-1.017002194529837311e+00
-1.036729705344890284e+00
-1.055890567604375496e+00
-1.074726346767147067e+00
-1.093383053523055981e+00
-1.111991292233935003e+00
-1.130595680823720972e+00
-1.149162571183983461e+00
-1.179577254197493819e+00
-1.207376162836157008e+00
-1.233484910921570865e+00
-1.258495943136623385e+00
-1.282822226240782904e+00
-1.306689187416916198e+00
-1.330163061618387710e+00
-1.353487612596320666e+00
-1.376556799356606575e+00
