-4.582641638315178567e-01
-4.579252111831286776e-01
-4.477127896502508531e-01
-4.323144957504440056e-01
-4.146786891957564558e-01
-3.964608872946012719e-01
-3.786583117328724546e-01
-3.617946090791432923e-01
-3.461124784936888688e-01
-3.316872235055794427e-01
-3.669538634085873774e-01
-3.866571479386762267e-01
-3.966326211412993796e-01
-4.006016375466650015e-01
-4.008578019293642658e-01
-3.989108704436794550e-01
-3.956765051942292555e-01
-3.916895115178258280e-01
-3.873064149302958281e-01
-3.827406796826409163e-01
-4.305222397194978790e-01
-4.600912769173843841e-01
-4.779725659499511892e-01
-4.883511580787709416e-01
-4.938744097040415060e-01
-4.962700300458240399e-01
-4.966428901376407357e-01
-4.956866799510195598e-01
-4.938491537717906166e-01
-4.914197680083727260e-01
-5.450199076718273972e-01
-5.787076905912147406e-01
-5.995769231573955249e-01
-6.121783323321128290e-01
-6.194283267122353553e-01
-6.231987890375021433e-01
-6.246936883746450064e-01
-6.246896104830710339e-01
-6.236894133064105894e-01
-6.220204153597286290e-01
-6.796931548740858808e-01
-7.162371577425421521e-01
-7.391786568665299484e-01
-7.533468539469045933e-01
-7.618372200199980959e-01
-7.666370161509266090e-01
-7.690247222389456905e-01
-7.698251572194219072e-01
-7.695724772523351298e-01
-7.686143566303980101e-01
-8.293311194626744598e-01
-8.680584325719520322e-01
-8.926196275627404919e-01
-9.080356375468885410e-01
-9.175253849355954339e-01
-9.231557830554644184e-01
-9.262568643180125738e-01
-9.276869724350462754e-01
-9.280022244679635435e-01
-9.275648408625221109e-01
-9.899315804513576511e-01
-1.029820294793010849e+00
-1.055211725721489024e+00
-1.071229930819698195e+00
-1.081161406116552648e+00
-1.087117665453790849e+00
-1.090458491018934328e+00
-1.092062369116988174e+00
-1.092499335718797759e+00
-1.092141488317794007e+00
-1.154453444635829884e+00
-1.194209788932528271e+00
-1.219404380277719913e+00
-1.235171925550589966e+00
-1.244807370710812044e+00
-1.250429008816842380e+00
-1.253402145131650380e+00
-1.254609753091723290e+00
-1.254625012574327458e+00
-1.253822867730779889e+00
-1.314283205610106142e+00
-1.352540444489035210e+00
-1.376454133698701732e+00
-1.391081394333697041e+00
-1.399627481434480458e+00
-1.404257469619085263e+00
-1.406241600931079638e+00
-1.406466380679558537e+00
-1.405504190487374627e+00
-1.403728096950973558e+00
-1.460514407243734381e+00
-1.495891272129297622e+00
-1.517432524096460789e+00
-1.530004882816992762e+00
-1.536732674938902088e+00
-1.539625703630770781e+00
-1.539980431811208472e+00
-1.538642924880541552e+00
-1.536123893748537750e+00
-1.532862973482090219e+00
-1.520905250333185910e+00
-1.511323075517900794e+00
-1.503250047475348294e+00
-1.496133259703098073e+00
-1.489621771011285123e+00
-1.483499233521411220e+00
-1.477594179304472899e+00
-1.471899905494761462e+00
-1.466283605398538858e+00
-1.460733053619961419e+00
-1.384441895975301318e+00
-1.333486279539559227e+00
-1.298951651769176374e+00
-1.274980622118506934e+00
-1.257898586868273272e+00
-1.245657833587809682e+00
-1.235002101463953395e+00
-1.227014204511619244e+00
-1.220564206779966465e+00
-1.215281163165358613e+00
-1.141783676141499226e+00
-1.093720610242688629e+00
-1.062095544907581735e+00
-1.041145154349548463e+00
-1.027169217452766459e+00
-1.017792996865760857e+00
-1.011487514004199451e+00
-1.007265144866792417e+00
-1.004485183497556333e+00
-1.002729607652771415e+00
-9.356237243885909827e-01
-8.930500000901959723e-01
-8.663642271928317928e-01
-8.499260473198626542e-01
-8.403376974722048809e-01
-8.351673529853864686e-01
-8.329979267946223676e-01
-8.328710353148907064e-01
-8.341698304246849549e-01
-8.364919657012889198e-01
-7.777044509914561310e-01
-7.421795578375084412e-01
-7.217026260714159980e-01
-7.110402979146612790e-01
-7.066978549680423827e-01
-7.067233408401097927e-01
-7.095433059411527799e-01
-7.143450919811521471e-01
-7.205366409682020246e-01
-7.277406358352017657e-01
-6.800199220602047845e-01
-6.536777999163856379e-01
-6.411679430414813918e-01
-6.376627723769283662e-01
-6.400759936279729612e-01
-6.464316312079030347e-01
-6.554622040542936734e-01
-6.663527915471536556e-01
-6.785779924026695831e-01
-6.917958057476866207e-01
-6.586055943269314428e-01
-6.441755649500855441e-01
-6.418873303753671600e-01
-6.475165455264404457e-01
-6.583776408106959410e-01
-6.727078806918402876e-01
-6.894787433193640958e-01
-7.078667041501676138e-01
-7.275050363900330552e-01
-7.480726447331214057e-01
-7.335578979503007968e-01
-7.341830678727232495e-01
-7.446758810471112433e-01
-7.614960633521861144e-01
-7.825653320725292073e-01
-8.064596497688829579e-01
-8.322786861974713624e-01
-8.594408194709655113e-01
-8.876105895941024393e-01
-9.164133731324322074e-01
-9.241853226075650296e-01
-9.424870902815914997e-01
-9.675459618279322882e-01
-9.969615579879789191e-01
-1.029193305814920523e+00
-1.063248401961744083e+00
-1.198585845757103474e+00
-1.230387807721108118e+00
-1.254899961106350492e+00
-1.274391164510769059e+00
-1.290606898849089745e+00
-1.304400883268313160e+00
-1.316392898926576738e+00
-1.326957633606971942e+00
-1.336461739215581535e+00
-1.344787333798950879e+00
-1.352344659654049153e+00
-1.374517762231247886e+00
-1.389364217217504471e+00
-1.399323950261229133e+00
-1.405946888751502755e+00
-1.410072578745723115e+00
-1.412517215569908835e+00
-1.413582717956007873e+00
-1.413526163564680527e+00
-1.412512872168873113e+00
-1.410649700471193757e+00
-1.424692621218180300e+00
-1.431189405366235068e+00
-1.432582958176651378e+00
-1.430643036928622269e+00
-1.426325957972675029e+00
-1.420302589001678939e+00
-1.413006995367827257e+00
-1.404722649073855578e+00
-1.395637418094004989e+00
-1.385878580586084485e+00
-1.393924015169519803e+00
-1.394168379489659770e+00
-1.389327354490720978e+00
-1.381144718674089500e+00
-1.370742977867500656e+00
-1.358848883060156609e+00
-1.345937007386728279e+00
-1.332321150002638177e+00
-1.318212517374056647e+00
-1.303756747283090212e+00
-1.309323159855814378e+00
-1.306949009105014214e+00
-1.299531117969125571e+00
-1.288930574528116990e+00
-1.276345048034833063e+00
-1.262548643051337516e+00
-1.248044725129425103e+00
-1.233163305408189858e+00
-1.218123103961700870e+00
-1.203071110765919105e+00
-1.210140934705778104e+00
-1.209129515336993643e+00
-1.203081361282377637e+00
-1.193947427920658111e+00
-1.182977251354587311e+00
-1.170972047692993234e+00
-1.158446162701018300e+00
-1.145730092307510661e+00
-1.133036249215270796e+00
-1.120500974169100772e+00
-1.131634587945167247e+00
-1.134466979905600859e+00
-1.132144693037404393e+00
-1.126687816934342612e+00
-1.119312012366656450e+00
-1.110897718116695021e+00
-1.101961994452836047e+00
-1.092832399946609412e+00
-1.083715279386952446e+00
-1.074757097797451211e+00
-1.090258331433399341e+00
-1.097206312683561169e+00
-1.098812494310962506e+00
-1.097056259147732860e+00
-1.093321745018259072e+00
-1.088404783906879558e+00
-1.082863930667786745e+00
-1.077031829257863116e+00
-1.071049007571578171e+00
-1.065117131622025370e+00
-1.083840945164206815e+00
-1.093759682822805113e+00
-1.098165112989345271e+00
-1.099144746910268200e+00
-1.098005208840335145e+00
-1.095620471233315296e+00
-1.092394676740141790e+00
-1.088732082431898007e+00
-1.084876003607851747e+00
-1.080974923059224491e+00
-1.101243306345707218e+00
-1.112767923211619436e+00
-1.118744325451764166e+00
-1.121267475323582286e+00
-1.121597006232097460e+00
-1.120563331354691217e+00
-1.118697339291394366e+00
-1.116338371325120038e+00
-1.113703305019906775e+00
-1.110930695800540491e+00
-1.131390291642282886e+00
-1.143406472338875268e+00
-1.149977535379581139e+00
-1.153113193068097342e+00
-1.153981288030657248e+00
-1.153429791369572133e+00
-1.152105779212157621e+00
-1.150220543700102960e+00
-1.148101912943405578e+00
-1.145745382017935299e+00
-1.139151351391213929e+00
-1.133950788817755795e+00
-1.129596349548506851e+00
-1.125859171956129945e+00
-1.122556770754509881e+00
-1.119570190452654934e+00
-1.116822281469306732e+00
-1.114316037586794650e+00
-1.111907779791650785e+00
-1.109616074911083050e+00
-1.076558648572970789e+00
-1.054809673486809984e+00
-1.040278433101718747e+00
-1.030477530748215020e+00
-1.023769191859998262e+00
-1.019101755829195710e+00
-1.015799096789010036e+00
-1.013425272858914372e+00
-1.011698094570782303e+00
-1.010433921241099320e+00
-9.785355496400084396e-01
-9.581603347962857065e-01
-9.452333098576808368e-01
-9.371422437141088135e-01
-9.322134991546378036e-01
-9.293729241793142748e-01
-9.279294713751008450e-01
-9.274371146025544022e-01
-9.276067174085710354e-01
-9.282497682039132503e-01
-8.989037561314313640e-01
-8.809485184128748037e-01
-8.703479051005483802e-01
-8.645166007348559223e-01
-8.617994772378274604e-01
-8.611351243531074617e-01
-8.618413184302468055e-01
-8.634782244700900389e-01
-8.657611503125194341e-01
-8.685048879060316418e-01
-8.426385442036691265e-01
-8.277663029362196667e-01
-8.199839185842127121e-01
-8.167933790730975696e-01
-8.165973049752488500e-01
-8.183726783154869899e-01
-8.214630018086547247e-01
-8.254458865009405288e-01
-8.300486785906062703e-01
-8.350946811105959267e-01
-8.136292526191510888e-01
-8.025238049230543069e-01
-7.980932641052371768e-01
-7.979829097914900027e-01
-8.006889918470772027e-01
-8.052499196653951641e-01
-8.110497396725043773e-01
-8.176930581483481397e-01
-8.249254209983116759e-01
-8.326083874184619926e-01
-8.164467944455414683e-01
-8.098818748391098943e-01
-8.094386782138858205e-01
-8.129275338588963784e-01
-8.190137655223237445e-01
-8.268403371186950901e-01
-8.358015469871638015e-01
-8.455399589309292585e-01
-8.558261566064466752e-01
-8.665125261062761597e-01
-8.567934587905168264e-01
-8.555184212562466639e-01
-8.597077791707526950e-01
-8.674726183536907165e-01
-8.775905540038075880e-01
-8.890695787773751357e-01
-9.016739201363689338e-01
-9.149790023342798673e-01
-9.288262822988697653e-01
-9.429171631845352231e-01
-9.405822964375394335e-01
-9.454932627699486059e-01
-9.549775667487456765e-01
-9.675397984093827564e-01
-9.820799596533051901e-01
-9.978974833915295051e-01
-1.014568494014459921e+00
-1.031821106552255118e+00
-1.049480046472906603e+00
-1.067431607038948238e+00
-1.073316224997522772e+00
-1.084989856800126606e+00
-1.100364950493426086e+00
-1.118112415372061630e+00
-1.137385037316925418e+00
-1.157641139493370552e+00
-1.178532850572533430e+00
-1.199835298896466007e+00
-1.221405367181606749e+00
-1.243166857408076531e+00
-1.257698373512968315e+00
-1.276415510253787078e+00
-1.297650242100051310e+00
-1.323096862566788712e+00
-1.347104160660037575e+00
-1.372191251957586067e+00
-1.396345317179466194e+00
-1.285060270558336271e+00
-1.298663091537349157e+00
-1.309938272474542309e+00
-1.319438553620987165e+00
-1.327508877069753179e+00
-1.334362554848515403e+00
-1.340129810709873581e+00
-1.344978736887635362e+00
-1.362645319183297676e+00
-1.373390554325464752e+00
-1.379413601130552447e+00
-1.382147757968342994e+00
-1.382501941251913502e+00
-1.381059173198886159e+00
-1.378194876111249467e+00
-1.374152676702447007e+00
-1.369092769092313144e+00
-1.363122770529987537e+00
-1.371586134507454258e+00
-1.372956749093870776e+00
-1.369603154730229866e+00
-1.363049306408534278e+00
-1.354278847680272957e+00
-1.343930924671580485e+00
-1.332425102161557184e+00
-1.320041039004635541e+00
-1.306969292326067400e+00
-1.293343695246527814e+00
-1.296572844171843819e+00
-1.292600624730064096e+00
-1.283993383929274312e+00
-1.272405711308352227e+00
-1.258907544523688582e+00
-1.244219624155966208e+00
-1.228638191783259392e+00
-1.212845729383262849e+00
-1.196563609035581344e+00
-1.180381033225450738e+00
-1.183718348305902612e+00
-1.179691682366577066e+00
-1.171070294600628170e+00
-1.159633886909155365e+00
-1.146526497231383113e+00
-1.132485007054846227e+00
-1.117985148380495897e+00
-1.103334822969549212e+00
-1.088733771356516611e+00
-1.074311749560677542e+00
-1.082007058603658534e+00
-1.081975764829932851e+00
-1.077172179408977026e+00
-1.069487231288941187e+00
-1.060128230132624472e+00
-1.049864763727090144e+00
-1.039185963262473811e+00
-1.028401121141893970e+00
-1.017711332271189262e+00
-1.007224858920281907e+00
-1.020645517241570266e+00
-1.025898730250687674e+00
-1.025931187979377768e+00
-1.022832304730984854e+00
-1.017864895950630455e+00
-1.011831214303104076e+00
-1.005249712725222455e+00
-9.984241667064913672e-01
-9.915437796234043422e-01
-9.848137836160012482e-01
-1.002981602334248601e+00
-1.012435079919527858e+00
-1.016398705739348651e+00
-1.016942113073507681e+00
-1.015369874793044191e+00
-1.012568358503721067e+00
-1.008962068405464763e+00
-1.004941161148875883e+00
-1.000740476059508000e+00
-9.964891183669422059e-01
-1.017673001032890934e+00
-1.029818526566367520e+00
-1.036212349913723019e+00
-1.038978214087490803e+00
-1.039467272112223561e+00
-1.038557901177631804e+00
-1.036772318860019748e+00
-1.034438953541992667e+00
-1.031823046755846685e+00
-1.029062841099590786e+00
-1.051662189123687252e+00
-1.065118538807603876e+00
-1.072787620390207586e+00
-1.076660078789730246e+00
-1.078235057430994681e+00
-1.078357412199793863e+00
-1.077515945698404032e+00
-1.076096322092025659e+00
-1.074271333202126977e+00
-1.072330390545646051e+00
-1.095168071666999587e+00
-1.108952060301296560e+00
-1.116949355438306313e+00
-1.121254552647888536e+00
-1.123242305039806155e+00
-1.123719110892196449e+00
-1.123211030820608913e+00
-1.122190824804052411e+00
-1.120742555592423528e+00
-1.119086859707801640e+00
-1.113273806123586285e+00
-1.108790438914140086e+00
-1.105186459003484334e+00
-1.102172597139166488e+00
-1.099563166341561482e+00
-1.097238793471401408e+00
-1.095122580091457909e+00
-1.093164851032116802e+00
-1.091333393404982699e+00
-1.089607206237587445e+00
-1.055175605551040841e+00
-1.032694741010187656e+00
-1.017883233646945218e+00
-1.008017652891770366e+00
-1.001381664122087400e+00
-9.969285558196632202e-01
-9.937767381659540211e-01
-9.915648873598092994e-01
-9.899931086114648338e-01
-9.888665072634753583e-01
-9.551064133652146237e-01
-9.335386315814929725e-01
-9.198295846745566662e-01
-9.111991711175909670e-01
-9.058664255374382357e-01
-9.026892304079657814e-01
-9.009340729559395244e-01
-9.001289045597378191e-01
-8.999691004836332109e-01
-9.002573481841341652e-01
-8.684194868038759285e-01
-8.486568883890999171e-01
-8.366687742894778346e-01
-8.296981355551761306e-01
-8.259800632722490432e-01
-8.243835792779253824e-01
-8.241829108351231836e-01
-8.249114237292087815e-01
-8.262683337798797378e-01
-8.280591165250812402e-01
-7.989180046938375579e-01
-7.814845294446541857e-01
-7.715789624362670018e-01
-7.665245414411115954e-01
-7.646094462027290817e-01
-7.647379346675171607e-01
-7.662077409631374847e-01
-7.685480141849811986e-01
-7.714994211286855252e-01
-7.748865720388065093e-01
-7.492214192288428887e-01
-7.345770241552278534e-01
-7.271601675367826978e-01
-7.243251801231531672e-01
-7.244506478487185985e-01
-7.265007405046517430e-01
-7.298124655128548355e-01
-7.339608601211355943e-01
-7.386730395584206743e-01
-7.437733864144531193e-01
-7.237152461828031402e-01
-7.124017991572729747e-01
-7.076567168852396783e-01
-7.073018908566741647e-01
-7.091854895153447691e-01
-7.166831261250511398e-01
-7.239497791683215944e-01
-7.311045315939448397e-01
-7.382466956668514158e-01
-7.454331620836752714e-01
-7.276196494910274204e-01
-7.194542991298598089e-01
-7.174892381069217784e-01
-7.195190327009028941e-01
-7.241342759647619864e-01
-7.304102841684249059e-01
-7.378361879886210506e-01
-7.459977341469351542e-01
-7.546122009984110868e-01
-7.635836590095024246e-01
-7.516068064596085341e-01
-7.481107974114588055e-01
-7.500399356880291801e-01
-7.554430048037177325e-01
-7.630751507211774864e-01
-7.721412683915798159e-01
-7.821326868857410020e-01
-7.927232292760457710e-01
-8.037030557744297976e-01
-8.149148591625670068e-01
-8.101980026494859377e-01
-8.122018369342995925e-01
-8.185273854644368186e-01
-8.275915185578908151e-01
-8.383875511724427909e-01
-8.502739304847619639e-01
-8.628182756479070292e-01
-8.758519131240625200e-01
-8.890331687681292117e-01
-9.024009640390029396e-01
-9.053478717846950019e-01
-9.131202540763090347e-01
-9.239198709200349136e-01
-9.365994734629210505e-01
-9.504260599683971300e-01
-9.649236721955344320e-01
-9.008803819550341707e-01
-9.243956285266317074e-01
-9.416855333553906249e-01
-9.547611856679658615e-01
-9.649007327726868422e-01
-9.729193956990194181e-01
-9.793040177192899876e-01
-9.844687663777524911e-01
-9.884051633718771157e-01
-9.915236129522966291e-01
-1.016584717424498630e+00
-1.031730324152730693e+00
-1.040338741130648392e+00
-1.044573175277672350e+00
-1.045793146593560596e+00
-1.044977094804905082e+00
-1.042455806969401877e+00
-1.038913777210146439e+00
-1.034441523630836413e+00
-1.029201447273143888e+00
-1.048855129048020807e+00
-1.058084812821184606e+00
-1.060581169476563002e+00
-1.058540287439022176e+00
-1.053736536252214862e+00
-1.046997187894395775e+00
-1.038954286544142125e+00
-1.030021096124620117e+00
-1.020470039162336251e+00
-1.010483432189758002e+00
-1.029031497378987359e+00
-1.036579018284485176e+00
-1.037121524084980706e+00
-1.033221769743250640e+00
-1.026523387063701165e+00
-1.018077778190381588e+00
-1.008568546356665374e+00
-9.984499244386838557e-01
-9.879945387609531116e-01
-9.773900451249278865e-01
-9.989280065086376670e-01
-1.008771967108223588e+00
-1.011239992665034837e+00
-1.009097401257812887e+00
-1.004112274848338426e+00
-9.974202803693488217e-01
-9.897399141385379018e-01
-9.815200674352790866e-01
-9.730684857873057592e-01
-9.645712269466930611e-01
-9.911766761192628561e-01
-1.005301030375535865e+00
-1.011544036575392491e+00
-1.012848950640244938e+00
-1.011094526987716291e+00
-1.007478988090452443e+00
-1.002765413997123156e+00
-9.974386030778756851e-01
-9.918126626675499713e-01
-9.860727558957493866e-01
-1.017402524440383704e+00
-1.035603755750695409e+00
-1.045315957866054912e+00
-1.049735043127740131e+00
-1.050827118996867426e+00
-1.049846933889817757e+00
-1.047594845879003422e+00
-1.044586562571766741e+00
-1.041136200220622809e+00
-1.037503853350273175e+00
-1.071843163309458058e+00
-1.092488788581852832e+00
-1.104411098795019530e+00
-1.110709148919713840e+00
-1.113530031658249930e+00
-1.114105792015438468e+00
-1.113271396094643206e+00
-1.111557314077238789e+00
-1.109286018796614259e+00
-1.106693025167013733e+00
-1.142160084907995810e+00
-1.163772301013022759e+00
-1.176505428214645654e+00
-1.183579965496661668e+00
-1.187034964523387970e+00
-1.188220835446125223e+00
-1.187945381166931824e+00
-1.186683250896731101e+00
-1.184854798091689032e+00
-1.182557760028711380e+00
-1.217398219069759424e+00
-1.238563968667639958e+00
-1.251073781551554021e+00
-1.257925788385831245e+00
-1.261192929156105036e+00
-1.262164887000788216e+00
-1.261697843483341908e+00
-1.260264456212225825e+00
-1.258276385410865839e+00
-1.255835294834004134e+00
-1.246832562195498539e+00
-1.239904826369644386e+00
-1.234330143055232698e+00
-1.229645582668372317e+00
-1.225554790089647739e+00
-1.221867986594984190e+00
-1.218463594390823745e+00
-1.215286689683667376e+00
-1.212251608259245828e+00
-1.209307931762014121e+00
-1.157549150164110197e+00
-1.123600257000154867e+00
-1.101193534853055267e+00
-1.086233965914146005e+00
-1.076098423430283724e+00
-1.069105959369152981e+00
-1.064178198807923748e+00
-1.060622269706447796e+00
-1.057992051302317105e+00
-1.055999475461913750e+00
-1.005398778715843378e+00
-9.731683990035626675e-01
-9.525992086622652177e-01
-9.396094221820290304e-01
-9.315481213865388632e-01
-9.267086010913436755e-01
-9.239889809212225025e-01
-9.227574572870445024e-01
-9.223781397819452721e-01
-9.226689527180231831e-01
-8.754265132327115895e-01
-8.462191674103395345e-01
-8.286163658998504378e-01
-8.184986725823936160e-01
-8.132311731129149290e-01
-8.111270410124713504e-01
-8.111051390412435946e-01
-8.124714767804165350e-01
-8.147704421624774040e-01
-8.177291540849610518e-01
-7.754582643643007644e-01
-7.505364129033246234e-01
-7.367733678601828817e-01
-7.301152240154448192e-01
-7.282219511665601885e-01
-7.293577622160174467e-01
-7.324900694985858607e-01
-7.369579108324122441e-01
-7.423371491452103177e-01
-7.483551635472248664e-01
-7.127764353973116140e-01
-6.934189159295323091e-01
-6.844832264882092510e-01
-6.822641721182965968e-01
-6.843978648127333475e-01
-6.893751044437261832e-01
-6.962314678048513450e-01
-7.043499425466687169e-01
-7.133352298977300165e-01
-7.229336819081004784e-01
-6.959769152384062130e-01
-6.836406177948157747e-01
-6.806742318440583972e-01
-6.837550123059560336e-01
-6.908054275383191944e-01
-7.002875482958519360e-01
-7.115714978481910702e-01
-7.239803703672582635e-01
-7.371615261295573207e-01
-7.508888354253169251e-01
-7.346425320259164504e-01
-7.308612119333464108e-01
-7.350629971709359278e-01
-7.443906663709793925e-01
-7.570238190202132067e-01
-7.718009503859595277e-01
-7.879645918979323316e-01
-8.050459727852088410e-01
-8.228275253487964402e-01
-8.408880831752385543e-01
-8.373744088128405316e-01
-8.435111737425955436e-01
-8.557851836985521654e-01
-8.719449551545483956e-01
-8.905467476787833903e-01
-9.108268174584727150e-01
-9.319305700734790143e-01
-9.537598244108166368e-01
-9.758238401214579527e-01
